584.0 260.0 
442.0 281.0 
1825.0 203.0 
1539.0 210.0 
808.0 248.0 
1166.0 227.0 
1658.0 209.0 
1425.0 218.0 
442.0 281.0 
444.0 273.0 
415.0 327.0 
585.0 257.0 
1425.0 218.0 
2036.0 194.0 
550.0 269.0 
420.0 282.0 
1425.0 218.0 
1296.0 224.0 
1060.0 228.0 
1828.0 208.0 
1607.0 217.0 
924.0 250.0 
924.0 250.0 
959.0 248.0 
840.0 252.0 
1713.0 211.0 
537.0 273.0 
526.0 274.0 
450.0 276.0 
593.0 258.0 
2053.0 203.0 
571.0 269.0 
424.0 309.0 
422.0 319.0 
424.0 309.0 
1573.0 221.0 
1604.0 218.0 
1573.0 221.0 
1604.0 218.0 
1552.0 223.0 
1580.0 219.0 
1341.0 227.0 
1532.0 225.0 
1449.0 226.0 
1544.0 224.0 
1449.0 226.0 
1077.0 234.0 
1259.0 230.0 
1269.0 229.0 
1870.0 208.0 
1070.0 250.0 
962.0 251.0 
841.0 257.0 
841.0 257.0 
925.0 253.0 
1866.0 213.0 
1717.0 215.0 
494.0 283.0 
462.0 286.0 
620.0 263.0 
657.0 262.0 
663.0 258.0 
580.0 269.0 
571.0 273.0 
433.0 336.0 
456.0 310.0 
448.0 315.0 
448.0 315.0 
432.0 337.0 
1578.0 221.0 
1578.0 221.0 
1578.0 221.0 
1644.0 218.0 
1592.0 219.0 
1443.0 228.0 
1511.0 227.0 
1143.0 242.0 
1148.0 235.0 
1147.0 236.0 
1078.0 245.0 
1295.0 229.0 
2052.0 210.0 
448.0 323.0 
448.0 323.0 
1880.0 216.0 
1587.0 224.0 
1645.0 219.0 
1085.0 247.0 
1378.0 229.0 
463.0 300.0 
929.0 253.0 
477.0 289.0 
721.0 264.0 
623.0 268.0 
2023.0 213.0 
531.0 284.0 
1244.0 236.0 
1188.0 244.0 
802.0 261.0 
460.0 310.0 
