99.0 40.0 
100.0 39.0 
99.0 40.0 
100.0 39.0 
95.0 41.0 
95.0 41.0 
100.0 39.0 
95.0 41.0 
100.0 39.0 
95.0 41.0 
95.0 41.0 
102.0 38.0 
118.0 37.0 
93.0 42.0 
101.0 39.0 
100.0 40.0 
100.0 40.0 
100.0 40.0 
96.0 41.0 
96.0 41.0 
104.0 38.0 
124.0 37.0 
93.0 45.0 
95.0 42.0 
95.0 42.0 
95.0 42.0 
95.0 42.0 
95.0 42.0 
95.0 42.0 
93.0 45.0 
95.0 42.0 
103.0 39.0 
101.0 40.0 
101.0 40.0 
101.0 40.0 
101.0 40.0 
101.0 40.0 
98.0 41.0 
98.0 41.0 
98.0 41.0 
98.0 41.0 
106.0 38.0 
128.0 37.0 
94.0 45.0 
94.0 45.0 
95.0 44.0 
95.0 44.0 
97.0 42.0 
95.0 44.0 
97.0 42.0 
96.0 43.0 
95.0 44.0 
95.0 44.0 
130.0 37.0 
130.0 37.0 
95.0 45.0 
95.0 45.0 
118.0 38.0 
104.0 39.0 
99.0 41.0 
97.0 43.0 
97.0 43.0 
103.0 40.0 
99.0 41.0 
104.0 39.0 
103.0 40.0 
103.0 40.0 
103.0 40.0 
103.0 40.0 
103.0 40.0 
103.0 40.0 
103.0 40.0 
103.0 40.0 
103.0 40.0 
103.0 40.0 
103.0 40.0 
103.0 40.0 
103.0 40.0 
103.0 40.0 
99.0 41.0 
99.0 41.0 
99.0 41.0 
99.0 41.0 
99.0 41.0 
99.0 41.0 
99.0 41.0 
99.0 41.0 
99.0 41.0 
99.0 41.0 
99.0 41.0 
99.0 41.0 
99.0 41.0 
130.0 37.0 
97.0 43.0 
97.0 43.0 
97.0 43.0 
97.0 43.0 
97.0 43.0 
97.0 43.0 
97.0 43.0 
