99.0 40.0 
95.0 45.0 
120.0 38.0 
114.0 39.0 
98.0 44.0 
98.0 44.0 
105.0 40.0 
105.0 40.0 
105.0 40.0 
99.0 41.0 
105.0 40.0 
105.0 40.0 
105.0 40.0 
95.0 46.0 
95.0 46.0 
124.0 38.0 
124.0 38.0 
124.0 38.0 
124.0 38.0 
117.0 39.0 
98.0 45.0 
99.0 43.0 
99.0 43.0 
100.0 42.0 
100.0 42.0 
100.0 42.0 
107.0 40.0 
105.0 41.0 
107.0 40.0 
96.0 47.0 
96.0 47.0 
118.0 39.0 
99.0 44.0 
100.0 43.0 
100.0 43.0 
101.0 42.0 
107.0 41.0 
107.0 41.0 
108.0 40.0 
107.0 41.0 
97.0 47.0 
119.0 39.0 
99.0 45.0 
99.0 45.0 
99.0 45.0 
99.0 45.0 
99.0 45.0 
99.0 45.0 
99.0 45.0 
99.0 45.0 
99.0 45.0 
99.0 45.0 
99.0 45.0 
99.0 45.0 
99.0 45.0 
100.0 44.0 
103.0 42.0 
103.0 42.0 
103.0 42.0 
101.0 43.0 
101.0 43.0 
101.0 43.0 
109.0 40.0 
108.0 41.0 
98.0 47.0 
97.0 48.0 
98.0 47.0 
97.0 48.0 
128.0 39.0 
97.0 49.0 
132.0 39.0 
132.0 39.0 
111.0 40.0 
99.0 46.0 
102.0 43.0 
104.0 42.0 
109.0 41.0 
100.0 45.0 
99.0 46.0 
100.0 45.0 
104.0 42.0 
102.0 43.0 
111.0 40.0 
109.0 41.0 
99.0 46.0 
99.0 46.0 
99.0 46.0 
102.0 43.0 
111.0 40.0 
111.0 40.0 
109.0 41.0 
109.0 41.0 
109.0 41.0 
109.0 41.0 
109.0 41.0 
109.0 41.0 
109.0 41.0 
109.0 41.0 
109.0 41.0 
109.0 41.0 
