343.0 233.0 
408.0 228.0 
1077.0 167.0 
389.0 232.0 
440.0 222.0 
330.0 245.0 
1750.0 143.0 
925.0 177.0 
330.0 245.0 
301.0 255.0 
1750.0 143.0 
1077.0 167.0 
1750.0 143.0 
1750.0 143.0 
1077.0 167.0 
1890.0 131.0 
1750.0 143.0 
744.0 195.0 
1750.0 143.0 
1760.0 137.0 
811.0 190.0 
1750.0 143.0 
471.0 215.0 
616.0 202.0 
422.0 224.0 
1642.0 147.0 
731.0 197.0 
997.0 168.0 
1624.0 150.0 
485.0 209.0 
649.0 201.0 
878.0 184.0 
888.0 178.0 
1848.0 135.0 
1513.0 153.0 
1120.0 165.0 
1296.0 159.0 
1498.0 154.0 
1363.0 155.0 
389.0 232.0 
1750.0 143.0 
616.0 202.0 
1760.0 137.0 
330.0 245.0 
330.0 245.0 
531.0 206.0 
833.0 189.0 
545.0 204.0 
1088.0 166.0 
1253.0 162.0 
422.0 224.0 
649.0 201.0 
303.0 256.0 
303.0 256.0 
1946.0 131.0 
1946.0 131.0 
1501.0 155.0 
1396.0 157.0 
546.0 204.0 
1642.0 148.0 
1199.0 166.0 
1799.0 138.0 
492.0 217.0 
1759.0 145.0 
1291.0 165.0 
1007.0 174.0 
757.0 197.0 
333.0 246.0 
1080.0 170.0 
939.0 181.0 
460.0 227.0 
512.0 215.0 
1718.0 147.0 
902.0 187.0 
1799.0 138.0 
874.0 189.0 
731.0 200.0 
831.0 191.0 
651.0 201.0 
1291.0 165.0 
651.0 201.0 
936.0 182.0 
1010.0 172.0 
831.0 191.0 
360.0 239.0 
1078.0 171.0 
348.0 241.0 
421.0 228.0 
409.0 230.0 
403.0 233.0 
346.0 245.0 
512.0 215.0 
381.0 236.0 
460.0 227.0 
747.0 199.0 
392.0 235.0 
381.0 236.0 
392.0 235.0 
747.0 199.0 
1291.0 165.0 
