552.0 293.0 
1321.0 252.0 
880.0 276.0 
824.0 285.0 
486.0 357.0 
507.0 325.0 
1037.0 263.0 
1339.0 244.0 
880.0 276.0 
1411.0 239.0 
582.0 309.0 
558.0 318.0 
800.0 302.0 
626.0 305.0 
804.0 296.0 
839.0 286.0 
497.0 360.0 
492.0 363.0 
521.0 345.0 
521.0 345.0 
509.0 357.0 
523.0 342.0 
524.0 325.0 
1143.0 263.0 
1061.0 267.0 
1061.0 267.0 
1053.0 277.0 
898.0 279.0 
1725.0 241.0 
1569.0 257.0 
1566.0 258.0 
1660.0 253.0 
613.0 310.0 
595.0 313.0 
566.0 322.0 
652.0 308.0 
754.0 305.0 
676.0 306.0 
830.0 297.0 
863.0 286.0 
513.0 363.0 
509.0 383.0 
526.0 339.0 
562.0 327.0 
1220.0 263.0 
1220.0 263.0 
1216.0 266.0 
1119.0 272.0 
1145.0 270.0 
1146.0 268.0 
1033.0 281.0 
1023.0 282.0 
1942.0 247.0 
1942.0 247.0 
1942.0 247.0 
1741.0 249.0 
1942.0 247.0 
1604.0 259.0 
623.0 317.0 
621.0 326.0 
663.0 308.0 
830.0 301.0 
916.0 292.0 
973.0 291.0 
995.0 287.0 
546.0 342.0 
531.0 372.0 
563.0 335.0 
571.0 330.0 
1446.0 265.0 
1477.0 263.0 
1201.0 269.0 
1179.0 277.0 
1152.0 282.0 
1144.0 283.0 
1125.0 284.0 
1741.0 255.0 
1741.0 255.0 
1741.0 255.0 
1741.0 255.0 
1763.0 254.0 
1741.0 255.0 
2064.0 249.0 
2052.0 253.0 
1699.0 262.0 
549.0 359.0 
549.0 359.0 
1754.0 256.0 
1541.0 263.0 
1240.0 269.0 
1748.0 261.0 
1149.0 283.0 
559.0 350.0 
1201.0 271.0 
572.0 333.0 
625.0 321.0 
764.0 308.0 
959.0 299.0 
598.0 332.0 
1005.0 291.0 
