62.0 24.0 
62.0 24.0 
58.0 38.0 
63.0 17.0 
62.0 24.0 
62.0 24.0 
58.0 38.0 
73.0 22.0 
73.0 22.0 
63.0 28.0 
65.0 26.0 
67.0 25.0 
63.0 28.0 
91.0 24.0 
73.0 25.0 
71.0 26.0 
68.0 29.0 
64.0 30.0 
63.0 47.0 
68.0 29.0 
74.0 26.0 
73.0 27.0 
64.0 46.0 
64.0 46.0 
65.0 40.0 
64.0 46.0 
66.0 30.0 
70.0 29.0 
85.0 26.0 
78.0 28.0 
79.0 27.0 
69.0 32.0 
67.0 34.0 
70.0 30.0 
71.0 29.0 
85.0 27.0 
79.0 28.0 
69.0 33.0 
67.0 37.0 
73.0 29.0 
98.0 27.0 
89.0 28.0 
70.0 33.0 
68.0 37.0 
74.0 30.0 
73.0 31.0 
77.0 29.0 
102.0 27.0 
94.0 28.0 
70.0 34.0 
68.0 44.0 
69.0 41.0 
74.0 31.0 
77.0 30.0 
82.0 29.0 
107.0 27.0 
71.0 34.0 
68.0 49.0 
75.0 31.0 
82.0 30.0 
82.0 30.0 
82.0 30.0 
91.0 29.0 
71.0 35.0 
69.0 49.0 
76.0 31.0 
76.0 31.0 
86.0 30.0 
97.0 29.0 
71.0 38.0 
72.0 35.0 
70.0 51.0 
77.0 31.0 
76.0 34.0 
77.0 31.0 
76.0 34.0 
87.0 30.0 
104.0 29.0 
71.0 42.0 
74.0 36.0 
72.0 37.0 
70.0 52.0 
83.0 31.0 
77.0 32.0 
90.0 30.0 
90.0 30.0 
71.0 44.0 
75.0 36.0 
75.0 36.0 
73.0 37.0 
72.0 43.0 
77.0 33.0 
79.0 32.0 
91.0 30.0 
90.0 31.0 
72.0 44.0 
92.0 30.0 
83.0 32.0 
73.0 38.0 
76.0 36.0 
