1678.0 472.0 
1678.0 472.0 
1849.0 415.0 
1763.0 436.0 
1822.0 421.0 
1787.0 434.0 
1811.0 423.0 
1723.0 453.0 
1716.0 459.0 
1716.0 459.0 
1811.0 423.0 
1787.0 434.0 
1737.0 451.0 
1737.0 451.0 
1717.0 457.0 
1717.0 457.0 
1737.0 451.0 
1737.0 451.0 
1811.0 423.0 
1678.0 472.0 
1787.0 434.0 
1811.0 423.0 
1737.0 451.0 
1678.0 472.0 
1737.0 451.0 
1737.0 451.0 
1811.0 423.0 
1678.0 472.0 
1787.0 434.0 
1787.0 434.0 
1737.0 451.0 
1737.0 451.0 
1737.0 451.0 
1678.0 472.0 
1716.0 459.0 
1763.0 436.0 
1723.0 453.0 
1748.0 449.0 
1811.0 423.0 
1849.0 415.0 
1811.0 423.0 
1811.0 423.0 
1737.0 451.0 
1737.0 451.0 
1716.0 459.0 
1811.0 423.0 
1717.0 457.0 
1678.0 472.0 
1749.0 448.0 
1737.0 451.0 
1737.0 451.0 
1822.0 421.0 
1684.0 468.0 
1811.0 423.0 
1737.0 451.0 
1787.0 434.0 
1752.0 437.0 
1689.0 471.0 
1689.0 471.0 
1787.0 435.0 
1717.0 458.0 
1690.0 470.0 
1770.0 445.0 
1725.0 455.0 
1748.0 450.0 
1756.0 446.0 
1748.0 450.0 
1749.0 449.0 
1756.0 446.0 
1749.0 449.0 
1748.0 450.0 
1748.0 450.0 
1748.0 450.0 
1748.0 450.0 
1748.0 450.0 
1748.0 450.0 
1748.0 450.0 
1748.0 450.0 
1748.0 450.0 
1748.0 450.0 
1748.0 450.0 
1748.0 450.0 
1748.0 450.0 
1748.0 450.0 
1748.0 450.0 
1748.0 450.0 
1748.0 450.0 
1748.0 450.0 
1748.0 450.0 
1748.0 450.0 
1748.0 450.0 
1748.0 450.0 
1748.0 450.0 
1748.0 450.0 
1748.0 450.0 
1748.0 450.0 
1748.0 450.0 
1748.0 450.0 
1748.0 450.0 
1748.0 450.0 
