2010.0 629.0 
2010.0 629.0 
2010.0 629.0 
2010.0 629.0 
2010.0 629.0 
2010.0 629.0 
2010.0 629.0 
2010.0 629.0 
2010.0 629.0 
2010.0 629.0 
2010.0 629.0 
2089.0 619.0 
2121.0 606.0 
2010.0 629.0 
2010.0 629.0 
2010.0 629.0 
2010.0 629.0 
2010.0 629.0 
2010.0 629.0 
1940.0 657.0 
1947.0 649.0 
2010.0 629.0 
2010.0 629.0 
2010.0 629.0 
2121.0 606.0 
2010.0 629.0 
2165.0 600.0 
2165.0 600.0 
1912.0 671.0 
2010.0 629.0 
2010.0 629.0 
2121.0 606.0 
2081.0 628.0 
2010.0 629.0 
2010.0 629.0 
2010.0 629.0 
2089.0 619.0 
1963.0 641.0 
1946.0 666.0 
1955.0 662.0 
1914.0 675.0 
1914.0 675.0 
1914.0 675.0 
2171.0 607.0 
2122.0 615.0 
2128.0 610.0 
2122.0 615.0 
2122.0 615.0 
2128.0 610.0 
2171.0 607.0 
2128.0 610.0 
2016.0 637.0 
2027.0 629.0 
2094.0 620.0 
2089.0 626.0 
1977.0 643.0 
1973.0 648.0 
1964.0 650.0 
1914.0 682.0 
2175.0 610.0 
1953.0 666.0 
2024.0 639.0 
1977.0 649.0 
1922.0 679.0 
1983.0 643.0 
2087.0 634.0 
2097.0 628.0 
2132.0 614.0 
2126.0 619.0 
2126.0 619.0 
2093.0 629.0 
2127.0 615.0 
2087.0 634.0 
2132.0 614.0 
1916.0 681.0 
1918.0 680.0 
1918.0 680.0 
1918.0 680.0 
1918.0 680.0 
1918.0 680.0 
1918.0 680.0 
1918.0 680.0 
2126.0 619.0 
2126.0 619.0 
2126.0 619.0 
2126.0 619.0 
2126.0 619.0 
2126.0 619.0 
2126.0 619.0 
2126.0 619.0 
2126.0 619.0 
2126.0 619.0 
2126.0 619.0 
2126.0 619.0 
2126.0 619.0 
2126.0 619.0 
2126.0 619.0 
2126.0 619.0 
2132.0 614.0 
2132.0 614.0 
