2089.0 674.0 
2063.0 677.0 
1981.0 728.0 
2153.0 659.0 
2062.0 690.0 
1983.0 722.0 
2161.0 658.0 
2032.0 704.0 
2169.0 648.0 
2029.0 710.0 
2123.0 660.0 
2123.0 660.0 
2179.0 646.0 
1983.0 722.0 
2190.0 645.0 
2102.0 662.0 
2153.0 659.0 
2179.0 646.0 
1983.0 722.0 
2063.0 677.0 
2049.0 702.0 
2153.0 659.0 
1986.0 716.0 
2089.0 674.0 
2208.0 633.0 
1981.0 728.0 
2106.0 661.0 
2063.0 677.0 
2062.0 690.0 
2123.0 660.0 
2237.0 632.0 
2062.0 690.0 
1981.0 728.0 
2003.0 714.0 
2029.0 710.0 
2032.0 704.0 
2203.0 642.0 
2243.0 620.0 
1982.0 735.0 
1982.0 735.0 
2247.0 620.0 
2247.0 620.0 
2045.0 705.0 
2064.0 684.0 
2106.0 662.0 
2191.0 651.0 
1989.0 716.0 
2025.0 715.0 
2144.0 660.0 
2123.0 661.0 
2237.0 639.0 
2144.0 660.0 
2084.0 683.0 
2093.0 675.0 
2238.0 633.0 
2209.0 640.0 
1988.0 723.0 
2207.0 642.0 
2194.0 645.0 
2032.0 706.0 
2191.0 651.0 
2093.0 675.0 
1988.0 723.0 
2064.0 684.0 
2244.0 627.0 
2246.0 621.0 
2193.0 647.0 
2030.0 711.0 
2244.0 627.0 
2088.0 679.0 
2088.0 679.0 
2030.0 711.0 
2209.0 640.0 
2032.0 706.0 
2237.0 639.0 
2191.0 651.0 
1988.0 723.0 
1988.0 723.0 
1988.0 723.0 
1988.0 723.0 
2093.0 675.0 
2093.0 675.0 
2093.0 675.0 
2093.0 675.0 
2209.0 640.0 
2209.0 640.0 
2209.0 640.0 
2209.0 640.0 
2209.0 640.0 
2209.0 640.0 
2088.0 679.0 
2064.0 684.0 
2088.0 679.0 
2064.0 684.0 
2064.0 684.0 
2064.0 684.0 
2237.0 639.0 
2237.0 639.0 
2237.0 639.0 
1982.0 735.0 
