4653.0 1081.0 
4199.0 1139.0 
4129.0 1227.0 
4405.0 1135.0 
4133.0 1213.0 
4784.0 1086.0 
4667.0 1120.0 
4684.0 1109.0 
4381.0 1168.0 
4537.0 1140.0 
4182.0 1553.0 
4202.0 1505.0 
4340.0 1250.0 
4293.0 1376.0 
4813.0 1110.0 
4798.0 1112.0 
4433.0 1229.0 
4565.0 1202.0 
4557.0 1205.0 
4617.0 1144.0 
4425.0 1251.0 
4377.0 1317.0 
4295.0 1406.0 
5024.0 1110.0 
4828.0 1121.0 
4520.0 1233.0 
4574.0 1206.0 
4634.0 1189.0 
4658.0 1145.0 
4471.0 1252.0 
4470.0 1284.0 
4437.0 1299.0 
4295.0 1425.0 
4382.0 1411.0 
5234.0 1116.0 
5070.0 1122.0 
4535.0 1243.0 
4618.0 1237.0 
4599.0 1238.0 
4757.0 1150.0 
4757.0 1150.0 
4756.0 1192.0 
4676.0 1233.0 
4670.0 1236.0 
4756.0 1192.0 
4940.0 1148.0 
4497.0 1262.0 
4502.0 1260.0 
4496.0 1328.0 
4479.0 1540.0 
4402.0 1559.0 
5754.0 1123.0 
5082.0 1137.0 
5754.0 1123.0 
5280.0 1128.0 
5082.0 1137.0 
4815.0 1170.0 
4843.0 1154.0 
4787.0 1206.0 
5077.0 1149.0 
4499.0 1262.0 
5653.0 1132.0 
6042.0 1128.0 
5283.0 1133.0 
4822.0 1179.0 
4858.0 1175.0 
4858.0 1175.0 
4967.0 1166.0 
4991.0 1160.0 
5145.0 1153.0 
4738.0 1262.0 
4512.0 1281.0 
4578.0 1264.0 
5601.0 1139.0 
4824.0 1245.0 
4834.0 1229.0 
4865.0 1182.0 
5030.0 1162.0 
5314.0 1156.0 
5305.0 1161.0 
4528.0 1420.0 
4532.0 1323.0 
4600.0 1283.0 
4688.0 1280.0 
4590.0 1290.0 
4600.0 1283.0 
4746.0 1274.0 
5957.0 1145.0 
5764.0 1152.0 
4840.0 1233.0 
4840.0 1233.0 
4876.0 1205.0 
4994.0 1191.0 
5075.0 1166.0 
5056.0 1189.0 
5075.0 1166.0 
5385.0 1164.0 
4538.0 1352.0 
4608.0 1283.0 
4802.0 1278.0 
