1891.0 554.0 
1811.0 599.0 
1902.0 543.0 
1891.0 554.0 
1811.0 599.0 
1922.0 536.0 
1925.0 535.0 
1925.0 535.0 
1902.0 543.0 
1823.0 596.0 
1883.0 555.0 
1811.0 599.0 
1891.0 554.0 
1939.0 525.0 
2028.0 511.0 
1823.0 596.0 
1811.0 599.0 
1811.0 599.0 
1858.0 570.0 
1868.0 558.0 
1811.0 599.0 
1922.0 536.0 
1818.0 597.0 
1811.0 599.0 
1883.0 555.0 
1844.0 574.0 
1928.0 530.0 
2018.0 513.0 
1823.0 596.0 
1811.0 599.0 
1907.0 538.0 
1902.0 543.0 
1920.0 537.0 
2018.0 513.0 
1844.0 574.0 
1902.0 543.0 
1902.0 543.0 
1856.0 571.0 
1826.0 579.0 
1928.0 530.0 
1896.0 544.0 
1920.0 537.0 
1870.0 556.0 
1902.0 543.0 
1943.0 519.0 
1903.0 541.0 
2011.0 517.0 
1849.0 572.0 
1809.0 601.0 
2027.0 512.0 
1932.0 526.0 
1823.0 596.0 
1811.0 599.0 
2032.0 505.0 
1893.0 551.0 
1818.0 597.0 
1823.0 596.0 
1861.0 569.0 
1811.0 601.0 
1811.0 601.0 
2034.0 508.0 
1952.0 520.0 
2009.0 519.0 
1826.0 582.0 
1905.0 541.0 
1849.0 580.0 
1820.0 597.0 
1868.0 560.0 
1861.0 570.0 
1898.0 549.0 
1893.0 552.0 
1932.0 528.0 
2025.0 514.0 
1930.0 535.0 
1850.0 573.0 
1829.0 581.0 
1936.0 526.0 
1913.0 538.0 
1927.0 537.0 
1876.0 556.0 
1947.0 525.0 
2011.0 518.0 
2032.0 511.0 
1812.0 599.0 
1818.0 598.0 
1876.0 556.0 
2011.0 518.0 
1948.0 524.0 
1873.0 557.0 
1913.0 538.0 
1896.0 550.0 
1856.0 572.0 
1820.0 597.0 
2026.0 513.0 
1928.0 536.0 
1870.0 558.0 
1951.0 522.0 
2028.0 512.0 
1951.0 522.0 
1859.0 571.0 
