157.0 89.0 
153.0 90.0 
215.0 66.0 
157.0 89.0 
160.0 86.0 
161.0 73.0 
132.0 92.0 
227.0 69.0 
157.0 90.0 
173.0 85.0 
176.0 84.0 
182.0 80.0 
188.0 76.0 
192.0 75.0 
173.0 85.0 
178.0 81.0 
134.0 136.0 
136.0 130.0 
141.0 118.0 
134.0 136.0 
149.0 96.0 
134.0 136.0 
134.0 136.0 
231.0 74.0 
172.0 90.0 
160.0 91.0 
196.0 79.0 
184.0 85.0 
189.0 82.0 
141.0 130.0 
141.0 130.0 
149.0 97.0 
140.0 151.0 
236.0 78.0 
244.0 76.0 
236.0 78.0 
244.0 76.0 
166.0 91.0 
235.0 80.0 
210.0 81.0 
192.0 86.0 
199.0 84.0 
151.0 101.0 
158.0 97.0 
149.0 149.0 
145.0 187.0 
145.0 187.0 
238.0 79.0 
238.0 79.0 
245.0 77.0 
186.0 91.0 
176.0 94.0 
172.0 95.0 
214.0 81.0 
214.0 81.0 
208.0 85.0 
208.0 85.0 
212.0 84.0 
203.0 86.0 
202.0 89.0 
152.0 116.0 
155.0 112.0 
166.0 103.0 
166.0 103.0 
161.0 111.0 
171.0 97.0 
151.0 207.0 
151.0 207.0 
247.0 78.0 
194.0 92.0 
186.0 93.0 
178.0 94.0 
178.0 94.0 
174.0 95.0 
218.0 81.0 
210.0 86.0 
206.0 87.0 
205.0 89.0 
205.0 89.0 
153.0 116.0 
160.0 115.0 
160.0 115.0 
160.0 115.0 
165.0 114.0 
170.0 111.0 
249.0 78.0 
154.0 131.0 
154.0 131.0 
172.0 111.0 
161.0 125.0 
174.0 97.0 
228.0 82.0 
187.0 95.0 
210.0 88.0 
198.0 92.0 
156.0 127.0 
198.0 92.0 
222.0 84.0 
217.0 87.0 
224.0 83.0 
