119.0 27.0 
57.0 49.0 
54.0 51.0 
50.0 54.0 
57.0 49.0 
86.0 37.0 
60.0 48.0 
50.0 54.0 
74.0 41.0 
50.0 54.0 
54.0 51.0 
115.0 28.0 
101.0 31.0 
74.0 41.0 
86.0 37.0 
63.0 47.0 
57.0 49.0 
57.0 49.0 
123.0 26.0 
50.0 54.0 
52.0 53.0 
96.0 33.0 
78.0 39.0 
94.0 34.0 
66.0 42.0 
90.0 35.0 
109.0 29.0 
66.0 42.0 
47.0 57.0 
98.0 32.0 
101.0 31.0 
76.0 40.0 
120.0 27.0 
120.0 27.0 
120.0 27.0 
56.0 51.0 
87.0 37.0 
87.0 37.0 
64.0 47.0 
57.0 50.0 
57.0 50.0 
60.0 49.0 
60.0 49.0 
50.0 55.0 
53.0 53.0 
53.0 53.0 
80.0 39.0 
80.0 39.0 
97.0 34.0 
97.0 34.0 
97.0 34.0 
97.0 34.0 
97.0 34.0 
90.0 36.0 
90.0 36.0 
90.0 36.0 
90.0 36.0 
90.0 36.0 
111.0 30.0 
112.0 29.0 
111.0 30.0 
66.0 43.0 
69.0 42.0 
47.0 58.0 
47.0 58.0 
47.0 58.0 
47.0 58.0 
47.0 58.0 
47.0 58.0 
47.0 58.0 
47.0 58.0 
99.0 32.0 
99.0 32.0 
99.0 32.0 
99.0 32.0 
98.0 33.0 
98.0 33.0 
99.0 32.0 
98.0 33.0 
99.0 32.0 
99.0 32.0 
99.0 32.0 
102.0 31.0 
102.0 31.0 
76.0 41.0 
76.0 41.0 
77.0 40.0 
121.0 27.0 
47.0 59.0 
47.0 59.0 
78.0 40.0 
103.0 31.0 
114.0 30.0 
70.0 42.0 
98.0 35.0 
92.0 36.0 
82.0 39.0 
92.0 36.0 
56.0 52.0 
60.0 50.0 
