120.0 26.0 
45.0 55.0 
96.0 32.0 
58.0 45.0 
108.0 29.0 
90.0 33.0 
102.0 30.0 
78.0 38.0 
81.0 36.0 
56.0 47.0 
47.0 54.0 
54.0 48.0 
49.0 52.0 
102.0 30.0 
116.0 27.0 
90.0 33.0 
71.0 40.0 
112.0 28.0 
108.0 29.0 
75.0 39.0 
86.0 34.0 
116.0 27.0 
112.0 28.0 
71.0 40.0 
98.0 31.0 
67.0 41.0 
52.0 50.0 
81.0 36.0 
65.0 42.0 
84.0 35.0 
61.0 44.0 
78.0 38.0 
75.0 39.0 
62.0 43.0 
54.0 48.0 
49.0 52.0 
67.0 41.0 
86.0 34.0 
98.0 31.0 
51.0 51.0 
47.0 54.0 
52.0 50.0 
65.0 42.0 
84.0 35.0 
57.0 46.0 
62.0 43.0 
51.0 51.0 
57.0 46.0 
61.0 44.0 
54.0 48.0 
90.0 33.0 
71.0 40.0 
108.0 29.0 
112.0 28.0 
57.0 46.0 
78.0 38.0 
49.0 52.0 
86.0 34.0 
98.0 31.0 
67.0 41.0 
65.0 42.0 
84.0 35.0 
52.0 50.0 
62.0 43.0 
61.0 44.0 
51.0 51.0 
108.0 29.0 
90.0 33.0 
71.0 40.0 
57.0 46.0 
98.0 31.0 
49.0 52.0 
86.0 34.0 
67.0 41.0 
78.0 38.0 
52.0 50.0 
84.0 35.0 
65.0 42.0 
62.0 43.0 
51.0 51.0 
61.0 44.0 
108.0 29.0 
90.0 33.0 
71.0 40.0 
49.0 52.0 
57.0 46.0 
67.0 41.0 
65.0 42.0 
61.0 44.0 
84.0 35.0 
52.0 50.0 
51.0 51.0 
108.0 29.0 
71.0 40.0 
57.0 46.0 
67.0 41.0 
84.0 35.0 
61.0 44.0 
65.0 42.0 
52.0 50.0 
