33.0 7.0 
29.0 13.0 
27.0 15.0 
31.0 11.0 
38.0 7.0 
34.0 9.0 
38.0 7.0 
38.0 7.0 
38.0 7.0 
38.0 7.0 
38.0 7.0 
29.0 18.0 
31.0 12.0 
32.0 11.0 
31.0 12.0 
36.0 9.0 
34.0 10.0 
36.0 9.0 
34.0 10.0 
42.0 7.0 
42.0 7.0 
38.0 8.0 
38.0 8.0 
42.0 7.0 
38.0 8.0 
31.0 14.0 
32.0 13.0 
37.0 9.0 
37.0 9.0 
35.0 11.0 
48.0 7.0 
40.0 8.0 
40.0 8.0 
40.0 8.0 
40.0 8.0 
40.0 8.0 
40.0 8.0 
40.0 8.0 
31.0 15.0 
31.0 15.0 
33.0 14.0 
38.0 9.0 
37.0 10.0 
36.0 12.0 
44.0 8.0 
44.0 8.0 
44.0 8.0 
44.0 8.0 
31.0 17.0 
33.0 15.0 
33.0 15.0 
40.0 9.0 
38.0 10.0 
38.0 10.0 
38.0 10.0 
38.0 10.0 
38.0 10.0 
38.0 10.0 
36.0 13.0 
36.0 13.0 
37.0 12.0 
47.0 8.0 
32.0 17.0 
34.0 16.0 
34.0 16.0 
34.0 16.0 
42.0 9.0 
42.0 9.0 
42.0 9.0 
42.0 9.0 
38.0 11.0 
38.0 11.0 
40.0 10.0 
40.0 10.0 
38.0 11.0 
36.0 15.0 
37.0 14.0 
56.0 8.0 
32.0 18.0 
44.0 9.0 
41.0 10.0 
41.0 10.0 
41.0 10.0 
41.0 10.0 
41.0 10.0 
39.0 11.0 
38.0 13.0 
39.0 11.0 
39.0 11.0 
39.0 11.0 
39.0 11.0 
39.0 11.0 
38.0 13.0 
36.0 17.0 
37.0 15.0 
37.0 15.0 
37.0 15.0 
33.0 18.0 
46.0 9.0 
46.0 9.0 
