16.0 4.0 
15.0 8.0 
18.0 5.0 
16.0 7.0 
15.0 10.0 
20.0 5.0 
17.0 9.0 
17.0 9.0 
17.0 9.0 
17.0 9.0 
17.0 9.0 
17.0 9.0 
21.0 5.0 
21.0 5.0 
17.0 10.0 
17.0 10.0 
22.0 5.0 
21.0 6.0 
17.0 12.0 
17.0 12.0 
17.0 12.0 
17.0 12.0 
17.0 12.0 
17.0 12.0 
17.0 12.0 
17.0 12.0 
17.0 12.0 
17.0 12.0 
17.0 12.0 
17.0 12.0 
26.0 5.0 
26.0 5.0 
26.0 5.0 
26.0 5.0 
26.0 5.0 
26.0 5.0 
26.0 5.0 
26.0 5.0 
26.0 5.0 
26.0 5.0 
26.0 5.0 
26.0 5.0 
26.0 5.0 
26.0 5.0 
26.0 5.0 
26.0 5.0 
26.0 5.0 
21.0 7.0 
24.0 6.0 
24.0 6.0 
24.0 6.0 
24.0 6.0 
30.0 5.0 
30.0 5.0 
30.0 5.0 
30.0 5.0 
30.0 5.0 
30.0 5.0 
30.0 5.0 
30.0 5.0 
30.0 5.0 
21.0 8.0 
23.0 7.0 
26.0 6.0 
26.0 6.0 
26.0 6.0 
22.0 8.0 
21.0 11.0 
22.0 8.0 
22.0 8.0 
24.0 7.0 
24.0 7.0 
28.0 6.0 
28.0 6.0 
28.0 6.0 
28.0 6.0 
28.0 6.0 
28.0 6.0 
28.0 6.0 
28.0 6.0 
28.0 6.0 
28.0 6.0 
28.0 6.0 
28.0 6.0 
28.0 6.0 
28.0 6.0 
28.0 6.0 
21.0 12.0 
21.0 12.0 
23.0 8.0 
23.0 8.0 
23.0 8.0 
23.0 8.0 
29.0 6.0 
29.0 6.0 
23.0 9.0 
30.0 6.0 
30.0 6.0 
24.0 8.0 
29.0 7.0 
