90.0 33.0 
82.0 46.0 
81.0 54.0 
92.0 36.0 
87.0 48.0 
89.0 47.0 
103.0 39.0 
92.0 42.0 
88.0 53.0 
87.0 57.0 
91.0 52.0 
114.0 40.0 
114.0 40.0 
92.0 48.0 
94.0 42.0 
116.0 41.0 
92.0 53.0 
98.0 45.0 
115.0 42.0 
115.0 42.0 
115.0 42.0 
96.0 46.0 
99.0 43.0 
141.0 41.0 
92.0 57.0 
94.0 55.0 
94.0 55.0 
125.0 42.0 
125.0 42.0 
96.0 48.0 
96.0 48.0 
96.0 48.0 
110.0 43.0 
103.0 45.0 
144.0 41.0 
92.0 58.0 
130.0 42.0 
97.0 48.0 
96.0 52.0 
114.0 44.0 
115.0 43.0 
105.0 45.0 
148.0 41.0 
148.0 41.0 
93.0 66.0 
94.0 58.0 
144.0 42.0 
144.0 42.0 
144.0 42.0 
144.0 42.0 
144.0 42.0 
144.0 42.0 
97.0 50.0 
96.0 54.0 
127.0 43.0 
110.0 47.0 
113.0 45.0 
94.0 62.0 
104.0 50.0 
100.0 51.0 
97.0 54.0 
132.0 43.0 
132.0 43.0 
111.0 47.0 
116.0 45.0 
114.0 46.0 
95.0 62.0 
101.0 53.0 
104.0 51.0 
97.0 58.0 
99.0 55.0 
140.0 43.0 
134.0 44.0 
112.0 47.0 
129.0 45.0 
117.0 46.0 
117.0 46.0 
117.0 46.0 
117.0 46.0 
96.0 62.0 
96.0 62.0 
101.0 54.0 
106.0 52.0 
100.0 61.0 
147.0 43.0 
147.0 43.0 
147.0 43.0 
146.0 44.0 
146.0 44.0 
113.0 47.0 
142.0 45.0 
123.0 46.0 
96.0 70.0 
96.0 70.0 
147.0 44.0 
127.0 46.0 
113.0 48.0 
118.0 47.0 
107.0 52.0 
99.0 63.0 
