198.0 67.0 
134.0 85.0 
207.0 64.0 
198.0 67.0 
186.0 68.0 
163.0 77.0 
144.0 82.0 
175.0 70.0 
141.0 119.0 
136.0 153.0 
189.0 69.0 
189.0 69.0 
164.0 81.0 
164.0 81.0 
145.0 99.0 
148.0 89.0 
159.0 83.0 
145.0 99.0 
183.0 72.0 
141.0 125.0 
141.0 125.0 
195.0 69.0 
176.0 82.0 
176.0 82.0 
176.0 82.0 
151.0 91.0 
156.0 89.0 
151.0 91.0 
156.0 89.0 
151.0 91.0 
169.0 83.0 
165.0 86.0 
148.0 108.0 
145.0 109.0 
186.0 73.0 
142.0 126.0 
207.0 70.0 
209.0 69.0 
209.0 69.0 
164.0 90.0 
152.0 91.0 
184.0 83.0 
177.0 84.0 
165.0 89.0 
148.0 115.0 
147.0 125.0 
186.0 82.0 
193.0 75.0 
144.0 177.0 
208.0 71.0 
208.0 71.0 
153.0 96.0 
158.0 92.0 
156.0 94.0 
164.0 91.0 
179.0 87.0 
176.0 90.0 
176.0 90.0 
148.0 124.0 
148.0 124.0 
187.0 82.0 
193.0 78.0 
146.0 177.0 
145.0 181.0 
208.0 72.0 
155.0 96.0 
168.0 93.0 
164.0 94.0 
182.0 87.0 
181.0 92.0 
181.0 92.0 
148.0 152.0 
148.0 152.0 
152.0 125.0 
191.0 85.0 
195.0 81.0 
147.0 182.0 
146.0 211.0 
210.0 72.0 
162.0 96.0 
155.0 119.0 
162.0 96.0 
177.0 93.0 
171.0 94.0 
185.0 87.0 
184.0 91.0 
182.0 92.0 
151.0 157.0 
151.0 157.0 
150.0 178.0 
150.0 178.0 
196.0 82.0 
147.0 184.0 
147.0 184.0 
213.0 73.0 
186.0 87.0 
155.0 124.0 
153.0 157.0 
203.0 84.0 
163.0 102.0 
