277.0 218.0 
1703.0 99.0 
277.0 218.0 
1703.0 99.0 
306.0 197.0 
314.0 183.0 
291.0 203.0 
1266.0 115.0 
342.0 171.0 
953.0 126.0 
361.0 167.0 
1349.0 114.0 
645.0 143.0 
290.0 214.0 
1485.0 106.0 
1079.0 125.0 
1697.0 100.0 
1617.0 102.0 
341.0 178.0 
1563.0 105.0 
1133.0 121.0 
1378.0 112.0 
899.0 129.0 
396.0 163.0 
1109.0 124.0 
481.0 157.0 
1215.0 116.0 
1212.0 118.0 
574.0 148.0 
682.0 140.0 
731.0 135.0 
1617.0 102.0 
812.0 133.0 
547.0 152.0 
1161.0 119.0 
552.0 150.0 
601.0 147.0 
1437.0 109.0 
420.0 159.0 
948.0 128.0 
670.0 141.0 
785.0 134.0 
1563.0 105.0 
523.0 154.0 
481.0 157.0 
523.0 154.0 
706.0 137.0 
601.0 147.0 
843.0 131.0 
417.0 160.0 
1410.0 110.0 
728.0 136.0 
1460.0 108.0 
296.0 200.0 
1410.0 110.0 
334.0 180.0 
314.0 183.0 
868.0 130.0 
334.0 180.0 
1079.0 125.0 
296.0 200.0 
1161.0 119.0 
785.0 134.0 
838.0 132.0 
868.0 130.0 
1460.0 108.0 
706.0 137.0 
282.0 216.0 
404.0 162.0 
282.0 216.0 
420.0 159.0 
404.0 162.0 
290.0 214.0 
838.0 132.0 
948.0 128.0 
953.0 126.0 
277.0 218.0 
601.0 147.0 
1563.0 105.0 
523.0 154.0 
1410.0 110.0 
1161.0 119.0 
1079.0 125.0 
296.0 200.0 
420.0 159.0 
948.0 128.0 
785.0 134.0 
277.0 218.0 
296.0 200.0 
785.0 134.0 
948.0 128.0 
420.0 159.0 
296.0 200.0 
601.0 147.0 
1563.0 105.0 
1161.0 119.0 
601.0 147.0 
601.0 147.0 
601.0 147.0 
1410.0 110.0 
