288.0 105.0 
244.0 117.0 
271.0 140.0 
297.0 121.0 
279.0 135.0 
306.0 117.0 
294.0 126.0 
265.0 142.0 
255.0 143.0 
280.0 131.0 
298.0 123.0 
301.0 122.0 
340.0 117.0 
309.0 120.0 
340.0 117.0 
317.0 118.0 
262.0 150.0 
261.0 158.0 
259.0 161.0 
275.0 145.0 
293.0 131.0 
287.0 133.0 
283.0 137.0 
298.0 126.0 
333.0 121.0 
317.0 123.0 
262.0 182.0 
260.0 184.0 
275.0 154.0 
294.0 132.0 
288.0 133.0 
284.0 147.0 
284.0 147.0 
299.0 126.0 
299.0 126.0 
348.0 125.0 
353.0 123.0 
276.0 169.0 
279.0 158.0 
289.0 142.0 
289.0 142.0 
298.0 133.0 
292.0 135.0 
286.0 152.0 
286.0 152.0 
286.0 152.0 
287.0 150.0 
305.0 129.0 
309.0 127.0 
299.0 132.0 
361.0 126.0 
282.0 167.0 
289.0 145.0 
298.0 134.0 
295.0 141.0 
297.0 137.0 
293.0 143.0 
288.0 154.0 
287.0 163.0 
313.0 127.0 
309.0 132.0 
309.0 132.0 
301.0 133.0 
299.0 138.0 
293.0 148.0 
291.0 178.0 
315.0 128.0 
336.0 127.0 
312.0 132.0 
312.0 132.0 
301.0 134.0 
296.0 154.0 
317.0 129.0 
317.0 129.0 
328.0 128.0 
343.0 127.0 
304.0 134.0 
301.0 138.0 
296.0 179.0 
300.0 166.0 
334.0 128.0 
363.0 127.0 
304.0 137.0 
305.0 135.0 
301.0 146.0 
302.0 141.0 
297.0 191.0 
358.0 132.0 
374.0 127.0 
306.0 136.0 
315.0 135.0 
306.0 136.0 
301.0 158.0 
302.0 143.0 
427.0 127.0 
301.0 184.0 
304.0 144.0 
365.0 133.0 
405.0 131.0 
328.0 135.0 
