45.0 20.0 
44.0 101.0 
45.0 20.0 
45.0 20.0 
45.0 21.0 
45.0 21.0 
45.0 21.0 
45.0 21.0 
47.0 20.0 
45.0 21.0 
48.0 20.0 
46.0 21.0 
46.0 21.0 
46.0 21.0 
46.0 21.0 
46.0 21.0 
46.0 21.0 
46.0 21.0 
46.0 21.0 
46.0 21.0 
46.0 21.0 
46.0 21.0 
46.0 21.0 
46.0 21.0 
46.0 21.0 
46.0 21.0 
46.0 21.0 
46.0 21.0 
46.0 21.0 
46.0 21.0 
46.0 21.0 
46.0 21.0 
45.0 22.0 
46.0 21.0 
46.0 21.0 
46.0 21.0 
46.0 21.0 
46.0 21.0 
46.0 21.0 
46.0 21.0 
46.0 21.0 
46.0 21.0 
46.0 21.0 
46.0 21.0 
46.0 21.0 
46.0 21.0 
46.0 21.0 
46.0 21.0 
46.0 21.0 
46.0 21.0 
49.0 20.0 
45.0 23.0 
45.0 23.0 
45.0 23.0 
47.0 21.0 
46.0 22.0 
47.0 21.0 
46.0 22.0 
46.0 22.0 
47.0 21.0 
47.0 21.0 
46.0 22.0 
45.0 26.0 
48.0 21.0 
48.0 21.0 
46.0 24.0 
46.0 24.0 
47.0 22.0 
47.0 22.0 
48.0 21.0 
48.0 21.0 
48.0 21.0 
48.0 21.0 
48.0 21.0 
47.0 22.0 
47.0 22.0 
47.0 22.0 
47.0 22.0 
47.0 22.0 
47.0 22.0 
47.0 22.0 
47.0 22.0 
47.0 22.0 
47.0 22.0 
47.0 22.0 
47.0 22.0 
47.0 22.0 
47.0 22.0 
47.0 22.0 
47.0 22.0 
47.0 22.0 
47.0 22.0 
47.0 22.0 
47.0 22.0 
47.0 22.0 
47.0 22.0 
47.0 22.0 
47.0 22.0 
47.0 22.0 
47.0 22.0 
