103.0 33.0 
118.0 31.0 
83.0 37.0 
109.0 32.0 
96.0 34.0 
109.0 32.0 
103.0 33.0 
109.0 32.0 
93.0 36.0 
103.0 33.0 
80.0 45.0 
94.0 35.0 
83.0 37.0 
103.0 33.0 
118.0 31.0 
81.0 40.0 
96.0 34.0 
81.0 40.0 
94.0 36.0 
94.0 36.0 
94.0 36.0 
94.0 36.0 
94.0 36.0 
94.0 36.0 
94.0 36.0 
94.0 36.0 
94.0 36.0 
83.0 38.0 
83.0 38.0 
83.0 38.0 
83.0 38.0 
83.0 38.0 
83.0 38.0 
83.0 38.0 
104.0 33.0 
121.0 32.0 
121.0 32.0 
97.0 34.0 
97.0 34.0 
97.0 34.0 
97.0 34.0 
82.0 40.0 
82.0 40.0 
82.0 40.0 
82.0 40.0 
82.0 40.0 
82.0 40.0 
82.0 40.0 
82.0 40.0 
82.0 40.0 
82.0 40.0 
81.0 41.0 
82.0 40.0 
81.0 41.0 
82.0 40.0 
82.0 40.0 
82.0 40.0 
82.0 40.0 
82.0 40.0 
107.0 33.0 
107.0 33.0 
81.0 43.0 
81.0 43.0 
94.0 37.0 
84.0 38.0 
83.0 39.0 
102.0 34.0 
102.0 34.0 
97.0 35.0 
82.0 41.0 
82.0 41.0 
96.0 36.0 
94.0 37.0 
96.0 36.0 
84.0 38.0 
97.0 35.0 
96.0 36.0 
94.0 37.0 
94.0 37.0 
94.0 37.0 
94.0 37.0 
96.0 36.0 
94.0 37.0 
96.0 36.0 
94.0 37.0 
94.0 37.0 
94.0 37.0 
84.0 38.0 
84.0 38.0 
84.0 38.0 
84.0 38.0 
107.0 33.0 
107.0 33.0 
97.0 35.0 
97.0 35.0 
97.0 35.0 
97.0 35.0 
97.0 35.0 
97.0 35.0 
81.0 43.0 
