124.0 24.0 
46.0 55.0 
124.0 24.0 
46.0 55.0 
50.0 52.0 
53.0 49.0 
95.0 34.0 
86.0 37.0 
113.0 28.0 
105.0 29.0 
90.0 35.0 
121.0 26.0 
80.0 38.0 
115.0 27.0 
53.0 49.0 
59.0 46.0 
58.0 47.0 
97.0 33.0 
101.0 31.0 
90.0 35.0 
101.0 31.0 
77.0 40.0 
73.0 41.0 
86.0 37.0 
97.0 33.0 
73.0 41.0 
69.0 42.0 
47.0 54.0 
58.0 47.0 
64.0 44.0 
67.0 43.0 
47.0 54.0 
61.0 45.0 
64.0 44.0 
105.0 29.0 
80.0 38.0 
115.0 27.0 
69.0 42.0 
61.0 45.0 
103.0 30.0 
67.0 43.0 
113.0 28.0 
122.0 25.0 
78.0 39.0 
103.0 30.0 
78.0 39.0 
122.0 25.0 
121.0 26.0 
77.0 40.0 
124.0 24.0 
46.0 55.0 
53.0 49.0 
90.0 35.0 
101.0 31.0 
73.0 41.0 
58.0 47.0 
105.0 29.0 
115.0 27.0 
61.0 45.0 
69.0 42.0 
103.0 30.0 
67.0 43.0 
113.0 28.0 
47.0 54.0 
122.0 25.0 
78.0 39.0 
77.0 40.0 
124.0 24.0 
53.0 49.0 
73.0 41.0 
58.0 47.0 
101.0 31.0 
90.0 35.0 
105.0 29.0 
115.0 27.0 
61.0 45.0 
69.0 42.0 
67.0 43.0 
103.0 30.0 
113.0 28.0 
47.0 54.0 
122.0 25.0 
78.0 39.0 
77.0 40.0 
53.0 49.0 
115.0 27.0 
58.0 47.0 
122.0 25.0 
73.0 41.0 
101.0 31.0 
90.0 35.0 
105.0 29.0 
69.0 42.0 
113.0 28.0 
103.0 30.0 
77.0 40.0 
53.0 49.0 
115.0 27.0 
58.0 47.0 
122.0 25.0 
