474.0 207.0 
271.0 209.0 
658.0 212.0 
315.0 296.0 
374.0 227.0 
459.0 220.0 
370.0 234.0 
366.0 297.0 
335.0 314.0 
316.0 318.0 
452.0 228.0 
371.0 236.0 
462.0 237.0 
405.0 251.0 
487.0 236.0 
372.0 357.0 
383.0 290.0 
423.0 247.0 
379.0 317.0 
410.0 259.0 
411.0 253.0 
622.0 243.0 
407.0 321.0 
402.0 337.0 
383.0 347.0 
420.0 257.0 
520.0 256.0 
1046.0 253.0 
410.0 334.0 
398.0 380.0 
430.0 266.0 
422.0 301.0 
427.0 276.0 
449.0 264.0 
648.0 256.0 
600.0 263.0 
412.0 365.0 
400.0 383.0 
444.0 299.0 
437.0 363.0 
443.0 349.0 
453.0 280.0 
459.0 279.0 
502.0 266.0 
475.0 267.0 
464.0 274.0 
831.0 260.0 
774.0 261.0 
457.0 379.0 
501.0 269.0 
748.0 268.0 
500.0 273.0 
465.0 291.0 
473.0 274.0 
800.0 266.0 
581.0 271.0 
508.0 273.0 
470.0 418.0 
488.0 278.0 
805.0 268.0 
511.0 273.0 
488.0 356.0 
504.0 346.0 
521.0 280.0 
511.0 304.0 
606.0 277.0 
504.0 359.0 
536.0 283.0 
514.0 306.0 
608.0 278.0 
546.0 294.0 
571.0 283.0 
537.0 316.0 
515.0 391.0 
523.0 330.0 
782.0 280.0 
572.0 286.0 
521.0 414.0 
524.0 344.0 
535.0 336.0 
830.0 282.0 
620.0 288.0 
576.0 299.0 
589.0 298.0 
525.0 382.0 
533.0 349.0 
536.0 345.0 
906.0 285.0 
666.0 289.0 
634.0 290.0 
587.0 310.0 
578.0 311.0 
542.0 406.0 
561.0 387.0 
576.0 377.0 
759.0 290.0 
561.0 408.0 
642.0 293.0 
572.0 389.0 
586.0 338.0 
