120.0 125.0 
126.0 64.0 
121.0 65.0 
124.0 76.0 
131.0 68.0 
124.0 76.0 
148.0 66.0 
123.0 126.0 
121.0 144.0 
137.0 71.0 
139.0 70.0 
137.0 71.0 
131.0 80.0 
125.0 103.0 
152.0 67.0 
152.0 67.0 
152.0 67.0 
139.0 72.0 
134.0 81.0 
128.0 126.0 
157.0 69.0 
157.0 69.0 
146.0 72.0 
140.0 77.0 
146.0 72.0 
144.0 75.0 
134.0 104.0 
134.0 104.0 
135.0 83.0 
132.0 138.0 
161.0 70.0 
140.0 80.0 
141.0 77.0 
140.0 80.0 
147.0 72.0 
134.0 123.0 
137.0 104.0 
132.0 156.0 
163.0 71.0 
163.0 71.0 
163.0 71.0 
144.0 77.0 
141.0 79.0 
140.0 82.0 
148.0 72.0 
134.0 128.0 
138.0 119.0 
132.0 162.0 
132.0 162.0 
166.0 71.0 
144.0 80.0 
149.0 73.0 
148.0 75.0 
159.0 72.0 
149.0 73.0 
135.0 152.0 
140.0 121.0 
138.0 124.0 
170.0 71.0 
146.0 80.0 
153.0 73.0 
151.0 78.0 
136.0 169.0 
140.0 127.0 
140.0 127.0 
142.0 124.0 
139.0 135.0 
138.0 144.0 
170.0 72.0 
170.0 72.0 
150.0 80.0 
147.0 81.0 
150.0 80.0 
146.0 121.0 
165.0 73.0 
155.0 74.0 
165.0 73.0 
153.0 77.0 
153.0 77.0 
153.0 77.0 
154.0 75.0 
152.0 78.0 
152.0 78.0 
144.0 124.0 
144.0 124.0 
140.0 163.0 
263.0 72.0 
263.0 72.0 
147.0 116.0 
149.0 86.0 
148.0 96.0 
150.0 85.0 
156.0 74.0 
154.0 76.0 
155.0 75.0 
152.0 82.0 
146.0 125.0 
142.0 163.0 
158.0 74.0 
158.0 74.0 
