93.0 50.0 
136.0 32.0 
106.0 47.0 
54.0 63.0 
125.0 40.0 
137.0 29.0 
121.0 42.0 
98.0 49.0 
84.0 54.0 
64.0 56.0 
128.0 35.0 
60.0 57.0 
107.0 47.0 
59.0 63.0 
56.0 65.0 
137.0 34.0 
137.0 34.0 
138.0 33.0 
140.0 32.0 
99.0 50.0 
92.0 56.0 
128.0 40.0 
75.0 59.0 
63.0 62.0 
81.0 57.0 
112.0 48.0 
57.0 66.0 
59.0 65.0 
137.0 37.0 
220.0 32.0 
220.0 32.0 
141.0 33.0 
99.0 54.0 
103.0 53.0 
105.0 51.0 
94.0 56.0 
129.0 46.0 
130.0 41.0 
136.0 40.0 
80.0 63.0 
79.0 64.0 
79.0 64.0 
81.0 59.0 
126.0 48.0 
112.0 49.0 
68.0 70.0 
74.0 65.0 
68.0 70.0 
144.0 34.0 
152.0 33.0 
104.0 54.0 
104.0 54.0 
110.0 53.0 
111.0 51.0 
95.0 58.0 
100.0 56.0 
134.0 41.0 
133.0 45.0 
85.0 59.0 
85.0 59.0 
82.0 63.0 
85.0 59.0 
85.0 59.0 
129.0 50.0 
79.0 67.0 
79.0 67.0 
80.0 65.0 
79.0 67.0 
80.0 65.0 
75.0 68.0 
73.0 70.0 
69.0 72.0 
149.0 40.0 
241.0 33.0 
152.0 37.0 
152.0 37.0 
153.0 36.0 
161.0 34.0 
152.0 37.0 
108.0 55.0 
112.0 51.0 
111.0 53.0 
106.0 56.0 
136.0 42.0 
139.0 41.0 
134.0 49.0 
84.0 63.0 
82.0 64.0 
88.0 60.0 
72.0 74.0 
72.0 74.0 
192.0 34.0 
192.0 34.0 
88.0 61.0 
111.0 54.0 
162.0 37.0 
190.0 35.0 
153.0 41.0 
140.0 44.0 
131.0 50.0 
