1889.0 665.0 
1889.0 665.0 
1972.0 618.0 
2047.0 565.0 
1889.0 665.0 
1911.0 661.0 
1963.0 626.0 
1977.0 578.0 
1967.0 619.0 
1917.0 651.0 
1910.0 664.0 
1913.0 659.0 
1963.0 626.0 
1889.0 665.0 
2035.0 567.0 
2259.0 565.0 
1995.0 586.0 
1979.0 617.0 
1989.0 592.0 
1985.0 610.0 
1979.0 617.0 
1987.0 597.0 
1961.0 657.0 
1944.0 662.0 
1944.0 662.0 
1967.0 655.0 
1969.0 647.0 
1896.0 672.0 
1907.0 665.0 
2051.0 585.0 
2057.0 573.0 
2280.0 565.0 
1999.0 591.0 
1999.0 591.0 
1995.0 595.0 
1995.0 595.0 
1985.0 612.0 
1985.0 612.0 
1994.0 604.0 
1983.0 654.0 
1983.0 654.0 
1970.0 663.0 
1976.0 656.0 
1970.0 663.0 
1902.0 680.0 
1903.0 676.0 
1909.0 667.0 
2069.0 583.0 
2087.0 582.0 
2087.0 582.0 
2088.0 580.0 
2277.0 576.0 
2064.0 587.0 
2088.0 580.0 
2416.0 572.0 
2283.0 573.0 
2016.0 592.0 
1996.0 603.0 
1997.0 602.0 
1996.0 603.0 
2001.0 595.0 
1988.0 612.0 
1986.0 621.0 
1913.0 668.0 
1973.0 667.0 
1911.0 673.0 
2089.0 584.0 
2090.0 581.0 
2096.0 580.0 
2089.0 584.0 
2398.0 576.0 
2398.0 576.0 
2385.0 578.0 
2398.0 576.0 
2398.0 576.0 
2398.0 576.0 
2398.0 576.0 
2434.0 575.0 
2075.0 594.0 
2075.0 594.0 
2009.0 598.0 
2063.0 596.0 
2063.0 596.0 
1995.0 613.0 
1988.0 614.0 
1986.0 648.0 
1926.0 672.0 
1942.0 668.0 
1926.0 672.0 
1924.0 680.0 
1921.0 683.0 
2291.0 580.0 
2286.0 583.0 
2209.0 584.0 
2090.0 586.0 
2435.0 575.0 
1922.0 697.0 
1944.0 670.0 
1989.0 622.0 
2259.0 589.0 
