1328.0 242.0 
528.0 309.0 
1163.0 249.0 
1840.0 224.0 
1328.0 242.0 
1356.0 235.0 
927.0 258.0 
1328.0 242.0 
541.0 299.0 
528.0 309.0 
1861.0 214.0 
745.0 266.0 
849.0 262.0 
1549.0 226.0 
469.0 326.0 
927.0 258.0 
1163.0 249.0 
507.0 321.0 
1253.0 245.0 
1331.0 238.0 
1349.0 236.0 
683.0 270.0 
557.0 282.0 
1001.0 252.0 
1195.0 246.0 
1163.0 249.0 
461.0 349.0 
544.0 300.0 
552.0 299.0 
529.0 310.0 
1875.0 223.0 
1871.0 224.0 
1878.0 222.0 
899.0 264.0 
861.0 265.0 
1680.0 232.0 
1827.0 226.0 
1747.0 227.0 
1653.0 233.0 
1571.0 235.0 
476.0 333.0 
507.0 332.0 
507.0 332.0 
509.0 321.0 
1353.0 238.0 
1353.0 238.0 
802.0 274.0 
751.0 280.0 
796.0 277.0 
557.0 289.0 
562.0 282.0 
1020.0 259.0 
1010.0 261.0 
1055.0 253.0 
1273.0 246.0 
1231.0 252.0 
465.0 361.0 
1878.0 223.0 
485.0 363.0 
485.0 363.0 
1234.0 252.0 
1090.0 263.0 
872.0 267.0 
1097.0 257.0 
1687.0 238.0 
1559.0 240.0 
559.0 305.0 
532.0 311.0 
493.0 341.0 
560.0 289.0 
1770.0 236.0 
518.0 325.0 
724.0 283.0 
1808.0 228.0 
584.0 284.0 
489.0 356.0 
1469.0 241.0 
1342.0 249.0 
758.0 280.0 
515.0 327.0 
1786.0 230.0 
867.0 271.0 
1429.0 242.0 
508.0 336.0 
814.0 279.0 
1362.0 246.0 
1380.0 243.0 
486.0 357.0 
575.0 288.0 
819.0 276.0 
826.0 274.0 
508.0 336.0 
1342.0 249.0 
583.0 285.0 
1090.0 263.0 
872.0 267.0 
724.0 283.0 
826.0 274.0 
1380.0 243.0 
489.0 356.0 
