1427.0 115.0 
849.0 143.0 
374.0 192.0 
1427.0 115.0 
849.0 143.0 
1273.0 123.0 
1324.0 122.0 
1427.0 115.0 
1273.0 123.0 
1427.0 115.0 
1592.0 107.0 
1374.0 118.0 
1329.0 120.0 
914.0 133.0 
1216.0 124.0 
1408.0 116.0 
1324.0 122.0 
369.0 198.0 
1536.0 109.0 
1374.0 118.0 
1324.0 122.0 
1592.0 107.0 
1184.0 125.0 
420.0 167.0 
721.0 147.0 
865.0 142.0 
893.0 134.0 
1401.0 117.0 
721.0 147.0 
1001.0 129.0 
1374.0 118.0 
1536.0 109.0 
343.0 218.0 
1408.0 116.0 
721.0 147.0 
1179.0 126.0 
721.0 147.0 
914.0 133.0 
576.0 156.0 
752.0 145.0 
1179.0 126.0 
576.0 156.0 
377.0 168.0 
893.0 134.0 
1703.0 103.0 
553.0 161.0 
893.0 134.0 
440.0 166.0 
914.0 133.0 
1699.0 104.0 
868.0 138.0 
915.0 130.0 
376.0 170.0 
340.0 221.0 
1155.0 127.0 
1676.0 105.0 
889.0 137.0 
1434.0 113.0 
914.0 133.0 
347.0 207.0 
1509.0 111.0 
345.0 220.0 
345.0 220.0 
1704.0 103.0 
1704.0 103.0 
1170.0 127.0 
381.0 171.0 
376.0 187.0 
971.0 130.0 
370.0 198.0 
477.0 166.0 
722.0 155.0 
1273.0 125.0 
1597.0 108.0 
566.0 165.0 
1537.0 112.0 
1686.0 105.0 
758.0 145.0 
1369.0 124.0 
350.0 208.0 
581.0 156.0 
726.0 147.0 
855.0 144.0 
1481.0 113.0 
918.0 132.0 
898.0 136.0 
1429.0 115.0 
350.0 208.0 
580.0 157.0 
1378.0 120.0 
1403.0 117.0 
877.0 140.0 
868.0 142.0 
581.0 156.0 
345.0 220.0 
345.0 220.0 
350.0 208.0 
350.0 208.0 
350.0 208.0 
350.0 208.0 
