120.0 25.0 
120.0 25.0 
90.0 27.0 
111.0 26.0 
111.0 26.0 
120.0 25.0 
111.0 26.0 
120.0 25.0 
120.0 25.0 
120.0 25.0 
120.0 25.0 
111.0 26.0 
86.0 29.0 
111.0 26.0 
87.0 30.0 
87.0 30.0 
117.0 26.0 
93.0 27.0 
88.0 29.0 
88.0 29.0 
87.0 30.0 
88.0 29.0 
87.0 30.0 
87.0 30.0 
87.0 30.0 
87.0 30.0 
87.0 30.0 
87.0 30.0 
87.0 30.0 
87.0 30.0 
87.0 30.0 
87.0 30.0 
87.0 30.0 
87.0 30.0 
87.0 30.0 
87.0 30.0 
87.0 30.0 
87.0 30.0 
87.0 30.0 
87.0 30.0 
87.0 30.0 
87.0 30.0 
87.0 30.0 
87.0 30.0 
87.0 30.0 
87.0 30.0 
87.0 30.0 
87.0 30.0 
87.0 30.0 
87.0 30.0 
87.0 30.0 
87.0 30.0 
87.0 30.0 
87.0 30.0 
87.0 30.0 
87.0 30.0 
87.0 30.0 
87.0 30.0 
87.0 30.0 
87.0 30.0 
87.0 30.0 
87.0 30.0 
87.0 30.0 
87.0 30.0 
87.0 30.0 
87.0 30.0 
87.0 30.0 
87.0 30.0 
87.0 30.0 
87.0 30.0 
87.0 30.0 
87.0 30.0 
87.0 30.0 
87.0 30.0 
87.0 30.0 
87.0 30.0 
87.0 30.0 
87.0 30.0 
87.0 30.0 
87.0 30.0 
87.0 30.0 
87.0 30.0 
87.0 30.0 
87.0 30.0 
87.0 30.0 
87.0 30.0 
87.0 30.0 
87.0 30.0 
87.0 30.0 
87.0 30.0 
87.0 30.0 
87.0 30.0 
87.0 30.0 
87.0 30.0 
87.0 30.0 
87.0 30.0 
87.0 30.0 
87.0 30.0 
87.0 30.0 
87.0 30.0 
