1819.0 465.0 
1662.0 493.0 
1757.0 472.0 
1721.0 484.0 
1617.0 511.0 
1819.0 465.0 
1611.0 518.0 
1819.0 465.0 
1654.0 497.0 
1662.0 493.0 
1739.0 477.0 
1737.0 480.0 
1673.0 490.0 
1750.0 475.0 
1597.0 527.0 
1647.0 499.0 
1632.0 505.0 
1640.0 504.0 
1687.0 489.0 
1798.0 469.0 
1819.0 465.0 
1750.0 475.0 
1654.0 497.0 
1662.0 493.0 
1591.0 528.0 
1689.0 487.0 
1819.0 465.0 
1670.0 492.0 
1662.0 493.0 
1598.0 522.0 
1628.0 509.0 
1721.0 484.0 
1692.0 485.0 
1687.0 489.0 
1654.0 497.0 
1759.0 472.0 
1759.0 472.0 
1759.0 472.0 
1759.0 472.0 
1618.0 515.0 
1621.0 512.0 
1620.0 513.0 
1617.0 519.0 
1611.0 520.0 
1741.0 477.0 
1741.0 477.0 
1680.0 491.0 
1650.0 499.0 
1633.0 506.0 
1639.0 505.0 
1639.0 505.0 
1646.0 504.0 
1803.0 470.0 
1801.0 471.0 
1801.0 471.0 
1824.0 465.0 
1824.0 465.0 
1824.0 465.0 
1824.0 465.0 
1676.0 492.0 
1669.0 494.0 
1669.0 494.0 
1669.0 494.0 
1669.0 494.0 
1668.0 495.0 
1601.0 524.0 
1601.0 524.0 
1601.0 524.0 
1601.0 524.0 
1601.0 524.0 
1608.0 522.0 
1600.0 527.0 
1608.0 522.0 
1608.0 522.0 
1608.0 522.0 
1629.0 510.0 
1629.0 510.0 
1629.0 510.0 
1629.0 510.0 
1629.0 510.0 
1629.0 510.0 
1629.0 510.0 
1629.0 510.0 
1629.0 510.0 
1730.0 484.0 
1730.0 484.0 
1730.0 484.0 
1694.0 486.0 
1694.0 486.0 
1728.0 485.0 
1728.0 485.0 
1728.0 485.0 
1694.0 486.0 
1728.0 485.0 
1690.0 489.0 
1690.0 489.0 
1690.0 489.0 
1655.0 497.0 
1824.0 468.0 
1604.0 524.0 
