3419.0 914.0 
2887.0 1021.0 
3429.0 911.0 
3522.0 871.0 
2934.0 977.0 
3117.0 935.0 
3157.0 921.0 
2942.0 961.0 
3239.0 916.0 
2879.0 1036.0 
3477.0 908.0 
3825.0 884.0 
3562.0 887.0 
3545.0 906.0 
3555.0 896.0 
3174.0 929.0 
3159.0 951.0 
3194.0 923.0 
2959.0 1007.0 
2983.0 996.0 
2983.0 996.0 
2992.0 977.0 
2990.0 995.0 
3351.0 921.0 
2906.0 1122.0 
2950.0 1042.0 
2947.0 1059.0 
2950.0 1042.0 
2919.0 1066.0 
2950.0 1042.0 
3488.0 914.0 
3535.0 910.0 
3732.0 891.0 
3767.0 887.0 
3732.0 891.0 
3558.0 909.0 
3588.0 899.0 
3588.0 899.0 
3192.0 935.0 
3175.0 973.0 
3185.0 955.0 
3159.0 976.0 
3302.0 930.0 
3239.0 932.0 
2970.0 1008.0 
2959.0 1018.0 
2970.0 1008.0 
3021.0 987.0 
3029.0 984.0 
3484.0 921.0 
3464.0 925.0 
2915.0 1133.0 
2939.0 1100.0 
2939.0 1100.0 
2939.0 1100.0 
2939.0 1100.0 
2945.0 1074.0 
2952.0 1054.0 
2952.0 1054.0 
2956.0 1052.0 
2958.0 1042.0 
2952.0 1054.0 
3516.0 917.0 
3735.0 891.0 
3644.0 916.0 
3223.0 944.0 
3223.0 944.0 
3199.0 947.0 
3194.0 977.0 
3240.0 932.0 
2997.0 1017.0 
2997.0 1017.0 
2973.0 1034.0 
3021.0 1003.0 
3024.0 1001.0 
3021.0 1003.0 
3088.0 985.0 
3088.0 985.0 
3125.0 984.0 
3030.0 993.0 
3057.0 992.0 
3481.0 930.0 
2930.0 1136.0 
2927.0 1159.0 
2939.0 1124.0 
2959.0 1067.0 
2953.0 1071.0 
3554.0 920.0 
3536.0 925.0 
3791.0 891.0 
2941.0 1130.0 
3547.0 932.0 
2953.0 1080.0 
3741.0 903.0 
3265.0 936.0 
3398.0 934.0 
3063.0 995.0 
3651.0 918.0 
3163.0 987.0 
3199.0 963.0 
