1642.0 532.0 
1898.0 458.0 
1642.0 532.0 
1880.0 464.0 
1767.0 483.0 
1836.0 467.0 
1754.0 492.0 
1792.0 475.0 
1738.0 495.0 
1670.0 520.0 
1826.0 469.0 
1783.0 478.0 
1810.0 474.0 
1694.0 514.0 
1880.0 464.0 
1744.0 493.0 
1686.0 515.0 
1662.0 524.0 
1646.0 531.0 
1658.0 525.0 
1820.0 473.0 
1728.0 500.0 
1669.0 521.0 
1836.0 467.0 
1686.0 515.0 
1776.0 481.0 
1722.0 502.0 
1728.0 500.0 
1754.0 492.0 
1720.0 503.0 
1716.0 505.0 
1707.0 508.0 
1658.0 525.0 
1646.0 531.0 
1716.0 505.0 
1776.0 481.0 
1707.0 508.0 
1703.0 511.0 
1703.0 511.0 
1820.0 473.0 
1704.0 510.0 
1704.0 510.0 
1642.0 532.0 
1754.0 492.0 
1728.0 500.0 
1716.0 505.0 
1836.0 467.0 
1646.0 531.0 
1776.0 481.0 
1703.0 511.0 
1820.0 473.0 
1642.0 532.0 
1716.0 505.0 
1820.0 473.0 
1728.0 500.0 
1754.0 492.0 
1646.0 531.0 
1728.0 500.0 
1642.0 532.0 
1754.0 492.0 
1646.0 531.0 
1642.0 532.0 
1728.0 500.0 
1646.0 531.0 
1642.0 532.0 
1716.0 505.0 
1642.0 532.0 
1728.0 500.0 
1642.0 532.0 
1646.0 531.0 
1820.0 473.0 
1728.0 500.0 
1728.0 500.0 
1820.0 473.0 
1820.0 473.0 
1754.0 492.0 
1642.0 532.0 
1820.0 473.0 
1820.0 473.0 
1642.0 532.0 
1728.0 500.0 
1728.0 500.0 
1646.0 531.0 
1716.0 505.0 
1754.0 492.0 
1642.0 532.0 
1703.0 511.0 
1642.0 532.0 
1836.0 467.0 
1646.0 531.0 
1820.0 473.0 
1646.0 531.0 
1820.0 473.0 
1646.0 531.0 
1728.0 500.0 
1754.0 492.0 
1728.0 500.0 
1754.0 492.0 
1642.0 532.0 
1642.0 532.0 
