213.0 98.0 
233.0 202.0 
239.0 195.0 
265.0 190.0 
306.0 142.0 
274.0 146.0 
239.0 195.0 
268.0 178.0 
343.0 138.0 
295.0 167.0 
248.0 207.0 
241.0 257.0 
273.0 178.0 
270.0 190.0 
441.0 142.0 
368.0 155.0 
321.0 173.0 
264.0 220.0 
269.0 213.0 
265.0 215.0 
258.0 233.0 
314.0 179.0 
304.0 180.0 
275.0 183.0 
270.0 207.0 
531.0 151.0 
424.0 171.0 
433.0 168.0 
465.0 164.0 
400.0 172.0 
446.0 167.0 
339.0 177.0 
267.0 217.0 
258.0 237.0 
328.0 180.0 
278.0 183.0 
273.0 210.0 
271.0 214.0 
546.0 160.0 
439.0 168.0 
423.0 175.0 
423.0 175.0 
432.0 173.0 
410.0 177.0 
386.0 179.0 
268.0 226.0 
259.0 275.0 
259.0 275.0 
263.0 248.0 
299.0 188.0 
279.0 207.0 
280.0 203.0 
281.0 197.0 
559.0 165.0 
464.0 170.0 
433.0 174.0 
386.0 184.0 
423.0 183.0 
268.0 275.0 
264.0 284.0 
270.0 250.0 
301.0 189.0 
289.0 199.0 
282.0 227.0 
283.0 225.0 
287.0 216.0 
605.0 169.0 
497.0 170.0 
494.0 173.0 
440.0 174.0 
418.0 186.0 
429.0 184.0 
265.0 291.0 
277.0 273.0 
274.0 277.0 
411.0 189.0 
318.0 190.0 
315.0 196.0 
309.0 200.0 
308.0 205.0 
283.0 249.0 
295.0 222.0 
294.0 224.0 
293.0 225.0 
293.0 225.0 
287.0 228.0 
294.0 224.0 
451.0 176.0 
265.0 325.0 
591.0 178.0 
489.0 183.0 
581.0 179.0 
297.0 241.0 
394.0 192.0 
285.0 263.0 
335.0 197.0 
271.0 298.0 
481.0 186.0 
280.0 278.0 
428.0 187.0 
