116.0 61.0 
123.0 49.0 
119.0 52.0 
140.0 47.0 
118.0 56.0 
147.0 45.0 
125.0 50.0 
125.0 50.0 
124.0 51.0 
125.0 50.0 
125.0 50.0 
125.0 50.0 
125.0 50.0 
123.0 52.0 
122.0 53.0 
120.0 55.0 
141.0 49.0 
141.0 49.0 
118.0 57.0 
147.0 47.0 
150.0 46.0 
150.0 46.0 
147.0 47.0 
147.0 47.0 
150.0 46.0 
125.0 51.0 
127.0 50.0 
127.0 50.0 
124.0 52.0 
124.0 52.0 
124.0 52.0 
124.0 52.0 
123.0 53.0 
123.0 53.0 
121.0 56.0 
121.0 56.0 
121.0 56.0 
121.0 56.0 
122.0 55.0 
121.0 56.0 
121.0 56.0 
121.0 56.0 
145.0 49.0 
119.0 57.0 
118.0 58.0 
148.0 47.0 
148.0 47.0 
126.0 51.0 
129.0 50.0 
125.0 52.0 
123.0 54.0 
124.0 53.0 
124.0 53.0 
124.0 53.0 
123.0 54.0 
123.0 54.0 
123.0 54.0 
122.0 56.0 
122.0 56.0 
121.0 57.0 
121.0 57.0 
118.0 60.0 
119.0 58.0 
119.0 58.0 
118.0 60.0 
149.0 47.0 
148.0 48.0 
149.0 47.0 
148.0 48.0 
148.0 48.0 
149.0 47.0 
118.0 61.0 
118.0 61.0 
150.0 47.0 
150.0 47.0 
139.0 50.0 
148.0 49.0 
127.0 51.0 
120.0 58.0 
123.0 55.0 
125.0 54.0 
122.0 57.0 
126.0 52.0 
119.0 59.0 
127.0 51.0 
126.0 52.0 
123.0 55.0 
125.0 54.0 
122.0 57.0 
119.0 59.0 
149.0 48.0 
149.0 48.0 
127.0 51.0 
127.0 51.0 
127.0 51.0 
126.0 52.0 
123.0 55.0 
123.0 55.0 
123.0 55.0 
123.0 55.0 
