126.0 37.0 
70.0 42.0 
126.0 37.0 
82.0 39.0 
84.0 38.0 
76.0 41.0 
75.0 44.0 
128.0 37.0 
128.0 37.0 
82.0 40.0 
84.0 39.0 
84.0 39.0 
84.0 39.0 
84.0 39.0 
85.0 38.0 
84.0 39.0 
84.0 39.0 
84.0 39.0 
84.0 39.0 
84.0 39.0 
84.0 39.0 
84.0 39.0 
84.0 39.0 
84.0 39.0 
85.0 38.0 
84.0 39.0 
78.0 41.0 
77.0 42.0 
77.0 42.0 
77.0 42.0 
75.0 45.0 
88.0 38.0 
88.0 38.0 
88.0 38.0 
88.0 38.0 
85.0 39.0 
84.0 40.0 
84.0 40.0 
85.0 39.0 
84.0 40.0 
84.0 40.0 
85.0 39.0 
84.0 40.0 
85.0 39.0 
84.0 40.0 
85.0 39.0 
84.0 40.0 
79.0 41.0 
79.0 41.0 
77.0 43.0 
78.0 42.0 
75.0 46.0 
76.0 45.0 
75.0 46.0 
76.0 45.0 
75.0 46.0 
90.0 38.0 
90.0 38.0 
86.0 39.0 
86.0 39.0 
86.0 39.0 
86.0 39.0 
86.0 39.0 
85.0 40.0 
85.0 40.0 
85.0 40.0 
85.0 40.0 
85.0 40.0 
85.0 40.0 
80.0 41.0 
80.0 41.0 
77.0 44.0 
77.0 44.0 
77.0 44.0 
77.0 44.0 
77.0 44.0 
77.0 44.0 
77.0 44.0 
77.0 44.0 
77.0 44.0 
79.0 42.0 
79.0 42.0 
78.0 43.0 
78.0 43.0 
78.0 43.0 
78.0 43.0 
78.0 43.0 
78.0 43.0 
79.0 42.0 
78.0 43.0 
76.0 46.0 
122.0 38.0 
87.0 39.0 
86.0 40.0 
81.0 41.0 
87.0 39.0 
86.0 40.0 
81.0 41.0 
77.0 45.0 
77.0 45.0 
