137.0 44.0 
130.0 45.0 
127.0 46.0 
137.0 44.0 
145.0 41.0 
142.0 43.0 
112.0 50.0 
116.0 49.0 
111.0 51.0 
125.0 47.0 
132.0 45.0 
130.0 46.0 
141.0 44.0 
146.0 41.0 
145.0 43.0 
145.0 43.0 
117.0 49.0 
113.0 55.0 
116.0 52.0 
116.0 52.0 
111.0 56.0 
129.0 48.0 
134.0 45.0 
131.0 47.0 
146.0 42.0 
128.0 49.0 
120.0 50.0 
115.0 55.0 
115.0 55.0 
115.0 55.0 
117.0 53.0 
112.0 56.0 
112.0 56.0 
135.0 45.0 
132.0 47.0 
132.0 47.0 
147.0 42.0 
146.0 43.0 
147.0 42.0 
147.0 42.0 
129.0 49.0 
129.0 49.0 
129.0 49.0 
122.0 50.0 
120.0 51.0 
122.0 50.0 
116.0 55.0 
116.0 55.0 
116.0 55.0 
116.0 55.0 
112.0 57.0 
115.0 56.0 
137.0 45.0 
133.0 47.0 
148.0 42.0 
148.0 42.0 
148.0 42.0 
131.0 49.0 
120.0 53.0 
120.0 53.0 
120.0 53.0 
123.0 51.0 
123.0 51.0 
123.0 51.0 
124.0 50.0 
118.0 55.0 
113.0 62.0 
114.0 57.0 
138.0 45.0 
138.0 45.0 
138.0 45.0 
137.0 46.0 
138.0 45.0 
133.0 48.0 
133.0 48.0 
134.0 47.0 
148.0 43.0 
148.0 43.0 
148.0 43.0 
120.0 54.0 
121.0 53.0 
125.0 50.0 
124.0 52.0 
124.0 52.0 
118.0 56.0 
118.0 56.0 
115.0 58.0 
114.0 60.0 
115.0 58.0 
149.0 43.0 
114.0 61.0 
120.0 55.0 
134.0 48.0 
126.0 51.0 
140.0 45.0 
116.0 58.0 
128.0 50.0 
122.0 53.0 
116.0 58.0 
140.0 45.0 
