352.0 200.0 
365.0 189.0 
378.0 163.0 
360.0 201.0 
386.0 168.0 
386.0 187.0 
391.0 170.0 
392.0 170.0 
399.0 171.0 
399.0 171.0 
399.0 171.0 
399.0 171.0 
399.0 175.0 
428.0 177.0 
404.0 199.0 
423.0 191.0 
401.0 218.0 
460.0 180.0 
600.0 178.0 
405.0 202.0 
408.0 201.0 
404.0 261.0 
404.0 261.0 
471.0 186.0 
464.0 193.0 
413.0 219.0 
413.0 219.0 
412.0 225.0 
426.0 204.0 
435.0 202.0 
435.0 202.0 
413.0 219.0 
426.0 204.0 
648.0 192.0 
468.0 193.0 
421.0 244.0 
435.0 219.0 
440.0 204.0 
469.0 201.0 
482.0 197.0 
504.0 196.0 
504.0 196.0 
472.0 198.0 
433.0 250.0 
433.0 250.0 
436.0 247.0 
446.0 209.0 
636.0 198.0 
475.0 199.0 
451.0 213.0 
447.0 219.0 
529.0 199.0 
513.0 206.0 
492.0 217.0 
448.0 225.0 
453.0 219.0 
555.0 201.0 
538.0 205.0 
532.0 210.0 
452.0 237.0 
457.0 219.0 
454.0 233.0 
630.0 209.0 
534.0 211.0 
458.0 227.0 
507.0 219.0 
468.0 226.0 
484.0 221.0 
455.0 236.0 
635.0 210.0 
559.0 215.0 
574.0 213.0 
548.0 216.0 
544.0 217.0 
459.0 227.0 
514.0 220.0 
502.0 224.0 
650.0 210.0 
635.0 214.0 
593.0 217.0 
564.0 219.0 
479.0 227.0 
467.0 251.0 
472.0 242.0 
465.0 281.0 
473.0 237.0 
640.0 221.0 
571.0 226.0 
487.0 232.0 
492.0 228.0 
481.0 234.0 
499.0 227.0 
476.0 240.0 
473.0 271.0 
679.0 225.0 
494.0 231.0 
491.0 235.0 
491.0 235.0 
507.0 227.0 
479.0 240.0 
