1684.0 326.0 
905.0 353.0 
882.0 358.0 
1754.0 308.0 
700.0 359.0 
2463.0 325.0 
1763.0 341.0 
1968.0 335.0 
1785.0 339.0 
2239.0 330.0 
844.0 379.0 
922.0 373.0 
912.0 376.0 
1651.0 361.0 
714.0 383.0 
1100.0 364.0 
2463.0 326.0 
1763.0 350.0 
2095.0 345.0 
1905.0 347.0 
2431.0 334.0 
886.0 381.0 
906.0 379.0 
916.0 377.0 
757.0 396.0 
751.0 408.0 
830.0 383.0 
1235.0 366.0 
2469.0 329.0 
1818.0 364.0 
2198.0 345.0 
2091.0 350.0 
1998.0 361.0 
2026.0 355.0 
1926.0 363.0 
918.0 380.0 
772.0 419.0 
784.0 417.0 
846.0 385.0 
908.0 384.0 
1495.0 367.0 
1267.0 375.0 
1269.0 370.0 
1746.0 366.0 
1332.0 369.0 
2389.0 348.0 
2104.0 358.0 
801.0 425.0 
826.0 420.0 
897.0 395.0 
893.0 406.0 
852.0 407.0 
1094.0 384.0 
1081.0 387.0 
1094.0 384.0 
1072.0 392.0 
1267.0 383.0 
1821.0 369.0 
1344.0 373.0 
1768.0 372.0 
2122.0 359.0 
2284.0 358.0 
801.0 431.0 
809.0 429.0 
935.0 395.0 
908.0 404.0 
885.0 420.0 
1091.0 388.0 
1091.0 388.0 
1278.0 385.0 
1877.0 370.0 
1385.0 373.0 
2148.0 365.0 
812.0 437.0 
942.0 395.0 
914.0 404.0 
901.0 427.0 
1149.0 393.0 
1195.0 391.0 
1337.0 385.0 
2110.0 370.0 
2108.0 372.0 
1432.0 375.0 
1432.0 375.0 
1405.0 376.0 
817.0 437.0 
812.0 438.0 
1077.0 396.0 
916.0 425.0 
928.0 405.0 
1257.0 394.0 
2445.0 370.0 
1410.0 386.0 
1408.0 389.0 
1466.0 384.0 
2152.0 377.0 
1511.0 381.0 
1662.0 378.0 
812.0 462.0 
2694.0 375.0 
