96.0 37.0 
96.0 37.0 
96.0 37.0 
96.0 37.0 
96.0 37.0 
96.0 37.0 
96.0 37.0 
96.0 37.0 
96.0 37.0 
96.0 37.0 
112.0 35.0 
96.0 37.0 
96.0 37.0 
112.0 35.0 
96.0 37.0 
96.0 37.0 
96.0 37.0 
96.0 37.0 
112.0 35.0 
96.0 37.0 
112.0 35.0 
96.0 37.0 
96.0 37.0 
96.0 37.0 
96.0 37.0 
112.0 35.0 
96.0 37.0 
96.0 37.0 
96.0 37.0 
96.0 37.0 
96.0 37.0 
96.0 37.0 
96.0 37.0 
96.0 37.0 
114.0 35.0 
114.0 35.0 
96.0 38.0 
96.0 38.0 
98.0 37.0 
98.0 37.0 
114.0 35.0 
114.0 35.0 
114.0 35.0 
114.0 35.0 
114.0 35.0 
114.0 35.0 
114.0 35.0 
114.0 35.0 
114.0 35.0 
114.0 35.0 
114.0 35.0 
114.0 35.0 
114.0 35.0 
114.0 35.0 
114.0 35.0 
114.0 35.0 
114.0 35.0 
114.0 35.0 
114.0 35.0 
114.0 35.0 
114.0 35.0 
114.0 35.0 
114.0 35.0 
114.0 35.0 
114.0 35.0 
114.0 35.0 
114.0 35.0 
114.0 35.0 
114.0 35.0 
114.0 35.0 
114.0 35.0 
114.0 35.0 
114.0 35.0 
114.0 35.0 
114.0 35.0 
114.0 35.0 
114.0 35.0 
114.0 35.0 
114.0 35.0 
114.0 35.0 
114.0 35.0 
114.0 35.0 
114.0 35.0 
114.0 35.0 
114.0 35.0 
114.0 35.0 
114.0 35.0 
114.0 35.0 
96.0 38.0 
98.0 37.0 
96.0 38.0 
98.0 37.0 
98.0 37.0 
98.0 37.0 
96.0 38.0 
96.0 38.0 
96.0 38.0 
96.0 38.0 
98.0 37.0 
96.0 38.0 
