101.0 27.0 
101.0 27.0 
101.0 27.0 
101.0 27.0 
101.0 27.0 
101.0 27.0 
101.0 27.0 
101.0 27.0 
101.0 27.0 
101.0 27.0 
94.0 28.0 
101.0 27.0 
101.0 27.0 
101.0 27.0 
101.0 27.0 
95.0 29.0 
95.0 29.0 
103.0 27.0 
102.0 28.0 
102.0 28.0 
95.0 29.0 
95.0 29.0 
95.0 29.0 
95.0 29.0 
95.0 29.0 
95.0 29.0 
95.0 29.0 
95.0 29.0 
95.0 29.0 
95.0 29.0 
95.0 29.0 
95.0 29.0 
95.0 29.0 
95.0 29.0 
95.0 29.0 
95.0 29.0 
95.0 29.0 
95.0 29.0 
95.0 29.0 
95.0 29.0 
95.0 29.0 
95.0 29.0 
95.0 29.0 
95.0 29.0 
95.0 29.0 
95.0 29.0 
95.0 29.0 
95.0 29.0 
95.0 29.0 
95.0 29.0 
95.0 29.0 
95.0 29.0 
95.0 29.0 
95.0 29.0 
95.0 29.0 
95.0 29.0 
95.0 29.0 
95.0 29.0 
95.0 29.0 
95.0 29.0 
95.0 29.0 
95.0 29.0 
95.0 29.0 
95.0 29.0 
95.0 29.0 
95.0 29.0 
95.0 29.0 
95.0 29.0 
95.0 29.0 
95.0 29.0 
95.0 29.0 
95.0 29.0 
95.0 29.0 
95.0 29.0 
95.0 29.0 
102.0 28.0 
102.0 28.0 
102.0 28.0 
102.0 28.0 
102.0 28.0 
102.0 28.0 
102.0 28.0 
102.0 28.0 
102.0 28.0 
102.0 28.0 
102.0 28.0 
102.0 28.0 
102.0 28.0 
102.0 28.0 
102.0 28.0 
102.0 28.0 
102.0 28.0 
102.0 28.0 
102.0 28.0 
102.0 28.0 
102.0 28.0 
102.0 28.0 
102.0 28.0 
102.0 28.0 
102.0 28.0 
