2906.0 769.0 
2792.0 781.0 
2883.0 775.0 
2775.0 788.0 
2565.0 821.0 
3088.0 750.0 
3055.0 756.0 
3092.0 747.0 
2606.0 804.0 
2712.0 798.0 
2736.0 796.0 
2546.0 823.0 
3007.0 769.0 
2911.0 773.0 
2897.0 776.0 
2861.0 790.0 
3061.0 766.0 
3103.0 753.0 
2615.0 816.0 
2615.0 816.0 
2714.0 802.0 
2790.0 798.0 
2783.0 801.0 
2797.0 797.0 
2823.0 796.0 
2581.0 840.0 
2584.0 827.0 
2567.0 850.0 
3027.0 770.0 
2933.0 782.0 
2985.0 781.0 
2870.0 790.0 
2870.0 790.0 
2866.0 792.0 
2870.0 790.0 
3139.0 759.0 
3107.0 767.0 
3140.0 753.0 
2632.0 821.0 
2667.0 820.0 
2763.0 812.0 
2725.0 813.0 
2793.0 799.0 
2588.0 832.0 
2571.0 870.0 
3083.0 780.0 
3065.0 782.0 
2875.0 791.0 
3117.0 779.0 
3127.0 768.0 
3331.0 756.0 
3145.0 761.0 
3320.0 757.0 
3331.0 756.0 
2667.0 821.0 
2764.0 812.0 
2729.0 814.0 
2763.0 813.0 
2794.0 803.0 
2794.0 803.0 
2808.0 802.0 
2610.0 869.0 
2613.0 839.0 
2610.0 869.0 
2574.0 873.0 
2607.0 871.0 
3068.0 784.0 
3104.0 782.0 
2888.0 791.0 
3129.0 775.0 
3147.0 767.0 
3147.0 767.0 
2668.0 822.0 
2730.0 820.0 
2765.0 813.0 
2794.0 812.0 
2794.0 812.0 
2796.0 803.0 
2795.0 811.0 
2631.0 839.0 
2622.0 840.0 
2622.0 840.0 
2622.0 840.0 
2588.0 873.0 
2586.0 880.0 
2588.0 873.0 
3294.0 767.0 
2608.0 877.0 
2642.0 842.0 
3058.0 793.0 
3150.0 776.0 
2899.0 797.0 
2672.0 824.0 
2640.0 864.0 
3078.0 785.0 
2802.0 804.0 
2769.0 813.0 
2893.0 800.0 
2637.0 869.0 
2727.0 823.0 
