2553.0 433.0 
2116.0 444.0 
1889.0 498.0 
2197.0 439.0 
2553.0 433.0 
1976.0 493.0 
2553.0 433.0 
2197.0 439.0 
1872.0 509.0 
2007.0 476.0 
2012.0 454.0 
1884.0 502.0 
2553.0 433.0 
1889.0 498.0 
1976.0 493.0 
1889.0 498.0 
2035.0 453.0 
2197.0 439.0 
2097.0 445.0 
2005.0 478.0 
1872.0 509.0 
2197.0 439.0 
1976.0 493.0 
1978.0 480.0 
2118.0 441.0 
2415.0 437.0 
2197.0 439.0 
2197.0 439.0 
2016.0 454.0 
2553.0 435.0 
2553.0 435.0 
2553.0 435.0 
1892.0 498.0 
2052.0 453.0 
2098.0 447.0 
2097.0 448.0 
2097.0 448.0 
2098.0 447.0 
2098.0 447.0 
2097.0 448.0 
1880.0 509.0 
1880.0 509.0 
1985.0 487.0 
2001.0 481.0 
1989.0 482.0 
1984.0 493.0 
1984.0 493.0 
2007.0 480.0 
2007.0 480.0 
2007.0 480.0 
1989.0 482.0 
1989.0 482.0 
1985.0 487.0 
1989.0 482.0 
1984.0 493.0 
2121.0 441.0 
2121.0 441.0 
2121.0 441.0 
2280.0 439.0 
2280.0 439.0 
2280.0 439.0 
2280.0 439.0 
2280.0 439.0 
2554.0 437.0 
1882.0 513.0 
2283.0 439.0 
2124.0 441.0 
1990.0 490.0 
2017.0 465.0 
2283.0 439.0 
2011.0 480.0 
1922.0 502.0 
1922.0 502.0 
2098.0 448.0 
2053.0 453.0 
1907.0 509.0 
1911.0 507.0 
2022.0 460.0 
2053.0 453.0 
2032.0 459.0 
1998.0 486.0 
2011.0 480.0 
2103.0 447.0 
2124.0 441.0 
1991.0 487.0 
2032.0 459.0 
2103.0 447.0 
1998.0 486.0 
1991.0 487.0 
2032.0 459.0 
1922.0 502.0 
1922.0 502.0 
1922.0 502.0 
2053.0 453.0 
2053.0 453.0 
2053.0 453.0 
2053.0 453.0 
1998.0 486.0 
1991.0 487.0 
2124.0 441.0 
