2068.0 413.0 
1767.0 507.0 
2068.0 413.0 
1767.0 507.0 
1977.0 429.0 
1977.0 429.0 
1835.0 483.0 
1835.0 483.0 
2068.0 413.0 
2068.0 413.0 
1835.0 483.0 
2068.0 413.0 
1835.0 483.0 
1866.0 467.0 
1919.0 446.0 
2068.0 413.0 
1767.0 507.0 
1861.0 468.0 
1822.0 486.0 
1959.0 431.0 
1939.0 436.0 
1977.0 429.0 
1880.0 462.0 
1823.0 484.0 
1785.0 501.0 
1767.0 507.0 
2068.0 413.0 
1977.0 429.0 
1866.0 467.0 
2012.0 420.0 
2025.0 418.0 
1797.0 491.0 
1977.0 429.0 
2068.0 413.0 
1859.0 476.0 
1786.0 500.0 
1785.0 501.0 
1767.0 507.0 
1922.0 445.0 
1880.0 462.0 
1841.0 478.0 
1985.0 422.0 
1767.0 507.0 
1797.0 491.0 
1785.0 501.0 
1959.0 431.0 
1835.0 483.0 
1835.0 483.0 
1767.0 507.0 
1785.0 501.0 
1928.0 437.0 
2068.0 413.0 
1877.0 463.0 
2068.0 413.0 
2068.0 413.0 
2040.0 415.0 
1784.0 502.0 
1785.0 501.0 
1881.0 461.0 
1767.0 507.0 
1880.0 462.0 
1785.0 501.0 
2068.0 413.0 
1840.0 481.0 
1977.0 429.0 
1884.0 451.0 
1823.0 484.0 
1776.0 512.0 
1776.0 512.0 
2099.0 413.0 
2099.0 413.0 
1785.0 502.0 
1864.0 468.0 
1893.0 454.0 
1965.0 432.0 
1861.0 475.0 
1797.0 495.0 
1883.0 462.0 
1841.0 482.0 
1916.0 453.0 
1803.0 491.0 
2041.0 417.0 
2031.0 420.0 
2072.0 415.0 
2015.0 421.0 
1851.0 478.0 
1803.0 491.0 
1959.0 436.0 
2072.0 415.0 
1939.0 437.0 
1932.0 444.0 
1841.0 482.0 
1996.0 425.0 
1883.0 462.0 
1988.0 427.0 
1988.0 427.0 
1922.0 446.0 
1919.0 447.0 
1798.0 492.0 
1960.0 433.0 
