2090.0 694.0 
2378.0 680.0 
2122.0 686.0 
1980.0 741.0 
2090.0 694.0 
2335.0 685.0 
2343.0 681.0 
2060.0 700.0 
2381.0 679.0 
2123.0 692.0 
2132.0 688.0 
2233.0 687.0 
2003.0 760.0 
2056.0 747.0 
2106.0 695.0 
2122.0 694.0 
2352.0 686.0 
2369.0 681.0 
2060.0 716.0 
2070.0 700.0 
2060.0 716.0 
2124.0 693.0 
2152.0 688.0 
2152.0 688.0 
2152.0 688.0 
2152.0 688.0 
2141.0 689.0 
2260.0 687.0 
2052.0 766.0 
2372.0 681.0 
2370.0 684.0 
2078.0 711.0 
2097.0 701.0 
2092.0 709.0 
2097.0 701.0 
2067.0 721.0 
2073.0 717.0 
2064.0 725.0 
2130.0 693.0 
2130.0 693.0 
2124.0 694.0 
2153.0 688.0 
2264.0 687.0 
2376.0 681.0 
2083.0 711.0 
2098.0 705.0 
2070.0 721.0 
2075.0 717.0 
2066.0 725.0 
2147.0 693.0 
2147.0 693.0 
2125.0 695.0 
2139.0 694.0 
2167.0 689.0 
2280.0 687.0 
2280.0 687.0 
2268.0 688.0 
2377.0 681.0 
2085.0 711.0 
2100.0 705.0 
2100.0 705.0 
2071.0 721.0 
2071.0 721.0 
2076.0 717.0 
2068.0 727.0 
2067.0 728.0 
2068.0 727.0 
2067.0 728.0 
2158.0 693.0 
2127.0 697.0 
2133.0 696.0 
2138.0 695.0 
2126.0 699.0 
2138.0 695.0 
2263.0 689.0 
2253.0 692.0 
2279.0 688.0 
2381.0 681.0 
2088.0 713.0 
2087.0 714.0 
2086.0 716.0 
2113.0 705.0 
2113.0 705.0 
2102.0 706.0 
2072.0 722.0 
2071.0 726.0 
2072.0 722.0 
2077.0 718.0 
2076.0 721.0 
2078.0 717.0 
2068.0 728.0 
2391.0 684.0 
2391.0 684.0 
2069.0 728.0 
2069.0 728.0 
2351.0 688.0 
2258.0 692.0 
2172.0 693.0 
2267.0 689.0 
2074.0 722.0 
