4308.0 1131.0 
3957.0 1228.0 
4217.0 1172.0 
4465.0 1124.0 
3825.0 1238.0 
4024.0 1182.0 
3819.0 1288.0 
4557.0 1101.0 
4420.0 1175.0 
4522.0 1146.0 
4002.0 1257.0 
4075.0 1239.0 
4252.0 1214.0 
4313.0 1187.0 
3941.0 1347.0 
4673.0 1125.0 
4579.0 1159.0 
4055.0 1277.0 
4098.0 1243.0 
4481.0 1205.0 
5249.0 1128.0 
4642.0 1162.0 
4583.0 1181.0 
4064.0 1283.0 
4109.0 1246.0 
4432.0 1243.0 
4534.0 1211.0 
5313.0 1148.0 
5373.0 1139.0 
4740.0 1162.0 
4069.0 1304.0 
4177.0 1292.0 
4324.0 1266.0 
4444.0 1252.0 
4563.0 1218.0 
4906.0 1162.0 
4773.0 1198.0 
4794.0 1178.0 
4069.0 1330.0 
4200.0 1306.0 
4452.0 1253.0 
5061.0 1164.0 
4774.0 1220.0 
4816.0 1183.0 
4077.0 1372.0 
4141.0 1342.0 
4223.0 1322.0 
4362.0 1320.0 
4493.0 1286.0 
4494.0 1253.0 
5064.0 1171.0 
5865.0 1168.0 
4883.0 1190.0 
4848.0 1222.0 
4080.0 1381.0 
4160.0 1353.0 
4304.0 1344.0 
4433.0 1324.0 
4378.0 1334.0 
4555.0 1270.0 
4510.0 1316.0 
4513.0 1279.0 
5524.0 1171.0 
4993.0 1192.0 
4936.0 1202.0 
4876.0 1230.0 
4881.0 1224.0 
4133.0 1423.0 
4208.0 1357.0 
4194.0 1382.0 
4473.0 1352.0 
4477.0 1350.0 
4423.0 1353.0 
4677.0 1278.0 
4677.0 1278.0 
4709.0 1276.0 
4700.0 1277.0 
4641.0 1312.0 
4573.0 1313.0 
5809.0 1172.0 
5809.0 1172.0 
5239.0 1192.0 
5007.0 1195.0 
4959.0 1202.0 
4916.0 1260.0 
4365.0 1380.0 
4196.0 1390.0 
4224.0 1382.0 
4446.0 1366.0 
4682.0 1299.0 
4872.0 1278.0 
4842.0 1293.0 
4610.0 1363.0 
4681.0 1330.0 
6092.0 1172.0 
4357.0 1386.0 
5349.0 1195.0 
5944.0 1184.0 
5083.0 1202.0 
4988.0 1250.0 
