2838.0 724.0 
2405.0 802.0 
2663.0 775.0 
2579.0 794.0 
2928.0 701.0 
2691.0 751.0 
2795.0 728.0 
2928.0 701.0 
2278.0 810.0 
2738.0 740.0 
2781.0 733.0 
3020.0 666.0 
2600.0 778.0 
2838.0 724.0 
2875.0 718.0 
3032.0 659.0 
2402.0 805.0 
2435.0 801.0 
2928.0 701.0 
3020.0 666.0 
2497.0 797.0 
2310.0 813.0 
2743.0 761.0 
2753.0 750.0 
2785.0 734.0 
2646.0 792.0 
2685.0 780.0 
2685.0 780.0 
2625.0 794.0 
2680.0 784.0 
2685.0 780.0 
2625.0 794.0 
2844.0 726.0 
2427.0 805.0 
2423.0 806.0 
3306.0 688.0 
3232.0 692.0 
3343.0 682.0 
3025.0 695.0 
2570.0 797.0 
2360.0 955.0 
2397.0 823.0 
2337.0 1001.0 
2362.0 849.0 
2341.0 984.0 
2762.0 777.0 
2787.0 740.0 
2795.0 735.0 
2727.0 790.0 
2758.0 789.0 
2855.0 729.0 
2919.0 726.0 
2855.0 729.0 
2432.0 811.0 
3327.0 694.0 
3327.0 694.0 
3327.0 694.0 
3401.0 692.0 
3028.0 695.0 
2652.0 800.0 
2668.0 798.0 
2374.0 883.0 
2374.0 883.0 
2393.0 864.0 
2383.0 879.0 
2413.0 861.0 
2419.0 853.0 
2365.0 996.0 
2769.0 788.0 
2781.0 777.0 
2779.0 780.0 
2778.0 786.0 
2781.0 777.0 
2789.0 753.0 
2728.0 796.0 
2728.0 796.0 
2744.0 790.0 
2971.0 727.0 
2954.0 728.0 
2860.0 729.0 
2474.0 813.0 
2441.0 828.0 
2434.0 829.0 
2452.0 826.0 
2554.0 811.0 
3500.0 694.0 
3032.0 698.0 
3031.0 723.0 
3290.0 695.0 
2665.0 803.0 
2375.0 1021.0 
2375.0 1021.0 
3316.0 696.0 
2404.0 897.0 
2938.0 737.0 
2400.0 978.0 
2462.0 826.0 
2425.0 858.0 
3096.0 719.0 
3185.0 700.0 
