91.0 40.0 
97.0 36.0 
97.0 36.0 
110.0 35.0 
91.0 40.0 
92.0 37.0 
91.0 40.0 
111.0 35.0 
111.0 35.0 
111.0 35.0 
111.0 35.0 
111.0 35.0 
111.0 35.0 
111.0 35.0 
111.0 35.0 
111.0 35.0 
94.0 37.0 
94.0 37.0 
94.0 37.0 
94.0 37.0 
94.0 37.0 
94.0 37.0 
91.0 42.0 
92.0 41.0 
92.0 41.0 
111.0 36.0 
94.0 38.0 
95.0 37.0 
94.0 38.0 
94.0 38.0 
94.0 38.0 
95.0 37.0 
94.0 38.0 
95.0 37.0 
94.0 38.0 
94.0 38.0 
94.0 38.0 
92.0 42.0 
93.0 41.0 
92.0 42.0 
93.0 41.0 
93.0 41.0 
92.0 42.0 
93.0 41.0 
112.0 36.0 
112.0 36.0 
112.0 36.0 
112.0 36.0 
112.0 36.0 
112.0 36.0 
112.0 36.0 
96.0 37.0 
95.0 38.0 
95.0 38.0 
95.0 38.0 
95.0 38.0 
95.0 38.0 
95.0 38.0 
92.0 44.0 
94.0 42.0 
94.0 42.0 
94.0 42.0 
94.0 42.0 
94.0 42.0 
94.0 42.0 
113.0 36.0 
113.0 36.0 
93.0 45.0 
97.0 37.0 
94.0 43.0 
95.0 39.0 
95.0 39.0 
97.0 37.0 
113.0 36.0 
113.0 36.0 
113.0 36.0 
113.0 36.0 
113.0 36.0 
113.0 36.0 
113.0 36.0 
113.0 36.0 
113.0 36.0 
113.0 36.0 
113.0 36.0 
113.0 36.0 
113.0 36.0 
113.0 36.0 
113.0 36.0 
113.0 36.0 
113.0 36.0 
113.0 36.0 
113.0 36.0 
113.0 36.0 
113.0 36.0 
113.0 36.0 
113.0 36.0 
113.0 36.0 
113.0 36.0 
113.0 36.0 
113.0 36.0 
