259.0 150.0 
290.0 110.0 
269.0 138.0 
287.0 112.0 
271.0 121.0 
300.0 110.0 
300.0 110.0 
269.0 147.0 
294.0 112.0 
288.0 113.0 
271.0 145.0 
272.0 139.0 
283.0 123.0 
269.0 164.0 
294.0 113.0 
294.0 113.0 
279.0 154.0 
280.0 142.0 
283.0 135.0 
288.0 126.0 
271.0 175.0 
273.0 167.0 
315.0 115.0 
299.0 122.0 
299.0 122.0 
300.0 116.0 
298.0 125.0 
299.0 122.0 
282.0 161.0 
282.0 161.0 
286.0 140.0 
285.0 155.0 
291.0 132.0 
292.0 128.0 
275.0 178.0 
300.0 118.0 
306.0 116.0 
306.0 116.0 
286.0 145.0 
285.0 158.0 
295.0 132.0 
292.0 143.0 
276.0 185.0 
277.0 179.0 
301.0 119.0 
301.0 119.0 
301.0 119.0 
301.0 119.0 
300.0 127.0 
301.0 119.0 
301.0 119.0 
301.0 119.0 
301.0 119.0 
316.0 117.0 
311.0 118.0 
286.0 154.0 
299.0 137.0 
299.0 137.0 
299.0 137.0 
297.0 143.0 
306.0 122.0 
301.0 127.0 
306.0 122.0 
301.0 127.0 
338.0 118.0 
316.0 119.0 
338.0 118.0 
291.0 159.0 
295.0 155.0 
290.0 165.0 
295.0 155.0 
286.0 170.0 
297.0 153.0 
309.0 122.0 
307.0 124.0 
306.0 129.0 
301.0 135.0 
301.0 135.0 
301.0 135.0 
301.0 135.0 
301.0 135.0 
304.0 131.0 
317.0 121.0 
321.0 120.0 
322.0 119.0 
322.0 119.0 
294.0 166.0 
294.0 166.0 
288.0 181.0 
292.0 175.0 
292.0 175.0 
298.0 165.0 
339.0 119.0 
290.0 183.0 
296.0 169.0 
302.0 151.0 
323.0 120.0 
296.0 169.0 
302.0 151.0 
304.0 135.0 
