70.0 29.0 
70.0 29.0 
76.0 27.0 
71.0 30.0 
71.0 30.0 
115.0 27.0 
115.0 27.0 
77.0 28.0 
77.0 28.0 
71.0 30.0 
71.0 30.0 
71.0 30.0 
71.0 30.0 
71.0 30.0 
71.0 30.0 
71.0 30.0 
71.0 30.0 
71.0 30.0 
71.0 30.0 
71.0 30.0 
71.0 30.0 
71.0 30.0 
71.0 30.0 
71.0 30.0 
71.0 30.0 
71.0 30.0 
71.0 30.0 
71.0 30.0 
71.0 30.0 
71.0 30.0 
71.0 30.0 
71.0 30.0 
71.0 30.0 
71.0 30.0 
71.0 30.0 
71.0 30.0 
71.0 30.0 
71.0 30.0 
71.0 30.0 
71.0 30.0 
71.0 30.0 
71.0 30.0 
71.0 30.0 
71.0 30.0 
71.0 30.0 
71.0 30.0 
71.0 30.0 
71.0 30.0 
71.0 30.0 
71.0 30.0 
71.0 30.0 
71.0 30.0 
71.0 30.0 
71.0 30.0 
71.0 30.0 
71.0 30.0 
71.0 30.0 
71.0 30.0 
71.0 30.0 
71.0 30.0 
71.0 30.0 
71.0 30.0 
71.0 30.0 
71.0 30.0 
71.0 30.0 
71.0 30.0 
71.0 30.0 
71.0 30.0 
71.0 30.0 
71.0 30.0 
71.0 30.0 
71.0 30.0 
71.0 30.0 
115.0 27.0 
77.0 28.0 
77.0 28.0 
77.0 28.0 
77.0 28.0 
77.0 28.0 
77.0 28.0 
77.0 28.0 
77.0 28.0 
77.0 28.0 
77.0 28.0 
115.0 27.0 
77.0 28.0 
77.0 28.0 
115.0 27.0 
115.0 27.0 
77.0 28.0 
77.0 28.0 
77.0 28.0 
77.0 28.0 
77.0 28.0 
77.0 28.0 
115.0 27.0 
77.0 28.0 
77.0 28.0 
77.0 28.0 
77.0 28.0 
