61.0 31.0 
52.0 85.0 
58.0 35.0 
63.0 30.0 
69.0 27.0 
59.0 33.0 
66.0 29.0 
57.0 36.0 
53.0 39.0 
63.0 31.0 
77.0 27.0 
76.0 28.0 
62.0 33.0 
67.0 30.0 
67.0 30.0 
73.0 29.0 
73.0 29.0 
57.0 37.0 
54.0 43.0 
54.0 43.0 
56.0 41.0 
53.0 76.0 
54.0 43.0 
63.0 32.0 
80.0 27.0 
78.0 28.0 
62.0 34.0 
68.0 30.0 
77.0 29.0 
77.0 29.0 
60.0 39.0 
60.0 39.0 
61.0 37.0 
59.0 40.0 
53.0 81.0 
57.0 44.0 
55.0 50.0 
54.0 60.0 
56.0 46.0 
54.0 60.0 
57.0 44.0 
65.0 32.0 
65.0 32.0 
63.0 33.0 
73.0 30.0 
68.0 31.0 
80.0 29.0 
80.0 29.0 
61.0 43.0 
61.0 43.0 
62.0 42.0 
61.0 43.0 
53.0 85.0 
55.0 55.0 
59.0 44.0 
58.0 45.0 
64.0 34.0 
64.0 34.0 
77.0 30.0 
71.0 31.0 
68.0 32.0 
84.0 29.0 
53.0 86.0 
53.0 86.0 
55.0 58.0 
61.0 44.0 
61.0 44.0 
58.0 46.0 
60.0 45.0 
60.0 45.0 
60.0 45.0 
58.0 46.0 
60.0 45.0 
58.0 46.0 
64.0 37.0 
80.0 30.0 
80.0 30.0 
80.0 30.0 
74.0 32.0 
74.0 32.0 
74.0 32.0 
74.0 32.0 
74.0 32.0 
74.0 32.0 
74.0 32.0 
74.0 32.0 
69.0 33.0 
68.0 36.0 
97.0 29.0 
54.0 90.0 
55.0 61.0 
56.0 59.0 
63.0 44.0 
61.0 45.0 
60.0 46.0 
58.0 47.0 
98.0 29.0 
55.0 62.0 
61.0 46.0 
84.0 30.0 
