49.0 18.0 
48.0 83.0 
48.0 83.0 
49.0 18.0 
49.0 18.0 
48.0 111.0 
48.0 111.0 
48.0 111.0 
48.0 111.0 
51.0 18.0 
51.0 18.0 
51.0 18.0 
49.0 19.0 
51.0 18.0 
51.0 18.0 
51.0 18.0 
51.0 18.0 
51.0 18.0 
49.0 19.0 
51.0 18.0 
51.0 18.0 
51.0 18.0 
51.0 18.0 
51.0 18.0 
51.0 18.0 
49.0 19.0 
51.0 18.0 
51.0 18.0 
50.0 19.0 
50.0 19.0 
50.0 19.0 
50.0 19.0 
50.0 19.0 
50.0 19.0 
49.0 20.0 
50.0 19.0 
50.0 19.0 
50.0 19.0 
50.0 19.0 
50.0 19.0 
50.0 19.0 
50.0 19.0 
50.0 19.0 
52.0 18.0 
49.0 29.0 
50.0 20.0 
51.0 19.0 
51.0 19.0 
51.0 19.0 
51.0 19.0 
51.0 19.0 
51.0 19.0 
50.0 20.0 
51.0 19.0 
51.0 19.0 
51.0 19.0 
51.0 19.0 
51.0 19.0 
51.0 19.0 
51.0 19.0 
51.0 19.0 
51.0 19.0 
50.0 20.0 
51.0 19.0 
51.0 19.0 
51.0 19.0 
51.0 19.0 
51.0 19.0 
50.0 20.0 
50.0 20.0 
51.0 19.0 
51.0 19.0 
51.0 19.0 
51.0 19.0 
51.0 19.0 
51.0 19.0 
50.0 20.0 
50.0 20.0 
51.0 19.0 
50.0 20.0 
51.0 19.0 
50.0 20.0 
51.0 19.0 
51.0 19.0 
51.0 19.0 
51.0 19.0 
51.0 19.0 
50.0 20.0 
50.0 20.0 
51.0 19.0 
50.0 20.0 
50.0 20.0 
51.0 19.0 
51.0 19.0 
51.0 19.0 
49.0 30.0 
49.0 30.0 
52.0 19.0 
52.0 19.0 
50.0 23.0 
