3106.0 835.0 
2794.0 884.0 
3106.0 835.0 
2671.0 903.0 
2486.0 935.0 
3106.0 835.0 
2776.0 899.0 
2486.0 935.0 
2601.0 915.0 
2486.0 935.0 
3108.0 830.0 
2798.0 870.0 
3106.0 835.0 
2486.0 935.0 
2469.0 942.0 
2545.0 929.0 
2794.0 884.0 
2456.0 1011.0 
2554.0 927.0 
2789.0 887.0 
3006.0 842.0 
2468.0 968.0 
2829.0 845.0 
2765.0 907.0 
2614.0 917.0 
2804.0 871.0 
3119.0 838.0 
2534.0 947.0 
2518.0 948.0 
2568.0 940.0 
2793.0 891.0 
2492.0 986.0 
2942.0 847.0 
2940.0 860.0 
2831.0 861.0 
2667.0 927.0 
2693.0 917.0 
2693.0 917.0 
3206.0 841.0 
3133.0 846.0 
2559.0 947.0 
2519.0 976.0 
2572.0 942.0 
2793.0 912.0 
2813.0 901.0 
2511.0 1009.0 
2503.0 1045.0 
2501.0 1056.0 
2971.0 852.0 
3032.0 850.0 
2899.0 864.0 
2953.0 862.0 
2834.0 874.0 
2688.0 929.0 
2678.0 941.0 
2722.0 918.0 
2695.0 924.0 
3261.0 844.0 
3217.0 845.0 
3430.0 842.0 
3134.0 847.0 
2526.0 977.0 
2519.0 1003.0 
2521.0 995.0 
2521.0 995.0 
2580.0 959.0 
2583.0 953.0 
2596.0 947.0 
2631.0 946.0 
2637.0 943.0 
2579.0 963.0 
2830.0 916.0 
3085.0 857.0 
3085.0 857.0 
2916.0 870.0 
3023.0 869.0 
2849.0 875.0 
2837.0 876.0 
2837.0 876.0 
2836.0 891.0 
2835.0 912.0 
2693.0 933.0 
2710.0 926.0 
2765.0 924.0 
2765.0 924.0 
3350.0 846.0 
3350.0 846.0 
3135.0 851.0 
3198.0 850.0 
2540.0 995.0 
2528.0 1055.0 
2612.0 951.0 
2636.0 947.0 
2606.0 982.0 
3122.0 858.0 
3004.0 871.0 
2938.0 874.0 
3037.0 869.0 
2843.0 876.0 
3145.0 851.0 
