2870.0 744.0 
2239.0 832.0 
2513.0 748.0 
2242.0 831.0 
2249.0 801.0 
2165.0 864.0 
2870.0 744.0 
2175.0 833.0 
2870.0 744.0 
2316.0 761.0 
2513.0 751.0 
2253.0 811.0 
2249.0 830.0 
2253.0 811.0 
2253.0 811.0 
2203.0 846.0 
2201.0 851.0 
2181.0 861.0 
2247.0 837.0 
2229.0 843.0 
2181.0 861.0 
2342.0 804.0 
2469.0 779.0 
2452.0 788.0 
2406.0 790.0 
2532.0 764.0 
2703.0 755.0 
3137.0 752.0 
2761.0 754.0 
2641.0 757.0 
3137.0 752.0 
2532.0 764.0 
2251.0 833.0 
2262.0 817.0 
2255.0 831.0 
2215.0 849.0 
2233.0 845.0 
2194.0 864.0 
2197.0 862.0 
2385.0 805.0 
2489.0 781.0 
2487.0 784.0 
2452.0 789.0 
2407.0 795.0 
2706.0 758.0 
2672.0 760.0 
2534.0 779.0 
2539.0 768.0 
2266.0 821.0 
2324.0 817.0 
2266.0 821.0 
2263.0 824.0 
2262.0 843.0 
2262.0 843.0 
2226.0 860.0 
2255.0 850.0 
2241.0 851.0 
2195.0 908.0 
2215.0 862.0 
2199.0 878.0 
2204.0 868.0 
2199.0 878.0 
2200.0 876.0 
2512.0 793.0 
2425.0 797.0 
2425.0 797.0 
2414.0 814.0 
2742.0 759.0 
2716.0 764.0 
2558.0 770.0 
2558.0 770.0 
2558.0 770.0 
2547.0 778.0 
2652.0 769.0 
2558.0 770.0 
2381.0 817.0 
2297.0 822.0 
2336.0 821.0 
2284.0 824.0 
2268.0 838.0 
2273.0 828.0 
2263.0 847.0 
2263.0 847.0 
2249.0 853.0 
2248.0 859.0 
2243.0 862.0 
2218.0 865.0 
2208.0 870.0 
2215.0 869.0 
2207.0 875.0 
2200.0 879.0 
2495.0 797.0 
2426.0 799.0 
2949.0 759.0 
2201.0 899.0 
2747.0 764.0 
2572.0 795.0 
2339.0 826.0 
2721.0 770.0 
2515.0 798.0 
