1773.0 98.0 
279.0 210.0 
1773.0 98.0 
1561.0 105.0 
300.0 203.0 
1181.0 119.0 
1041.0 123.0 
1688.0 103.0 
383.0 166.0 
305.0 196.0 
1316.0 116.0 
517.0 154.0 
611.0 148.0 
465.0 157.0 
733.0 142.0 
373.0 173.0 
1125.0 121.0 
1719.0 99.0 
385.0 163.0 
341.0 183.0 
438.0 162.0 
566.0 150.0 
784.0 137.0 
1515.0 108.0 
1449.0 109.0 
1260.0 117.0 
669.0 143.0 
289.0 209.0 
350.0 174.0 
1533.0 106.0 
1691.0 100.0 
1260.0 117.0 
1125.0 121.0 
1341.0 113.0 
917.0 131.0 
543.0 153.0 
309.0 193.0 
344.0 179.0 
1449.0 109.0 
1395.0 111.0 
834.0 136.0 
564.0 152.0 
965.0 129.0 
1022.0 126.0 
344.0 179.0 
965.0 129.0 
759.0 141.0 
1002.0 127.0 
459.0 161.0 
649.0 147.0 
1376.0 112.0 
331.0 186.0 
324.0 188.0 
895.0 134.0 
862.0 135.0 
1395.0 111.0 
914.0 133.0 
996.0 128.0 
779.0 139.0 
311.0 191.0 
862.0 135.0 
834.0 136.0 
324.0 188.0 
311.0 191.0 
1341.0 113.0 
331.0 186.0 
1376.0 112.0 
1022.0 126.0 
895.0 134.0 
1515.0 108.0 
917.0 131.0 
1688.0 103.0 
763.0 140.0 
656.0 145.0 
464.0 159.0 
669.0 143.0 
656.0 145.0 
289.0 209.0 
373.0 173.0 
350.0 174.0 
996.0 128.0 
654.0 146.0 
649.0 147.0 
779.0 139.0 
763.0 140.0 
463.0 160.0 
914.0 133.0 
654.0 146.0 
463.0 160.0 
464.0 159.0 
1773.0 98.0 
1260.0 117.0 
1449.0 109.0 
834.0 136.0 
324.0 188.0 
331.0 186.0 
1341.0 113.0 
895.0 134.0 
917.0 131.0 
373.0 173.0 
