14.0 18.0 
16.0 16.0 
16.0 16.0 
14.0 18.0 
19.0 13.0 
15.0 18.0 
14.0 19.0 
20.0 14.0 
19.0 15.0 
18.0 18.0 
14.0 21.0 
14.0 21.0 
17.0 19.0 
14.0 21.0 
25.0 14.0 
19.0 16.0 
18.0 19.0 
18.0 19.0 
17.0 21.0 
14.0 27.0 
14.0 27.0 
28.0 15.0 
28.0 15.0 
28.0 15.0 
24.0 16.0 
24.0 16.0 
22.0 18.0 
24.0 16.0 
23.0 17.0 
24.0 16.0 
24.0 16.0 
21.0 20.0 
18.0 21.0 
25.0 16.0 
25.0 16.0 
24.0 18.0 
25.0 16.0 
22.0 20.0 
20.0 21.0 
18.0 22.0 
18.0 22.0 
20.0 21.0 
27.0 16.0 
25.0 18.0 
25.0 18.0 
23.0 20.0 
23.0 20.0 
19.0 22.0 
19.0 22.0 
18.0 24.0 
18.0 24.0 
21.0 21.0 
21.0 21.0 
21.0 21.0 
21.0 21.0 
21.0 21.0 
28.0 17.0 
28.0 17.0 
29.0 16.0 
28.0 17.0 
27.0 18.0 
20.0 22.0 
18.0 27.0 
22.0 21.0 
22.0 21.0 
22.0 21.0 
22.0 21.0 
22.0 21.0 
22.0 21.0 
22.0 21.0 
22.0 21.0 
22.0 21.0 
22.0 21.0 
22.0 21.0 
22.0 21.0 
22.0 21.0 
22.0 21.0 
22.0 21.0 
22.0 21.0 
22.0 21.0 
29.0 17.0 
27.0 19.0 
28.0 18.0 
20.0 23.0 
19.0 27.0 
23.0 21.0 
31.0 18.0 
31.0 18.0 
28.0 19.0 
28.0 19.0 
28.0 19.0 
28.0 19.0 
20.0 25.0 
20.0 25.0 
35.0 18.0 
21.0 23.0 
29.0 19.0 
28.0 20.0 
24.0 21.0 
24.0 21.0 
