209.0 85.0 
197.0 96.0 
216.0 81.0 
187.0 97.0 
197.0 96.0 
210.0 95.0 
214.0 89.0 
210.0 95.0 
212.0 90.0 
231.0 81.0 
222.0 83.0 
231.0 81.0 
188.0 97.0 
187.0 98.0 
202.0 96.0 
216.0 90.0 
213.0 95.0 
225.0 89.0 
226.0 84.0 
281.0 82.0 
201.0 97.0 
201.0 97.0 
198.0 100.0 
198.0 100.0 
194.0 105.0 
198.0 100.0 
223.0 91.0 
216.0 92.0 
224.0 90.0 
223.0 91.0 
215.0 95.0 
230.0 88.0 
262.0 85.0 
230.0 88.0 
206.0 98.0 
206.0 98.0 
206.0 98.0 
194.0 108.0 
201.0 100.0 
200.0 101.0 
224.0 92.0 
215.0 97.0 
217.0 96.0 
271.0 86.0 
258.0 89.0 
250.0 91.0 
211.0 98.0 
208.0 99.0 
199.0 109.0 
202.0 100.0 
226.0 94.0 
226.0 94.0 
226.0 94.0 
226.0 94.0 
226.0 94.0 
226.0 94.0 
246.0 92.0 
216.0 97.0 
223.0 96.0 
288.0 86.0 
275.0 88.0 
275.0 88.0 
259.0 91.0 
213.0 98.0 
211.0 99.0 
209.0 100.0 
209.0 100.0 
205.0 103.0 
204.0 108.0 
238.0 94.0 
250.0 92.0 
220.0 97.0 
230.0 96.0 
279.0 88.0 
279.0 88.0 
279.0 88.0 
278.0 90.0 
279.0 88.0 
216.0 98.0 
212.0 99.0 
211.0 100.0 
206.0 105.0 
206.0 105.0 
207.0 104.0 
206.0 105.0 
205.0 109.0 
204.0 110.0 
256.0 92.0 
256.0 92.0 
256.0 92.0 
224.0 97.0 
224.0 97.0 
224.0 97.0 
224.0 97.0 
281.0 88.0 
219.0 98.0 
213.0 99.0 
208.0 108.0 
209.0 105.0 
206.0 112.0 
