309.0 140.0 
316.0 138.0 
298.0 157.0 
311.0 142.0 
324.0 144.0 
326.0 148.0 
329.0 144.0 
326.0 150.0 
360.0 144.0 
331.0 145.0 
330.0 156.0 
327.0 191.0 
331.0 150.0 
337.0 146.0 
337.0 146.0 
332.0 159.0 
341.0 154.0 
355.0 150.0 
336.0 201.0 
340.0 161.0 
353.0 154.0 
353.0 154.0 
346.0 158.0 
359.0 153.0 
359.0 153.0 
345.0 161.0 
341.0 197.0 
376.0 154.0 
369.0 155.0 
346.0 161.0 
477.0 159.0 
408.0 161.0 
347.0 162.0 
348.0 162.0 
348.0 162.0 
358.0 172.0 
358.0 172.0 
349.0 175.0 
369.0 166.0 
394.0 164.0 
367.0 173.0 
352.0 194.0 
366.0 187.0 
370.0 167.0 
525.0 165.0 
438.0 166.0 
355.0 213.0 
366.0 189.0 
370.0 168.0 
553.0 165.0 
539.0 166.0 
539.0 166.0 
363.0 224.0 
366.0 191.0 
371.0 170.0 
382.0 168.0 
369.0 192.0 
381.0 171.0 
372.0 174.0 
374.0 173.0 
374.0 173.0 
386.0 169.0 
540.0 168.0 
371.0 196.0 
370.0 235.0 
372.0 187.0 
372.0 187.0 
381.0 174.0 
391.0 169.0 
391.0 169.0 
371.0 208.0 
376.0 192.0 
380.0 190.0 
373.0 194.0 
383.0 174.0 
382.0 176.0 
456.0 170.0 
456.0 170.0 
446.0 172.0 
375.0 200.0 
374.0 208.0 
391.0 175.0 
391.0 175.0 
393.0 174.0 
391.0 175.0 
393.0 174.0 
382.0 193.0 
456.0 171.0 
465.0 170.0 
374.0 211.0 
392.0 192.0 
392.0 192.0 
394.0 185.0 
402.0 175.0 
389.0 195.0 
383.0 196.0 
559.0 173.0 
548.0 174.0 
377.0 211.0 
377.0 211.0 
