481.0 362.0 
578.0 302.0 
1426.0 243.0 
1422.0 246.0 
1673.0 230.0 
501.0 325.0 
481.0 362.0 
1613.0 231.0 
1022.0 254.0 
856.0 268.0 
483.0 344.0 
625.0 288.0 
1028.0 249.0 
501.0 325.0 
1186.0 247.0 
501.0 325.0 
883.0 262.0 
568.0 314.0 
644.0 272.0 
1186.0 247.0 
1740.0 213.0 
625.0 288.0 
1509.0 233.0 
838.0 269.0 
579.0 303.0 
1440.0 245.0 
1440.0 245.0 
874.0 268.0 
487.0 349.0 
485.0 357.0 
1036.0 261.0 
1036.0 261.0 
1039.0 259.0 
505.0 326.0 
505.0 326.0 
502.0 332.0 
1032.0 263.0 
577.0 314.0 
577.0 314.0 
700.0 285.0 
773.0 275.0 
1280.0 254.0 
1280.0 254.0 
1334.0 252.0 
1371.0 249.0 
1931.0 219.0 
1742.0 226.0 
1867.0 222.0 
1931.0 219.0 
1905.0 221.0 
1772.0 224.0 
671.0 288.0 
668.0 291.0 
655.0 293.0 
1510.0 233.0 
865.0 271.0 
593.0 310.0 
593.0 310.0 
606.0 308.0 
593.0 310.0 
1462.0 247.0 
1462.0 247.0 
1462.0 247.0 
928.0 268.0 
499.0 351.0 
495.0 356.0 
486.0 361.0 
490.0 359.0 
491.0 358.0 
1036.0 262.0 
1036.0 262.0 
1066.0 260.0 
571.0 326.0 
517.0 328.0 
571.0 326.0 
504.0 332.0 
742.0 286.0 
797.0 280.0 
777.0 283.0 
1298.0 256.0 
1369.0 252.0 
1943.0 219.0 
1853.0 228.0 
1862.0 226.0 
1853.0 228.0 
1776.0 230.0 
1776.0 230.0 
1891.0 224.0 
675.0 290.0 
675.0 290.0 
669.0 291.0 
669.0 291.0 
657.0 294.0 
1556.0 240.0 
1636.0 237.0 
1692.0 233.0 
876.0 277.0 
488.0 374.0 
488.0 374.0 
2040.0 224.0 
