661.0 332.0 
1958.0 253.0 
532.0 353.0 
530.0 363.0 
1958.0 253.0 
533.0 338.0 
1371.0 260.0 
647.0 334.0 
533.0 338.0 
661.0 332.0 
532.0 353.0 
1958.0 253.0 
1066.0 267.0 
693.0 299.0 
1581.0 257.0 
494.0 365.0 
2042.0 247.0 
915.0 281.0 
531.0 363.0 
1371.0 261.0 
561.0 349.0 
579.0 341.0 
561.0 349.0 
551.0 351.0 
1973.0 255.0 
1260.0 274.0 
1260.0 274.0 
1213.0 277.0 
752.0 318.0 
752.0 318.0 
858.0 312.0 
763.0 315.0 
858.0 312.0 
734.0 336.0 
734.0 336.0 
720.0 339.0 
910.0 306.0 
906.0 308.0 
1922.0 258.0 
1922.0 258.0 
511.0 371.0 
510.0 382.0 
506.0 386.0 
506.0 386.0 
506.0 386.0 
1155.0 289.0 
1155.0 289.0 
940.0 304.0 
955.0 290.0 
1194.0 287.0 
548.0 368.0 
1570.0 264.0 
1543.0 265.0 
1543.0 265.0 
660.0 341.0 
660.0 341.0 
579.0 342.0 
556.0 365.0 
2017.0 256.0 
2017.0 256.0 
1327.0 275.0 
1287.0 285.0 
1269.0 286.0 
1302.0 283.0 
1308.0 280.0 
760.0 327.0 
757.0 332.0 
771.0 316.0 
858.0 315.0 
872.0 314.0 
745.0 339.0 
745.0 339.0 
1964.0 263.0 
1976.0 258.0 
515.0 374.0 
512.0 377.0 
530.0 371.0 
1115.0 290.0 
1013.0 306.0 
1986.0 258.0 
1986.0 258.0 
512.0 380.0 
1550.0 269.0 
590.0 342.0 
1879.0 266.0 
1377.0 275.0 
773.0 335.0 
585.0 368.0 
1011.0 315.0 
1099.0 307.0 
1120.0 291.0 
1342.0 286.0 
844.0 316.0 
1140.0 290.0 
780.0 324.0 
1270.0 288.0 
534.0 372.0 
1932.0 264.0 
1025.0 309.0 
578.0 371.0 
