1255.0 257.0 
447.0 331.0 
1630.0 239.0 
484.0 298.0 
447.0 331.0 
721.0 284.0 
425.0 352.0 
1440.0 243.0 
448.0 309.0 
425.0 352.0 
438.0 346.0 
623.0 291.0 
1372.0 250.0 
776.0 275.0 
1645.0 227.0 
439.0 334.0 
979.0 261.0 
447.0 331.0 
452.0 303.0 
1354.0 258.0 
1341.0 259.0 
744.0 287.0 
1602.0 244.0 
449.0 324.0 
672.0 293.0 
704.0 292.0 
1402.0 257.0 
1402.0 257.0 
1582.0 256.0 
826.0 275.0 
1902.0 238.0 
1923.0 235.0 
1902.0 238.0 
1791.0 240.0 
1772.0 241.0 
1858.0 239.0 
1694.0 243.0 
444.0 366.0 
1270.0 261.0 
1045.0 270.0 
479.0 310.0 
479.0 310.0 
630.0 307.0 
651.0 303.0 
450.0 333.0 
454.0 327.0 
728.0 299.0 
707.0 300.0 
772.0 293.0 
1487.0 257.0 
987.0 281.0 
867.0 283.0 
1946.0 235.0 
1905.0 238.0 
1804.0 240.0 
1804.0 240.0 
1749.0 252.0 
1723.0 254.0 
1333.0 264.0 
1143.0 275.0 
1143.0 275.0 
483.0 312.0 
692.0 309.0 
674.0 310.0 
664.0 311.0 
460.0 331.0 
455.0 366.0 
455.0 366.0 
750.0 299.0 
707.0 308.0 
707.0 308.0 
729.0 304.0 
785.0 293.0 
1520.0 258.0 
1043.0 281.0 
1040.0 282.0 
1043.0 281.0 
929.0 283.0 
887.0 286.0 
1911.0 238.0 
1911.0 238.0 
1907.0 239.0 
1907.0 239.0 
1813.0 242.0 
1736.0 254.0 
1336.0 274.0 
1498.0 268.0 
1393.0 270.0 
1163.0 276.0 
1162.0 278.0 
1228.0 275.0 
491.0 323.0 
637.0 312.0 
507.0 313.0 
458.0 367.0 
1935.0 239.0 
1629.0 259.0 
462.0 353.0 
1817.0 250.0 
1460.0 271.0 
