141.0 40.0 
140.0 41.0 
105.0 44.0 
141.0 40.0 
110.0 42.0 
108.0 48.0 
106.0 50.0 
142.0 40.0 
110.0 43.0 
111.0 42.0 
109.0 49.0 
108.0 51.0 
142.0 41.0 
142.0 41.0 
142.0 41.0 
142.0 41.0 
142.0 41.0 
144.0 40.0 
142.0 41.0 
142.0 41.0 
142.0 41.0 
142.0 41.0 
110.0 45.0 
110.0 45.0 
112.0 44.0 
114.0 42.0 
112.0 44.0 
143.0 41.0 
143.0 41.0 
143.0 41.0 
143.0 41.0 
143.0 41.0 
110.0 47.0 
115.0 42.0 
115.0 42.0 
115.0 42.0 
114.0 43.0 
112.0 45.0 
144.0 41.0 
144.0 41.0 
111.0 47.0 
111.0 47.0 
111.0 47.0 
111.0 47.0 
111.0 47.0 
124.0 42.0 
124.0 42.0 
116.0 43.0 
115.0 44.0 
113.0 45.0 
113.0 45.0 
113.0 45.0 
113.0 45.0 
112.0 46.0 
113.0 45.0 
113.0 45.0 
112.0 46.0 
113.0 45.0 
145.0 41.0 
145.0 41.0 
145.0 41.0 
145.0 41.0 
145.0 41.0 
145.0 41.0 
145.0 41.0 
145.0 41.0 
111.0 49.0 
111.0 49.0 
137.0 42.0 
137.0 42.0 
117.0 43.0 
117.0 43.0 
116.0 44.0 
116.0 44.0 
112.0 47.0 
114.0 45.0 
113.0 46.0 
111.0 50.0 
141.0 42.0 
141.0 42.0 
134.0 43.0 
118.0 44.0 
114.0 46.0 
112.0 48.0 
118.0 44.0 
116.0 45.0 
116.0 45.0 
112.0 48.0 
113.0 47.0 
113.0 47.0 
112.0 48.0 
112.0 48.0 
112.0 48.0 
112.0 48.0 
113.0 47.0 
113.0 47.0 
113.0 47.0 
113.0 47.0 
113.0 47.0 
113.0 47.0 
