1607.0 206.0 
1104.0 229.0 
1179.0 216.0 
1568.0 207.0 
933.0 243.0 
1630.0 204.0 
1942.0 181.0 
472.0 285.0 
590.0 248.0 
1566.0 210.0 
536.0 256.0 
933.0 243.0 
941.0 234.0 
867.0 244.0 
1025.0 232.0 
1119.0 217.0 
1300.0 215.0 
502.0 269.0 
590.0 248.0 
1632.0 188.0 
1800.0 187.0 
1104.0 231.0 
1608.0 208.0 
1614.0 207.0 
1998.0 186.0 
2021.0 182.0 
472.0 286.0 
1566.0 213.0 
1591.0 211.0 
1581.0 212.0 
553.0 264.0 
584.0 263.0 
584.0 263.0 
584.0 263.0 
999.0 243.0 
1006.0 234.0 
940.0 245.0 
940.0 245.0 
878.0 246.0 
1070.0 232.0 
1174.0 228.0 
1184.0 218.0 
1426.0 215.0 
1374.0 217.0 
504.0 279.0 
519.0 270.0 
619.0 249.0 
619.0 249.0 
866.0 248.0 
604.0 251.0 
1763.0 188.0 
1744.0 193.0 
1711.0 200.0 
1972.0 187.0 
1616.0 207.0 
2021.0 185.0 
473.0 291.0 
1585.0 212.0 
1582.0 214.0 
553.0 266.0 
553.0 266.0 
1066.0 237.0 
1039.0 239.0 
1012.0 241.0 
996.0 245.0 
1167.0 232.0 
1094.0 233.0 
1167.0 232.0 
1348.0 220.0 
1253.0 221.0 
1223.0 226.0 
1215.0 231.0 
1348.0 220.0 
1440.0 218.0 
1395.0 219.0 
1444.0 217.0 
511.0 282.0 
508.0 290.0 
542.0 279.0 
540.0 281.0 
546.0 278.0 
714.0 250.0 
607.0 252.0 
705.0 251.0 
1778.0 189.0 
1767.0 192.0 
1763.0 199.0 
1735.0 203.0 
2020.0 188.0 
475.0 310.0 
475.0 310.0 
1828.0 189.0 
564.0 268.0 
1417.0 219.0 
931.0 250.0 
1558.0 218.0 
482.0 293.0 
1087.0 241.0 
1254.0 221.0 
1034.0 246.0 
