368.0 189.0 
339.0 200.0 
360.0 199.0 
574.0 165.0 
339.0 200.0 
408.0 175.0 
660.0 157.0 
1537.0 115.0 
368.0 189.0 
1537.0 115.0 
1604.0 113.0 
657.0 158.0 
360.0 199.0 
417.0 173.0 
637.0 159.0 
309.0 211.0 
660.0 157.0 
752.0 149.0 
1281.0 123.0 
574.0 165.0 
1744.0 105.0 
529.0 167.0 
411.0 174.0 
475.0 168.0 
1084.0 131.0 
1595.0 114.0 
1604.0 113.0 
1470.0 116.0 
585.0 161.0 
752.0 149.0 
1084.0 131.0 
309.0 211.0 
535.0 166.0 
657.0 158.0 
396.0 179.0 
1743.0 108.0 
671.0 156.0 
399.0 178.0 
1265.0 124.0 
821.0 147.0 
428.0 172.0 
1744.0 105.0 
475.0 168.0 
399.0 178.0 
752.0 149.0 
369.0 187.0 
880.0 142.0 
1636.0 109.0 
657.0 158.0 
689.0 153.0 
1608.0 111.0 
372.0 181.0 
574.0 165.0 
866.0 143.0 
309.0 211.0 
585.0 161.0 
430.0 171.0 
1084.0 131.0 
1419.0 119.0 
1035.0 134.0 
406.0 177.0 
312.0 202.0 
1743.0 108.0 
1470.0 116.0 
671.0 156.0 
585.0 161.0 
1595.0 114.0 
850.0 144.0 
449.0 170.0 
1084.0 131.0 
1744.0 105.0 
1281.0 123.0 
1190.0 126.0 
966.0 137.0 
689.0 153.0 
430.0 171.0 
1743.0 108.0 
827.0 146.0 
585.0 161.0 
736.0 150.0 
1357.0 121.0 
582.0 162.0 
1595.0 114.0 
1439.0 117.0 
637.0 159.0 
671.0 156.0 
1710.0 109.0 
310.0 220.0 
310.0 220.0 
1485.0 120.0 
1637.0 114.0 
737.0 151.0 
668.0 159.0 
376.0 204.0 
379.0 187.0 
583.0 162.0 
1095.0 131.0 
834.0 146.0 
1330.0 124.0 
450.0 170.0 
