629.0 184.0 
1143.0 155.0 
1610.0 135.0 
575.0 187.0 
501.0 194.0 
821.0 173.0 
838.0 172.0 
461.0 201.0 
405.0 229.0 
629.0 184.0 
1643.0 133.0 
780.0 174.0 
405.0 229.0 
1143.0 155.0 
676.0 181.0 
1643.0 133.0 
1257.0 149.0 
372.0 252.0 
1162.0 153.0 
461.0 201.0 
380.0 235.0 
501.0 194.0 
543.0 192.0 
1453.0 140.0 
1643.0 133.0 
474.0 195.0 
780.0 174.0 
861.0 168.0 
575.0 187.0 
1474.0 138.0 
821.0 173.0 
543.0 192.0 
681.0 180.0 
1553.0 137.0 
1641.0 134.0 
966.0 162.0 
1078.0 156.0 
668.0 182.0 
622.0 186.0 
713.0 178.0 
991.0 160.0 
425.0 224.0 
551.0 191.0 
501.0 194.0 
861.0 168.0 
661.0 183.0 
427.0 210.0 
570.0 190.0 
780.0 174.0 
380.0 235.0 
1385.0 145.0 
780.0 174.0 
372.0 259.0 
372.0 259.0 
1727.0 133.0 
1454.0 140.0 
1124.0 156.0 
1393.0 147.0 
757.0 178.0 
425.0 227.0 
1020.0 160.0 
966.0 168.0 
407.0 232.0 
427.0 213.0 
397.0 239.0 
1589.0 139.0 
1262.0 149.0 
430.0 210.0 
992.0 166.0 
1412.0 146.0 
1238.0 155.0 
1644.0 135.0 
545.0 192.0 
681.0 181.0 
491.0 195.0 
481.0 197.0 
866.0 169.0 
629.0 185.0 
1722.0 134.0 
383.0 247.0 
461.0 203.0 
461.0 203.0 
1078.0 159.0 
681.0 181.0 
575.0 188.0 
387.0 244.0 
373.0 253.0 
619.0 187.0 
1239.0 153.0 
823.0 174.0 
837.0 173.0 
787.0 175.0 
1257.0 150.0 
373.0 253.0 
861.0 171.0 
570.0 191.0 
1078.0 159.0 
425.0 227.0 
1611.0 136.0 
787.0 175.0 
