272.0 202.0 
272.0 202.0 
1676.0 91.0 
348.0 158.0 
286.0 189.0 
418.0 152.0 
784.0 128.0 
295.0 187.0 
315.0 168.0 
306.0 177.0 
1352.0 103.0 
1064.0 115.0 
685.0 133.0 
1441.0 100.0 
1254.0 109.0 
307.0 171.0 
1010.0 116.0 
824.0 125.0 
932.0 121.0 
306.0 177.0 
1352.0 103.0 
1199.0 110.0 
878.0 124.0 
1487.0 98.0 
958.0 119.0 
354.0 157.0 
570.0 142.0 
535.0 144.0 
387.0 155.0 
483.0 148.0 
570.0 142.0 
1199.0 110.0 
1603.0 94.0 
1549.0 96.0 
1145.0 112.0 
613.0 139.0 
1279.0 106.0 
1441.0 100.0 
1010.0 116.0 
958.0 119.0 
506.0 147.0 
720.0 132.0 
641.0 138.0 
462.0 149.0 
1306.0 105.0 
1630.0 93.0 
751.0 130.0 
315.0 168.0 
667.0 136.0 
462.0 149.0 
751.0 130.0 
387.0 155.0 
613.0 139.0 
535.0 144.0 
824.0 125.0 
1630.0 93.0 
1145.0 112.0 
1549.0 96.0 
1306.0 105.0 
1603.0 94.0 
905.0 122.0 
647.0 137.0 
1522.0 97.0 
720.0 132.0 
506.0 147.0 
1091.0 114.0 
905.0 122.0 
1468.0 99.0 
1118.0 113.0 
1118.0 113.0 
1522.0 97.0 
878.0 124.0 
1091.0 114.0 
286.0 189.0 
1279.0 106.0 
1254.0 109.0 
295.0 187.0 
1468.0 99.0 
667.0 136.0 
310.0 170.0 
310.0 170.0 
272.0 202.0 
958.0 119.0 
306.0 177.0 
1352.0 103.0 
1010.0 116.0 
1199.0 110.0 
905.0 122.0 
315.0 168.0 
613.0 139.0 
535.0 144.0 
824.0 125.0 
1549.0 96.0 
1145.0 112.0 
1630.0 93.0 
1306.0 105.0 
1603.0 94.0 
1091.0 114.0 
720.0 132.0 
1118.0 113.0 
