283.0 209.0 
1714.0 92.0 
1714.0 92.0 
311.0 185.0 
514.0 149.0 
312.0 171.0 
362.0 160.0 
296.0 195.0 
1471.0 101.0 
358.0 168.0 
1709.0 95.0 
1635.0 96.0 
1282.0 109.0 
1015.0 119.0 
435.0 155.0 
672.0 141.0 
572.0 148.0 
1214.0 114.0 
698.0 136.0 
1365.0 107.0 
1635.0 96.0 
1096.0 117.0 
1554.0 99.0 
285.0 208.0 
435.0 155.0 
1417.0 104.0 
676.0 139.0 
965.0 122.0 
579.0 146.0 
829.0 128.0 
1150.0 115.0 
725.0 135.0 
290.0 202.0 
942.0 124.0 
822.0 130.0 
1527.0 100.0 
1257.0 111.0 
883.0 127.0 
777.0 133.0 
1554.0 99.0 
622.0 143.0 
1257.0 111.0 
777.0 133.0 
928.0 125.0 
1214.0 114.0 
1446.0 103.0 
291.0 199.0 
296.0 195.0 
1392.0 106.0 
1365.0 107.0 
1096.0 117.0 
1282.0 109.0 
1015.0 119.0 
417.0 157.0 
990.0 121.0 
392.0 158.0 
615.0 145.0 
822.0 130.0 
392.0 158.0 
290.0 202.0 
749.0 134.0 
1150.0 115.0 
1123.0 116.0 
910.0 126.0 
1527.0 100.0 
883.0 127.0 
1123.0 116.0 
293.0 198.0 
1446.0 103.0 
1392.0 106.0 
990.0 121.0 
749.0 134.0 
344.0 169.0 
323.0 170.0 
620.0 144.0 
910.0 126.0 
417.0 157.0 
362.0 160.0 
622.0 143.0 
344.0 169.0 
323.0 170.0 
829.0 128.0 
615.0 145.0 
1709.0 95.0 
358.0 168.0 
293.0 198.0 
1635.0 96.0 
435.0 155.0 
1257.0 111.0 
777.0 133.0 
290.0 202.0 
1214.0 114.0 
1365.0 107.0 
1096.0 117.0 
1015.0 119.0 
392.0 158.0 
293.0 198.0 
1150.0 115.0 
1123.0 116.0 
883.0 127.0 
