2566.0 777.0 
2425.0 798.0 
2324.0 828.0 
2324.0 828.0 
2260.0 886.0 
2632.0 757.0 
2511.0 791.0 
2542.0 789.0 
2515.0 790.0 
2551.0 788.0 
2425.0 798.0 
2568.0 767.0 
2481.0 793.0 
2272.0 862.0 
2325.0 859.0 
2401.0 837.0 
2415.0 833.0 
2339.0 838.0 
2664.0 758.0 
2664.0 758.0 
2544.0 789.0 
2425.0 799.0 
2599.0 784.0 
2602.0 768.0 
2501.0 793.0 
2314.0 867.0 
2286.0 878.0 
2346.0 847.0 
2341.0 862.0 
2345.0 859.0 
2368.0 841.0 
2564.0 789.0 
2564.0 789.0 
2456.0 811.0 
2431.0 815.0 
2438.0 813.0 
2637.0 771.0 
2547.0 796.0 
2547.0 796.0 
2542.0 803.0 
2542.0 803.0 
2547.0 796.0 
2502.0 809.0 
2337.0 872.0 
2321.0 882.0 
2347.0 869.0 
2418.0 844.0 
2374.0 847.0 
2374.0 847.0 
2371.0 855.0 
2389.0 845.0 
2372.0 848.0 
2567.0 789.0 
2566.0 791.0 
2433.0 824.0 
2439.0 817.0 
2465.0 813.0 
2639.0 783.0 
2728.0 771.0 
2639.0 783.0 
2712.0 772.0 
2666.0 781.0 
2547.0 801.0 
2543.0 810.0 
2329.0 886.0 
2363.0 870.0 
2350.0 871.0 
2404.0 845.0 
2404.0 845.0 
2389.0 849.0 
2380.0 852.0 
2386.0 850.0 
2574.0 789.0 
2573.0 797.0 
2434.0 831.0 
2434.0 831.0 
2434.0 831.0 
2434.0 831.0 
2448.0 826.0 
2456.0 819.0 
2441.0 829.0 
2491.0 813.0 
2476.0 815.0 
2479.0 814.0 
2642.0 787.0 
2764.0 775.0 
2725.0 776.0 
2678.0 784.0 
2678.0 784.0 
2549.0 801.0 
2333.0 887.0 
2333.0 887.0 
2331.0 917.0 
2332.0 890.0 
2734.0 778.0 
2333.0 893.0 
2662.0 787.0 
2580.0 790.0 
2467.0 831.0 
2422.0 845.0 
