10.0 2.0 
10.0 2.0 
10.0 2.0 
10.0 2.0 
10.0 2.0 
10.0 2.0 
10.0 2.0 
10.0 2.0 
10.0 2.0 
10.0 2.0 
10.0 2.0 
10.0 2.0 
10.0 2.0 
10.0 2.0 
10.0 2.0 
10.0 2.0 
10.0 2.0 
10.0 2.0 
11.0 2.0 
11.0 2.0 
11.0 2.0 
11.0 2.0 
11.0 2.0 
11.0 2.0 
11.0 2.0 
11.0 2.0 
11.0 2.0 
11.0 2.0 
11.0 2.0 
11.0 2.0 
11.0 2.0 
11.0 2.0 
11.0 2.0 
11.0 2.0 
11.0 2.0 
11.0 2.0 
10.0 6.0 
10.0 6.0 
11.0 2.0 
11.0 2.0 
11.0 2.0 
11.0 2.0 
11.0 2.0 
11.0 2.0 
11.0 2.0 
11.0 2.0 
11.0 2.0 
11.0 2.0 
11.0 2.0 
11.0 2.0 
11.0 2.0 
10.0 7.0 
10.0 7.0 
18.0 4.0 
10.0 7.0 
10.0 7.0 
10.0 7.0 
10.0 7.0 
10.0 7.0 
10.0 7.0 
10.0 7.0 
10.0 7.0 
10.0 7.0 
10.0 7.0 
10.0 7.0 
10.0 7.0 
10.0 7.0 
10.0 7.0 
10.0 7.0 
10.0 7.0 
10.0 7.0 
10.0 7.0 
10.0 7.0 
10.0 7.0 
10.0 7.0 
10.0 7.0 
10.0 7.0 
10.0 7.0 
10.0 7.0 
10.0 7.0 
10.0 7.0 
10.0 7.0 
10.0 7.0 
10.0 7.0 
10.0 7.0 
10.0 7.0 
10.0 7.0 
10.0 7.0 
10.0 7.0 
10.0 7.0 
10.0 7.0 
10.0 7.0 
10.0 7.0 
10.0 7.0 
10.0 7.0 
10.0 7.0 
10.0 7.0 
10.0 7.0 
10.0 7.0 
10.0 7.0 
