283.0 185.0 
1646.0 102.0 
283.0 185.0 
1646.0 102.0 
312.0 175.0 
284.0 183.0 
549.0 150.0 
917.0 129.0 
866.0 131.0 
419.0 162.0 
1160.0 120.0 
365.0 164.0 
471.0 157.0 
523.0 153.0 
470.0 158.0 
1025.0 125.0 
971.0 126.0 
1456.0 109.0 
1403.0 111.0 
364.0 166.0 
339.0 174.0 
733.0 138.0 
1456.0 109.0 
284.0 183.0 
1403.0 111.0 
760.0 137.0 
603.0 148.0 
682.0 143.0 
785.0 135.0 
655.0 144.0 
944.0 127.0 
497.0 155.0 
445.0 160.0 
708.0 141.0 
629.0 146.0 
838.0 133.0 
523.0 153.0 
419.0 162.0 
497.0 155.0 
629.0 146.0 
445.0 160.0 
708.0 141.0 
340.0 173.0 
351.0 167.0 
312.0 175.0 
1484.0 108.0 
838.0 133.0 
944.0 127.0 
1187.0 119.0 
971.0 126.0 
1133.0 121.0 
576.0 149.0 
1295.0 115.0 
1511.0 107.0 
1592.0 104.0 
1322.0 114.0 
1538.0 106.0 
1268.0 116.0 
1376.0 112.0 
1619.0 103.0 
1565.0 105.0 
1052.0 124.0 
1349.0 113.0 
1106.0 122.0 
1241.0 117.0 
812.0 134.0 
1079.0 123.0 
1214.0 118.0 
1538.0 106.0 
1295.0 115.0 
1565.0 105.0 
1214.0 118.0 
1511.0 107.0 
1079.0 123.0 
1106.0 122.0 
1322.0 114.0 
1268.0 116.0 
1052.0 124.0 
576.0 149.0 
1025.0 125.0 
1349.0 113.0 
1376.0 112.0 
1187.0 119.0 
1484.0 108.0 
1133.0 121.0 
1241.0 117.0 
1592.0 104.0 
1619.0 103.0 
655.0 144.0 
603.0 148.0 
891.0 130.0 
812.0 134.0 
682.0 143.0 
891.0 130.0 
785.0 135.0 
760.0 137.0 
732.0 139.0 
346.0 169.0 
346.0 169.0 
343.0 171.0 
