66.0 51.0 
73.0 49.0 
81.0 55.0 
73.0 64.0 
81.0 55.0 
74.0 57.0 
96.0 50.0 
73.0 69.0 
82.0 56.0 
87.0 55.0 
80.0 62.0 
75.0 70.0 
92.0 60.0 
111.0 59.0 
80.0 64.0 
92.0 61.0 
107.0 60.0 
83.0 69.0 
83.0 69.0 
84.0 66.0 
95.0 61.0 
87.0 69.0 
87.0 69.0 
94.0 67.0 
84.0 72.0 
96.0 66.0 
89.0 71.0 
90.0 69.0 
90.0 69.0 
90.0 69.0 
95.0 68.0 
111.0 67.0 
111.0 67.0 
89.0 78.0 
94.0 72.0 
94.0 72.0 
99.0 68.0 
95.0 69.0 
91.0 79.0 
94.0 74.0 
94.0 74.0 
103.0 68.0 
101.0 70.0 
96.0 73.0 
92.0 81.0 
107.0 68.0 
104.0 70.0 
104.0 70.0 
102.0 72.0 
98.0 73.0 
96.0 80.0 
93.0 81.0 
92.0 87.0 
111.0 69.0 
104.0 71.0 
106.0 70.0 
106.0 70.0 
99.0 75.0 
100.0 74.0 
99.0 75.0 
98.0 80.0 
104.0 73.0 
107.0 70.0 
100.0 78.0 
99.0 82.0 
104.0 77.0 
105.0 75.0 
106.0 73.0 
114.0 70.0 
103.0 78.0 
101.0 80.0 
99.0 85.0 
105.0 77.0 
108.0 74.0 
110.0 73.0 
117.0 71.0 
103.0 79.0 
101.0 81.0 
101.0 81.0 
101.0 81.0 
107.0 77.0 
108.0 75.0 
111.0 73.0 
111.0 73.0 
126.0 71.0 
104.0 79.0 
103.0 83.0 
103.0 83.0 
108.0 77.0 
109.0 76.0 
113.0 73.0 
112.0 74.0 
113.0 73.0 
131.0 72.0 
105.0 80.0 
103.0 97.0 
104.0 89.0 
113.0 74.0 
105.0 86.0 
106.0 82.0 
