103.0 43.0 
114.0 41.0 
98.0 58.0 
97.0 62.0 
98.0 58.0 
101.0 52.0 
114.0 41.0 
101.0 52.0 
137.0 39.0 
103.0 43.0 
102.0 48.0 
114.0 41.0 
123.0 40.0 
101.0 52.0 
102.0 48.0 
101.0 52.0 
101.0 52.0 
114.0 41.0 
109.0 42.0 
137.0 39.0 
99.0 54.0 
103.0 43.0 
97.0 63.0 
98.0 59.0 
132.0 40.0 
102.0 49.0 
101.0 53.0 
115.0 41.0 
111.0 42.0 
139.0 39.0 
100.0 54.0 
100.0 54.0 
100.0 54.0 
100.0 54.0 
100.0 54.0 
100.0 54.0 
100.0 54.0 
105.0 43.0 
103.0 47.0 
105.0 43.0 
103.0 47.0 
103.0 47.0 
98.0 60.0 
98.0 60.0 
98.0 60.0 
98.0 60.0 
98.0 60.0 
133.0 40.0 
102.0 51.0 
102.0 51.0 
102.0 51.0 
116.0 41.0 
112.0 42.0 
112.0 42.0 
141.0 39.0 
100.0 57.0 
100.0 57.0 
106.0 43.0 
106.0 43.0 
106.0 43.0 
106.0 43.0 
105.0 47.0 
105.0 47.0 
104.0 49.0 
99.0 60.0 
99.0 60.0 
98.0 62.0 
135.0 40.0 
135.0 40.0 
117.0 41.0 
117.0 41.0 
114.0 42.0 
114.0 42.0 
114.0 42.0 
114.0 42.0 
101.0 57.0 
107.0 44.0 
107.0 44.0 
106.0 45.0 
108.0 43.0 
107.0 44.0 
104.0 50.0 
104.0 50.0 
104.0 50.0 
105.0 49.0 
104.0 50.0 
98.0 65.0 
136.0 40.0 
101.0 59.0 
120.0 41.0 
104.0 52.0 
107.0 45.0 
109.0 43.0 
105.0 50.0 
115.0 42.0 
120.0 41.0 
115.0 42.0 
104.0 52.0 
107.0 45.0 
105.0 50.0 
