1711.0 464.0 
1751.0 438.0 
1665.0 477.0 
1810.0 417.0 
1815.0 416.0 
1751.0 438.0 
1847.0 400.0 
1665.0 477.0 
1792.0 423.0 
1791.0 425.0 
1682.0 468.0 
1742.0 440.0 
1681.0 472.0 
1839.0 403.0 
1735.0 441.0 
1665.0 477.0 
1775.0 430.0 
1751.0 438.0 
1655.0 484.0 
1717.0 456.0 
1810.0 417.0 
1792.0 423.0 
1856.0 396.0 
1682.0 468.0 
1751.0 438.0 
1754.0 436.0 
1831.0 405.0 
1649.0 486.0 
1751.0 438.0 
1784.0 427.0 
1665.0 477.0 
1822.0 412.0 
1856.0 396.0 
1649.0 486.0 
1717.0 456.0 
1767.0 431.0 
1711.0 464.0 
1735.0 441.0 
1665.0 477.0 
1831.0 405.0 
1650.0 485.0 
1718.0 450.0 
1792.0 423.0 
1802.0 418.0 
1849.0 397.0 
1650.0 485.0 
1656.0 482.0 
1681.0 472.0 
1711.0 464.0 
1847.0 400.0 
1791.0 425.0 
1727.0 449.0 
1666.0 473.0 
1717.0 456.0 
1649.0 489.0 
1649.0 489.0 
1856.0 397.0 
1720.0 460.0 
1754.0 437.0 
1804.0 419.0 
1735.0 443.0 
1689.0 468.0 
1666.0 474.0 
1660.0 482.0 
1833.0 407.0 
1824.0 412.0 
1689.0 468.0 
1792.0 424.0 
1817.0 417.0 
1770.0 434.0 
1725.0 451.0 
1652.0 485.0 
1722.0 453.0 
1786.0 429.0 
1772.0 431.0 
1683.0 471.0 
1792.0 424.0 
1742.0 441.0 
1742.0 441.0 
1850.0 399.0 
1656.0 483.0 
1725.0 451.0 
1846.0 403.0 
1672.0 473.0 
1841.0 404.0 
1840.0 406.0 
1683.0 471.0 
1672.0 473.0 
1823.0 415.0 
1779.0 430.0 
1779.0 430.0 
1770.0 434.0 
1850.0 399.0 
1786.0 429.0 
1722.0 453.0 
1846.0 403.0 
1820.0 416.0 
1820.0 416.0 
1823.0 415.0 
1840.0 406.0 
