1733.0 528.0 
1686.0 555.0 
1785.0 519.0 
1766.0 520.0 
1678.0 560.0 
1686.0 555.0 
1684.0 556.0 
1663.0 569.0 
1718.0 535.0 
1814.0 504.0 
1766.0 520.0 
1729.0 530.0 
1687.0 551.0 
1728.0 531.0 
1681.0 559.0 
1668.0 562.0 
1801.0 510.0 
1733.0 528.0 
1823.0 500.0 
1728.0 531.0 
1725.0 534.0 
1733.0 528.0 
1823.0 500.0 
1687.0 551.0 
1766.0 520.0 
1810.0 509.0 
1663.0 569.0 
1763.0 522.0 
1713.0 544.0 
1683.0 558.0 
1733.0 528.0 
1733.0 528.0 
1687.0 551.0 
1733.0 528.0 
1728.0 531.0 
1686.0 555.0 
1796.0 519.0 
1720.0 540.0 
1723.0 539.0 
1724.0 536.0 
1720.0 540.0 
1817.0 506.0 
1678.0 562.0 
1678.0 562.0 
1671.0 568.0 
1678.0 562.0 
1804.0 513.0 
1823.0 503.0 
1823.0 503.0 
1772.0 520.0 
1810.0 511.0 
1810.0 511.0 
1810.0 511.0 
1663.0 571.0 
1663.0 571.0 
1663.0 571.0 
1663.0 571.0 
1663.0 571.0 
1766.0 522.0 
1766.0 522.0 
1766.0 522.0 
1766.0 522.0 
1764.0 525.0 
1713.0 546.0 
1715.0 545.0 
1718.0 544.0 
1715.0 545.0 
1683.0 560.0 
1683.0 560.0 
1683.0 560.0 
1695.0 553.0 
1733.0 530.0 
1733.0 530.0 
1733.0 530.0 
1728.0 535.0 
1686.0 557.0 
1686.0 557.0 
1827.0 504.0 
1670.0 575.0 
1810.0 516.0 
1766.0 523.0 
1701.0 557.0 
1734.0 531.0 
1706.0 553.0 
1750.0 530.0 
1785.0 521.0 
1785.0 521.0 
1819.0 509.0 
1678.0 566.0 
1815.0 511.0 
1713.0 548.0 
1766.0 523.0 
1729.0 535.0 
1720.0 544.0 
1750.0 530.0 
1686.0 559.0 
1810.0 516.0 
1671.0 570.0 
1725.0 536.0 
1723.0 541.0 
