1738.0 585.0 
1817.0 559.0 
1732.0 605.0 
1774.0 580.0 
1857.0 533.0 
1776.0 561.0 
1774.0 580.0 
1737.0 587.0 
1738.0 585.0 
1734.0 602.0 
1856.0 544.0 
1732.0 605.0 
1818.0 547.0 
1859.0 533.0 
1859.0 533.0 
1859.0 533.0 
1859.0 533.0 
1859.0 533.0 
1776.0 579.0 
1776.0 579.0 
1776.0 579.0 
1776.0 579.0 
1776.0 579.0 
1776.0 579.0 
1776.0 579.0 
1776.0 579.0 
1776.0 579.0 
1776.0 579.0 
1777.0 571.0 
1776.0 579.0 
1776.0 579.0 
1776.0 579.0 
1776.0 579.0 
1776.0 579.0 
1776.0 579.0 
1777.0 571.0 
1776.0 579.0 
1776.0 579.0 
1776.0 579.0 
1777.0 571.0 
1776.0 579.0 
1776.0 579.0 
1776.0 579.0 
1776.0 579.0 
1776.0 579.0 
1776.0 579.0 
1776.0 579.0 
1776.0 579.0 
1776.0 579.0 
1776.0 579.0 
1780.0 562.0 
1774.0 581.0 
1774.0 581.0 
1774.0 581.0 
1739.0 585.0 
1738.0 591.0 
1738.0 591.0 
1738.0 591.0 
1738.0 591.0 
1738.0 591.0 
1738.0 591.0 
1739.0 585.0 
1734.0 603.0 
1734.0 603.0 
1734.0 603.0 
1734.0 603.0 
1734.0 603.0 
1734.0 603.0 
1734.0 603.0 
1734.0 603.0 
1734.0 603.0 
1734.0 603.0 
1734.0 603.0 
1734.0 603.0 
1734.0 603.0 
1734.0 603.0 
1734.0 603.0 
1734.0 603.0 
1734.0 603.0 
1734.0 603.0 
1734.0 603.0 
1734.0 603.0 
1734.0 603.0 
1734.0 603.0 
1734.0 603.0 
1734.0 603.0 
1734.0 603.0 
1732.0 607.0 
1732.0 607.0 
1818.0 553.0 
1828.0 552.0 
1857.0 550.0 
1857.0 550.0 
1818.0 553.0 
1818.0 553.0 
1828.0 552.0 
1828.0 552.0 
1818.0 553.0 
1860.0 533.0 
1735.0 603.0 
