556.0 203.0 
690.0 188.0 
414.0 215.0 
790.0 184.0 
1139.0 166.0 
1177.0 163.0 
1402.0 156.0 
414.0 215.0 
556.0 203.0 
1255.0 161.0 
1139.0 166.0 
592.0 194.0 
1763.0 142.0 
1402.0 156.0 
351.0 239.0 
1896.0 136.0 
1614.0 151.0 
1903.0 135.0 
1058.0 170.0 
1622.0 149.0 
796.0 180.0 
1219.0 162.0 
708.0 186.0 
1825.0 141.0 
351.0 239.0 
1666.0 143.0 
528.0 205.0 
1172.0 164.0 
489.0 214.0 
1842.0 138.0 
1437.0 153.0 
989.0 172.0 
796.0 180.0 
373.0 237.0 
675.0 191.0 
511.0 209.0 
1372.0 158.0 
1169.0 165.0 
1646.0 147.0 
538.0 204.0 
862.0 175.0 
580.0 195.0 
574.0 196.0 
381.0 232.0 
790.0 184.0 
691.0 188.0 
423.0 215.0 
568.0 203.0 
1159.0 166.0 
1080.0 171.0 
1095.0 170.0 
1624.0 151.0 
1632.0 149.0 
1238.0 162.0 
746.0 187.0 
359.0 243.0 
1746.0 143.0 
534.0 206.0 
532.0 207.0 
1194.0 164.0 
1194.0 164.0 
1893.0 138.0 
1893.0 138.0 
1852.0 139.0 
1602.0 154.0 
1470.0 155.0 
1602.0 154.0 
1602.0 154.0 
1048.0 172.0 
847.0 181.0 
812.0 183.0 
681.0 193.0 
526.0 213.0 
531.0 210.0 
526.0 213.0 
526.0 213.0 
1190.0 165.0 
1658.0 148.0 
558.0 204.0 
1032.0 176.0 
1032.0 176.0 
1024.0 177.0 
1032.0 176.0 
883.0 178.0 
608.0 195.0 
578.0 199.0 
597.0 197.0 
383.0 239.0 
419.0 238.0 
790.0 185.0 
364.0 243.0 
364.0 243.0 
1935.0 138.0 
1247.0 162.0 
432.0 225.0 
1487.0 157.0 
1168.0 166.0 
1761.0 144.0 
467.0 215.0 
422.0 241.0 
