343.0 206.0 
343.0 206.0 
348.0 204.0 
329.0 224.0 
343.0 206.0 
1684.0 122.0 
334.0 218.0 
324.0 225.0 
1418.0 132.0 
343.0 206.0 
381.0 192.0 
352.0 202.0 
338.0 217.0 
634.0 167.0 
1687.0 121.0 
444.0 185.0 
381.0 192.0 
1687.0 121.0 
343.0 206.0 
1684.0 122.0 
1687.0 121.0 
634.0 167.0 
1126.0 141.0 
446.0 182.0 
1015.0 147.0 
444.0 185.0 
1525.0 125.0 
478.0 177.0 
321.0 228.0 
1144.0 138.0 
682.0 161.0 
558.0 174.0 
1115.0 142.0 
1321.0 134.0 
430.0 187.0 
1626.0 123.0 
634.0 167.0 
1422.0 129.0 
324.0 225.0 
446.0 182.0 
582.0 169.0 
352.0 202.0 
827.0 154.0 
1495.0 126.0 
430.0 187.0 
1418.0 132.0 
478.0 177.0 
664.0 163.0 
1684.0 122.0 
1130.0 139.0 
1488.0 127.0 
901.0 148.0 
340.0 207.0 
459.0 180.0 
1474.0 128.0 
1321.0 134.0 
1689.0 120.0 
1727.0 117.0 
659.0 164.0 
423.0 189.0 
357.0 199.0 
381.0 192.0 
324.0 227.0 
1719.0 120.0 
1719.0 120.0 
835.0 156.0 
1144.0 139.0 
683.0 162.0 
1102.0 147.0 
1377.0 136.0 
1632.0 124.0 
929.0 148.0 
1501.0 128.0 
365.0 202.0 
340.0 218.0 
1121.0 142.0 
558.0 175.0 
342.0 208.0 
1478.0 129.0 
434.0 188.0 
382.0 196.0 
908.0 149.0 
669.0 164.0 
584.0 170.0 
422.0 192.0 
446.0 184.0 
330.0 224.0 
337.0 219.0 
353.0 206.0 
485.0 178.0 
908.0 149.0 
1670.0 123.0 
1416.0 134.0 
1377.0 136.0 
616.0 169.0 
462.0 181.0 
1424.0 132.0 
558.0 175.0 
387.0 195.0 
481.0 179.0 
