287.0 192.0 
1675.0 99.0 
287.0 192.0 
304.0 188.0 
311.0 173.0 
418.0 158.0 
1241.0 115.0 
600.0 145.0 
760.0 136.0 
473.0 154.0 
1085.0 122.0 
1512.0 108.0 
706.0 138.0 
548.0 148.0 
1085.0 122.0 
1163.0 118.0 
1163.0 118.0 
358.0 164.0 
1541.0 107.0 
1434.0 110.0 
1351.0 111.0 
683.0 141.0 
923.0 131.0 
1002.0 127.0 
1569.0 104.0 
1002.0 127.0 
950.0 130.0 
1650.0 101.0 
1434.0 110.0 
817.0 134.0 
869.0 132.0 
817.0 134.0 
653.0 142.0 
1298.0 114.0 
1623.0 102.0 
364.0 161.0 
653.0 142.0 
869.0 132.0 
329.0 168.0 
328.0 169.0 
1569.0 104.0 
1326.0 113.0 
525.0 150.0 
498.0 152.0 
1623.0 102.0 
976.0 128.0 
498.0 152.0 
525.0 150.0 
362.0 162.0 
364.0 161.0 
329.0 168.0 
1298.0 114.0 
976.0 128.0 
1351.0 111.0 
1326.0 113.0 
328.0 169.0 
287.0 192.0 
1163.0 118.0 
1002.0 127.0 
1434.0 110.0 
1623.0 102.0 
1569.0 104.0 
525.0 150.0 
329.0 168.0 
976.0 128.0 
1298.0 114.0 
364.0 161.0 
328.0 169.0 
287.0 192.0 
1623.0 102.0 
1163.0 118.0 
1002.0 127.0 
976.0 128.0 
364.0 161.0 
1163.0 118.0 
1163.0 118.0 
1163.0 118.0 
1163.0 118.0 
1163.0 118.0 
1002.0 127.0 
1163.0 118.0 
1002.0 127.0 
1002.0 127.0 
1163.0 118.0 
1163.0 118.0 
1002.0 127.0 
1002.0 127.0 
364.0 161.0 
364.0 161.0 
1002.0 127.0 
1002.0 127.0 
1163.0 118.0 
1002.0 127.0 
1623.0 102.0 
1002.0 127.0 
1002.0 127.0 
869.0 132.0 
1085.0 122.0 
1002.0 127.0 
1002.0 127.0 
