904.0 138.0 
904.0 138.0 
904.0 138.0 
352.0 176.0 
904.0 138.0 
1725.0 107.0 
904.0 138.0 
904.0 138.0 
904.0 138.0 
359.0 172.0 
1362.0 119.0 
1036.0 131.0 
1362.0 119.0 
1611.0 112.0 
1691.0 108.0 
1362.0 119.0 
348.0 183.0 
359.0 172.0 
1611.0 112.0 
1197.0 123.0 
904.0 138.0 
300.0 203.0 
1157.0 127.0 
1613.0 111.0 
634.0 149.0 
929.0 136.0 
401.0 166.0 
1691.0 108.0 
481.0 163.0 
395.0 169.0 
352.0 176.0 
1691.0 108.0 
904.0 138.0 
1611.0 112.0 
1157.0 127.0 
1611.0 112.0 
481.0 163.0 
1691.0 108.0 
300.0 203.0 
1120.0 128.0 
1036.0 131.0 
395.0 169.0 
401.0 166.0 
1611.0 112.0 
1199.0 122.0 
1036.0 131.0 
323.0 187.0 
349.0 179.0 
617.0 156.0 
1412.0 116.0 
1302.0 120.0 
1157.0 127.0 
1302.0 120.0 
738.0 142.0 
1611.0 112.0 
508.0 160.0 
316.0 200.0 
328.0 184.0 
320.0 198.0 
1197.0 123.0 
1199.0 122.0 
561.0 158.0 
1120.0 128.0 
1157.0 127.0 
481.0 163.0 
848.0 139.0 
352.0 176.0 
1613.0 111.0 
401.0 166.0 
1664.0 109.0 
1412.0 116.0 
1062.0 130.0 
983.0 135.0 
1710.0 108.0 
301.0 205.0 
301.0 205.0 
353.0 176.0 
635.0 151.0 
402.0 166.0 
1611.0 113.0 
1062.0 131.0 
330.0 186.0 
744.0 146.0 
1303.0 120.0 
1151.0 128.0 
1287.0 124.0 
1205.0 127.0 
320.0 199.0 
1419.0 118.0 
1443.0 117.0 
535.0 160.0 
345.0 185.0 
592.0 158.0 
931.0 137.0 
483.0 163.0 
482.0 165.0 
1672.0 110.0 
986.0 136.0 
1633.0 111.0 
805.0 143.0 
