2879.0 969.0 
3805.0 838.0 
3805.0 838.0 
3062.0 922.0 
3230.0 860.0 
3919.0 809.0 
3696.0 852.0 
2956.0 947.0 
3116.0 926.0 
3319.0 891.0 
3414.0 876.0 
3477.0 866.0 
3319.0 891.0 
3765.0 864.0 
3765.0 864.0 
3033.0 948.0 
3004.0 1010.0 
3019.0 1004.0 
3214.0 927.0 
3122.0 947.0 
3214.0 927.0 
3613.0 873.0 
3341.0 909.0 
3455.0 898.0 
3423.0 905.0 
3441.0 899.0 
3455.0 898.0 
3037.0 965.0 
3033.0 1010.0 
3147.0 952.0 
3320.0 949.0 
3320.0 949.0 
4004.0 878.0 
3656.0 879.0 
3415.0 920.0 
3415.0 920.0 
3625.0 902.0 
3625.0 902.0 
3536.0 910.0 
3055.0 992.0 
3050.0 1033.0 
3204.0 954.0 
3158.0 956.0 
3365.0 950.0 
3331.0 953.0 
3704.0 883.0 
3452.0 942.0 
3512.0 927.0 
3488.0 932.0 
3452.0 942.0 
3635.0 907.0 
3635.0 907.0 
3542.0 921.0 
3542.0 921.0 
3542.0 921.0 
3555.0 915.0 
3555.0 915.0 
3082.0 1004.0 
3082.0 1004.0 
3071.0 1031.0 
3064.0 1036.0 
3225.0 973.0 
3266.0 961.0 
3172.0 981.0 
3168.0 994.0 
3321.0 959.0 
3411.0 958.0 
3735.0 896.0 
3845.0 890.0 
3864.0 889.0 
3501.0 935.0 
3498.0 940.0 
3464.0 946.0 
3464.0 946.0 
3688.0 907.0 
3584.0 927.0 
3099.0 1013.0 
3148.0 1008.0 
3065.0 1071.0 
4108.0 889.0 
4108.0 889.0 
3099.0 1040.0 
3695.0 921.0 
3181.0 1013.0 
3585.0 929.0 
3847.0 916.0 
3316.0 961.0 
3945.0 893.0 
3483.0 958.0 
3510.0 943.0 
3564.0 941.0 
3238.0 989.0 
3234.0 1002.0 
3241.0 973.0 
3855.0 906.0 
3108.0 1032.0 
3500.0 957.0 
3928.0 901.0 
3108.0 1032.0 
3235.0 997.0 
