4339.0 1161.0 
4443.0 1142.0 
4651.0 1120.0 
4651.0 1120.0 
4337.0 1170.0 
4443.0 1142.0 
5339.0 1080.0 
3872.0 1190.0 
3821.0 1293.0 
4339.0 1161.0 
4227.0 1174.0 
4505.0 1141.0 
5067.0 1120.0 
5399.0 1089.0 
6038.0 1087.0 
4214.0 1206.0 
4112.0 1219.0 
4027.0 1220.0 
3949.0 1326.0 
3949.0 1326.0 
4338.0 1182.0 
4544.0 1173.0 
4621.0 1141.0 
5419.0 1109.0 
5419.0 1109.0 
5550.0 1089.0 
5419.0 1109.0 
6343.0 1087.0 
4317.0 1212.0 
4314.0 1218.0 
4280.0 1219.0 
4079.0 1223.0 
4000.0 1327.0 
4394.0 1211.0 
4397.0 1182.0 
4560.0 1177.0 
4667.0 1141.0 
4667.0 1141.0 
4643.0 1157.0 
5441.0 1109.0 
6353.0 1107.0 
4094.0 1224.0 
4085.0 1245.0 
4196.0 1223.0 
4043.0 1434.0 
4046.0 1328.0 
4409.0 1210.0 
4423.0 1200.0 
4434.0 1184.0 
4477.0 1182.0 
4767.0 1150.0 
5086.0 1142.0 
5463.0 1120.0 
5457.0 1122.0 
5496.0 1114.0 
6017.0 1112.0 
5457.0 1122.0 
4106.0 1228.0 
4412.0 1215.0 
4435.0 1205.0 
4473.0 1185.0 
4453.0 1194.0 
4859.0 1151.0 
4838.0 1152.0 
4863.0 1150.0 
5129.0 1143.0 
5245.0 1142.0 
5612.0 1118.0 
4109.0 1318.0 
4337.0 1236.0 
4337.0 1236.0 
4135.0 1237.0 
4109.0 1318.0 
4408.0 1230.0 
4441.0 1205.0 
4590.0 1186.0 
4524.0 1188.0 
4511.0 1200.0 
4839.0 1164.0 
4851.0 1161.0 
5171.0 1148.0 
5611.0 1144.0 
5611.0 1144.0 
5845.0 1119.0 
4114.0 1333.0 
4961.0 1182.0 
5194.0 1159.0 
4218.0 1304.0 
4631.0 1188.0 
4221.0 1275.0 
5396.0 1156.0 
5611.0 1145.0 
5475.0 1150.0 
4263.0 1258.0 
5611.0 1145.0 
4417.0 1232.0 
4561.0 1202.0 
4441.0 1213.0 
4402.0 1241.0 
4580.0 1191.0 
