2985.0 1100.0 
3682.0 930.0 
4499.0 882.0 
3237.0 1044.0 
3117.0 1085.0 
3264.0 1004.0 
3153.0 1072.0 
2996.0 1087.0 
3581.0 941.0 
3716.0 898.0 
3385.0 947.0 
3212.0 1050.0 
3343.0 984.0 
2985.0 1100.0 
3254.0 1047.0 
3277.0 1005.0 
3165.0 1080.0 
3200.0 1074.0 
3045.0 1088.0 
3745.0 903.0 
3721.0 930.0 
4564.0 898.0 
4564.0 898.0 
3662.0 956.0 
3221.0 1065.0 
3431.0 985.0 
3356.0 986.0 
2991.0 1131.0 
3005.0 1101.0 
3258.0 1060.0 
3291.0 1014.0 
3278.0 1051.0 
3181.0 1080.0 
3181.0 1080.0 
3201.0 1075.0 
3156.0 1095.0 
3178.0 1094.0 
3124.0 1099.0 
3749.0 904.0 
3721.0 948.0 
3741.0 945.0 
3685.0 967.0 
3685.0 967.0 
3226.0 1067.0 
3580.0 985.0 
3580.0 985.0 
3470.0 986.0 
3371.0 989.0 
2993.0 1138.0 
3023.0 1114.0 
3046.0 1106.0 
3311.0 1030.0 
3349.0 1029.0 
3212.0 1086.0 
3219.0 1075.0 
3207.0 1090.0 
3194.0 1095.0 
5459.0 908.0 
3768.0 944.0 
3898.0 922.0 
5421.0 912.0 
3771.0 935.0 
3811.0 930.0 
3748.0 949.0 
3715.0 972.0 
3690.0 981.0 
3231.0 1073.0 
3307.0 1070.0 
3471.0 987.0 
3470.0 998.0 
3386.0 1000.0 
3038.0 1144.0 
3058.0 1115.0 
3058.0 1115.0 
3065.0 1108.0 
3046.0 1136.0 
5477.0 917.0 
5477.0 917.0 
3046.0 1138.0 
3906.0 923.0 
3314.0 1030.0 
3745.0 973.0 
3264.0 1073.0 
3682.0 1000.0 
3413.0 1021.0 
3897.0 950.0 
3500.0 1011.0 
3827.0 961.0 
3901.0 925.0 
3516.0 1002.0 
3225.0 1098.0 
3228.0 1082.0 
3197.0 1112.0 
3070.0 1118.0 
3082.0 1114.0 
3216.0 1105.0 
3845.0 954.0 
3242.0 1078.0 
3261.0 1077.0 
3070.0 1118.0 
