1749.0 436.0 
1670.0 450.0 
1670.0 450.0 
1749.0 436.0 
1670.0 450.0 
1749.0 436.0 
1749.0 436.0 
1749.0 436.0 
1856.0 435.0 
1670.0 450.0 
1749.0 436.0 
1670.0 450.0 
1749.0 436.0 
1731.0 439.0 
1616.0 477.0 
1749.0 436.0 
1749.0 436.0 
1670.0 450.0 
1749.0 436.0 
1695.0 446.0 
1712.0 443.0 
1749.0 436.0 
1670.0 450.0 
1628.0 474.0 
1652.0 453.0 
1731.0 439.0 
1670.0 450.0 
1616.0 477.0 
1749.0 436.0 
1588.0 496.0 
1628.0 474.0 
1749.0 436.0 
1670.0 450.0 
1616.0 477.0 
1670.0 450.0 
1606.0 493.0 
1749.0 436.0 
1749.0 436.0 
1712.0 443.0 
1749.0 436.0 
1628.0 474.0 
1856.0 435.0 
1731.0 439.0 
1712.0 443.0 
1749.0 436.0 
1749.0 436.0 
1610.0 479.0 
1749.0 436.0 
1588.0 496.0 
1612.0 478.0 
1695.0 446.0 
1749.0 436.0 
1588.0 496.0 
1652.0 454.0 
1652.0 454.0 
1621.0 477.0 
1675.0 450.0 
1670.0 451.0 
1608.0 494.0 
1629.0 475.0 
1629.0 475.0 
1629.0 475.0 
1629.0 475.0 
1629.0 475.0 
1629.0 475.0 
1736.0 440.0 
1736.0 440.0 
1736.0 440.0 
1732.0 442.0 
1715.0 443.0 
1715.0 443.0 
1610.0 480.0 
1610.0 480.0 
1610.0 480.0 
1610.0 480.0 
1610.0 480.0 
1614.0 478.0 
1700.0 447.0 
1695.0 449.0 
1751.0 436.0 
1593.0 496.0 
1588.0 499.0 
1754.0 436.0 
1754.0 436.0 
1590.0 500.0 
1590.0 500.0 
1634.0 475.0 
1654.0 454.0 
1671.0 451.0 
1610.0 494.0 
1701.0 447.0 
1701.0 447.0 
1735.0 442.0 
1611.0 481.0 
1737.0 440.0 
1654.0 454.0 
1751.0 437.0 
1593.0 497.0 
1616.0 478.0 
1735.0 442.0 
