1928.0 621.0 
1940.0 615.0 
1928.0 621.0 
2136.0 582.0 
1970.0 606.0 
2121.0 586.0 
1928.0 621.0 
2075.0 594.0 
1940.0 615.0 
1922.0 637.0 
1884.0 644.0 
1940.0 615.0 
2108.0 588.0 
1893.0 638.0 
1935.0 617.0 
1846.0 664.0 
1922.0 637.0 
1976.0 597.0 
1970.0 606.0 
2075.0 594.0 
1971.0 603.0 
2129.0 585.0 
1853.0 652.0 
1957.0 613.0 
1940.0 615.0 
1822.0 668.0 
1928.0 621.0 
2136.0 582.0 
1850.0 654.0 
1930.0 618.0 
2105.0 592.0 
1929.0 619.0 
1885.0 641.0 
2107.0 590.0 
1876.0 649.0 
2108.0 589.0 
2110.0 588.0 
1896.0 640.0 
1896.0 640.0 
1896.0 640.0 
1847.0 667.0 
1988.0 598.0 
1978.0 601.0 
1982.0 599.0 
1980.0 600.0 
2076.0 597.0 
2076.0 597.0 
2076.0 597.0 
2076.0 597.0 
2104.0 596.0 
2076.0 597.0 
1977.0 603.0 
1971.0 608.0 
1972.0 607.0 
1973.0 604.0 
2133.0 585.0 
2131.0 587.0 
2131.0 587.0 
2133.0 585.0 
1854.0 653.0 
1854.0 653.0 
1854.0 653.0 
1854.0 653.0 
1854.0 653.0 
1941.0 615.0 
1941.0 615.0 
1822.0 669.0 
1822.0 669.0 
1822.0 669.0 
1850.0 656.0 
1850.0 656.0 
1850.0 656.0 
1934.0 618.0 
1934.0 618.0 
1934.0 618.0 
2105.0 593.0 
2105.0 593.0 
2105.0 593.0 
2105.0 593.0 
2105.0 593.0 
2105.0 593.0 
1932.0 620.0 
1931.0 621.0 
1931.0 621.0 
1931.0 621.0 
1931.0 621.0 
1930.0 622.0 
1931.0 621.0 
1888.0 645.0 
1890.0 643.0 
1894.0 641.0 
2107.0 591.0 
2107.0 591.0 
2107.0 591.0 
2134.0 586.0 
2134.0 586.0 
1824.0 672.0 
2003.0 598.0 
2105.0 594.0 
1921.0 640.0 
