325.0 214.0 
1789.0 108.0 
325.0 214.0 
1789.0 108.0 
334.0 205.0 
348.0 197.0 
1573.0 114.0 
1244.0 126.0 
1708.0 112.0 
797.0 147.0 
367.0 191.0 
553.0 165.0 
1492.0 119.0 
1357.0 122.0 
1136.0 130.0 
1090.0 133.0 
815.0 146.0 
1357.0 122.0 
894.0 143.0 
579.0 161.0 
368.0 187.0 
723.0 152.0 
1206.0 129.0 
447.0 179.0 
1552.0 117.0 
1417.0 121.0 
723.0 152.0 
1417.0 121.0 
481.0 168.0 
1735.0 110.0 
1763.0 109.0 
1001.0 136.0 
1217.0 127.0 
531.0 167.0 
929.0 140.0 
875.0 144.0 
1044.0 135.0 
632.0 158.0 
579.0 161.0 
632.0 158.0 
1503.0 118.0 
475.0 169.0 
1123.0 132.0 
472.0 173.0 
1044.0 135.0 
666.0 155.0 
415.0 183.0 
413.0 185.0 
428.0 182.0 
658.0 157.0 
981.0 138.0 
675.0 154.0 
452.0 177.0 
965.0 139.0 
929.0 140.0 
401.0 186.0 
875.0 144.0 
691.0 153.0 
1709.0 111.0 
531.0 167.0 
1552.0 117.0 
458.0 176.0 
428.0 182.0 
467.0 174.0 
691.0 153.0 
965.0 139.0 
1123.0 132.0 
401.0 186.0 
1503.0 118.0 
1206.0 129.0 
991.0 137.0 
991.0 137.0 
467.0 174.0 
458.0 176.0 
658.0 157.0 
475.0 169.0 
472.0 173.0 
1709.0 111.0 
325.0 214.0 
1789.0 108.0 
1417.0 121.0 
632.0 158.0 
723.0 152.0 
531.0 167.0 
691.0 153.0 
1552.0 117.0 
1044.0 135.0 
458.0 176.0 
929.0 140.0 
401.0 186.0 
991.0 137.0 
475.0 169.0 
472.0 173.0 
325.0 214.0 
1417.0 121.0 
472.0 173.0 
1789.0 108.0 
1552.0 117.0 
991.0 137.0 
691.0 153.0 
