3995.0 1075.0 
5120.0 1099.0 
4036.0 1100.0 
4325.0 1171.0 
4051.0 1254.0 
4161.0 1181.0 
4115.0 1188.0 
4351.0 1104.0 
4078.0 1261.0 
4184.0 1206.0 
4296.0 1198.0 
4296.0 1198.0 
4849.0 1116.0 
5610.0 1111.0 
4879.0 1113.0 
4400.0 1144.0 
4526.0 1124.0 
4112.0 1268.0 
4196.0 1216.0 
4207.0 1207.0 
4207.0 1207.0 
4207.0 1207.0 
5406.0 1121.0 
4516.0 1160.0 
4492.0 1187.0 
4462.0 1204.0 
4807.0 1149.0 
5112.0 1142.0 
4602.0 1150.0 
4829.0 1143.0 
4257.0 1411.0 
4269.0 1265.0 
4334.0 1223.0 
7006.0 1136.0 
5555.0 1137.0 
4535.0 1190.0 
4665.0 1153.0 
4641.0 1175.0 
4629.0 1178.0 
5201.0 1149.0 
4314.0 1333.0 
4497.0 1226.0 
4475.0 1293.0 
4600.0 1191.0 
4668.0 1158.0 
4901.0 1154.0 
6489.0 1151.0 
6346.0 1153.0 
7280.0 1150.0 
4347.0 1416.0 
4347.0 1416.0 
4523.0 1262.0 
4523.0 1262.0 
4553.0 1244.0 
4489.0 1361.0 
4621.0 1194.0 
4883.0 1167.0 
4786.0 1171.0 
4704.0 1173.0 
5026.0 1166.0 
5028.0 1164.0 
5026.0 1166.0 
5363.0 1161.0 
5363.0 1161.0 
4583.0 1315.0 
4615.0 1310.0 
4546.0 1408.0 
4546.0 1408.0 
4671.0 1272.0 
4670.0 1283.0 
4658.0 1296.0 
4887.0 1168.0 
4750.0 1199.0 
4813.0 1187.0 
4717.0 1259.0 
5438.0 1162.0 
5917.0 1161.0 
4603.0 1339.0 
4590.0 1406.0 
4704.0 1273.0 
4704.0 1273.0 
4662.0 1329.0 
4900.0 1171.0 
4900.0 1171.0 
5044.0 1168.0 
4758.0 1244.0 
4758.0 1244.0 
4794.0 1215.0 
4813.0 1209.0 
4884.0 1203.0 
6116.0 1167.0 
6372.0 1161.0 
4673.0 1330.0 
5806.0 1172.0 
5806.0 1172.0 
4908.0 1182.0 
4795.0 1216.0 
4789.0 1255.0 
5376.0 1180.0 
5441.0 1179.0 
