1894.0 484.0 
1894.0 484.0 
1583.0 601.0 
1742.0 511.0 
1723.0 513.0 
1776.0 494.0 
1742.0 511.0 
1586.0 594.0 
1757.0 500.0 
1714.0 535.0 
1818.0 490.0 
1859.0 487.0 
1742.0 511.0 
1601.0 550.0 
1709.0 541.0 
1634.0 545.0 
1757.0 500.0 
1630.0 548.0 
1583.0 601.0 
1716.0 515.0 
1744.0 501.0 
1886.0 485.0 
1900.0 480.0 
1757.0 500.0 
1587.0 583.0 
1896.0 484.0 
1896.0 484.0 
1799.0 496.0 
1782.0 497.0 
1821.0 491.0 
1820.0 494.0 
1820.0 494.0 
1821.0 491.0 
1859.0 488.0 
1863.0 487.0 
1859.0 488.0 
1601.0 551.0 
1709.0 543.0 
1709.0 543.0 
1709.0 543.0 
1639.0 548.0 
1639.0 548.0 
1639.0 548.0 
1719.0 515.0 
1716.0 533.0 
1751.0 514.0 
1889.0 486.0 
1889.0 486.0 
1889.0 486.0 
1904.0 483.0 
1904.0 483.0 
1762.0 503.0 
1761.0 505.0 
1762.0 503.0 
1760.0 508.0 
1758.0 513.0 
1763.0 502.0 
1589.0 585.0 
1587.0 586.0 
1589.0 585.0 
1907.0 483.0 
1907.0 483.0 
1587.0 591.0 
1715.0 543.0 
1643.0 552.0 
1719.0 523.0 
1697.0 551.0 
1606.0 559.0 
1590.0 586.0 
1602.0 575.0 
1616.0 554.0 
1761.0 513.0 
1787.0 502.0 
1826.0 494.0 
1860.0 489.0 
1724.0 517.0 
1602.0 575.0 
1897.0 486.0 
1763.0 504.0 
1840.0 491.0 
1805.0 496.0 
1766.0 503.0 
1801.0 499.0 
1874.0 487.0 
1743.0 515.0 
1743.0 515.0 
1835.0 492.0 
1697.0 551.0 
1868.0 488.0 
1904.0 485.0 
1804.0 498.0 
1724.0 517.0 
1874.0 487.0 
1904.0 485.0 
1874.0 487.0 
1602.0 575.0 
1602.0 575.0 
1602.0 575.0 
1724.0 517.0 
1743.0 515.0 
