53.0 16.0 
73.0 15.0 
41.0 18.0 
44.0 19.0 
44.0 19.0 
48.0 21.0 
57.0 19.0 
47.0 23.0 
45.0 25.0 
49.0 21.0 
49.0 21.0 
57.0 20.0 
57.0 20.0 
58.0 19.0 
48.0 26.0 
52.0 23.0 
49.0 24.0 
49.0 24.0 
60.0 21.0 
61.0 20.0 
59.0 22.0 
65.0 19.0 
52.0 24.0 
59.0 23.0 
69.0 20.0 
66.0 22.0 
52.0 36.0 
55.0 24.0 
53.0 25.0 
62.0 23.0 
71.0 21.0 
72.0 20.0 
70.0 22.0 
53.0 26.0 
53.0 26.0 
57.0 25.0 
53.0 26.0 
62.0 24.0 
65.0 23.0 
62.0 24.0 
65.0 23.0 
62.0 24.0 
74.0 21.0 
74.0 21.0 
59.0 25.0 
54.0 36.0 
55.0 26.0 
67.0 23.0 
63.0 24.0 
77.0 22.0 
78.0 21.0 
56.0 26.0 
56.0 26.0 
56.0 26.0 
68.0 23.0 
64.0 24.0 
81.0 21.0 
80.0 22.0 
80.0 22.0 
56.0 28.0 
56.0 28.0 
56.0 28.0 
57.0 27.0 
59.0 26.0 
59.0 26.0 
59.0 26.0 
59.0 26.0 
59.0 26.0 
59.0 26.0 
59.0 26.0 
69.0 23.0 
65.0 24.0 
82.0 22.0 
56.0 32.0 
58.0 28.0 
58.0 28.0 
57.0 30.0 
58.0 28.0 
63.0 26.0 
59.0 27.0 
63.0 26.0 
63.0 26.0 
73.0 23.0 
73.0 23.0 
65.0 25.0 
67.0 24.0 
84.0 22.0 
59.0 29.0 
59.0 29.0 
88.0 22.0 
74.0 23.0 
67.0 25.0 
61.0 27.0 
61.0 27.0 
68.0 24.0 
68.0 24.0 
59.0 29.0 
59.0 29.0 
59.0 29.0 
59.0 29.0 
