5603.0 1262.0 
4844.0 1318.0 
5658.0 1203.0 
5424.0 1279.0 
5657.0 1235.0 
5081.0 1286.0 
4996.0 1320.0 
5661.0 1238.0 
5141.0 1300.0 
5187.0 1289.0 
5134.0 1345.0 
5023.0 1518.0 
5701.0 1272.0 
5860.0 1246.0 
5141.0 1336.0 
5141.0 1336.0 
5445.0 1293.0 
5236.0 1323.0 
5394.0 1296.0 
5289.0 1300.0 
5756.0 1286.0 
5945.0 1252.0 
6448.0 1248.0 
5187.0 1445.0 
5225.0 1371.0 
5636.0 1295.0 
5708.0 1294.0 
5443.0 1298.0 
5395.0 1309.0 
5801.0 1286.0 
5984.0 1269.0 
6193.0 1254.0 
5204.0 1462.0 
5360.0 1400.0 
5236.0 1404.0 
5367.0 1391.0 
5719.0 1297.0 
5637.0 1309.0 
5411.0 1320.0 
5854.0 1286.0 
5844.0 1287.0 
6003.0 1271.0 
5244.0 1460.0 
5284.0 1412.0 
5407.0 1402.0 
5788.0 1300.0 
5753.0 1303.0 
5443.0 1333.0 
5411.0 1364.0 
5731.0 1327.0 
6147.0 1274.0 
6036.0 1277.0 
6147.0 1274.0 
5245.0 1471.0 
5309.0 1426.0 
5309.0 1426.0 
5322.0 1415.0 
5767.0 1313.0 
5903.0 1307.0 
5491.0 1337.0 
5578.0 1333.0 
5479.0 1366.0 
5432.0 1398.0 
6107.0 1293.0 
6602.0 1287.0 
6743.0 1280.0 
6350.0 1290.0 
6852.0 1275.0 
5297.0 1513.0 
5321.0 1468.0 
5368.0 1432.0 
5373.0 1421.0 
5338.0 1467.0 
5779.0 1324.0 
6007.0 1318.0 
5504.0 1365.0 
5508.0 1360.0 
5689.0 1338.0 
5689.0 1338.0 
5486.0 1386.0 
6153.0 1311.0 
6345.0 1296.0 
6199.0 1308.0 
6141.0 1314.0 
6294.0 1302.0 
6345.0 1296.0 
7674.0 1293.0 
5457.0 1436.0 
5430.0 1511.0 
5367.0 1522.0 
6031.0 1327.0 
6113.0 1326.0 
5563.0 1364.0 
5532.0 1377.0 
5827.0 1347.0 
6556.0 1299.0 
5463.0 1553.0 
5497.0 1439.0 
5724.0 1364.0 
5482.0 1546.0 
