2183.0 615.0 
2146.0 625.0 
2618.0 533.0 
2181.0 617.0 
2185.0 613.0 
2165.0 621.0 
2189.0 589.0 
2618.0 533.0 
2146.0 625.0 
2544.0 562.0 
2146.0 625.0 
2146.0 625.0 
2582.0 539.0 
2567.0 557.0 
2181.0 617.0 
2304.0 577.0 
2336.0 568.0 
2189.0 589.0 
2134.0 632.0 
2168.0 622.0 
2620.0 534.0 
2583.0 549.0 
2182.0 619.0 
2336.0 587.0 
2348.0 573.0 
2349.0 570.0 
2358.0 568.0 
2358.0 568.0 
2198.0 605.0 
2318.0 589.0 
2224.0 591.0 
2220.0 598.0 
2134.0 634.0 
2162.0 632.0 
2632.0 538.0 
2660.0 537.0 
2583.0 556.0 
2183.0 619.0 
2339.0 587.0 
2352.0 574.0 
2370.0 571.0 
2219.0 606.0 
2208.0 608.0 
2202.0 617.0 
2219.0 606.0 
2331.0 590.0 
2236.0 592.0 
2288.0 591.0 
2235.0 600.0 
2152.0 634.0 
2166.0 633.0 
2632.0 551.0 
2642.0 538.0 
2628.0 556.0 
2195.0 623.0 
2195.0 623.0 
2197.0 622.0 
2183.0 632.0 
2184.0 626.0 
2340.0 589.0 
2365.0 585.0 
2413.0 578.0 
2414.0 576.0 
2413.0 578.0 
2383.0 580.0 
2413.0 578.0 
2453.0 571.0 
2217.0 612.0 
2217.0 612.0 
2217.0 612.0 
2217.0 612.0 
2214.0 618.0 
2202.0 621.0 
2220.0 606.0 
2246.0 597.0 
2318.0 593.0 
2334.0 591.0 
2327.0 592.0 
2240.0 604.0 
2156.0 639.0 
2153.0 652.0 
2177.0 634.0 
2168.0 636.0 
2659.0 540.0 
2156.0 641.0 
2640.0 559.0 
2493.0 573.0 
2448.0 577.0 
2222.0 606.0 
2286.0 599.0 
2395.0 582.0 
2181.0 640.0 
2337.0 591.0 
2185.0 628.0 
2367.0 586.0 
2343.0 589.0 
2296.0 597.0 
2207.0 624.0 
2216.0 620.0 
2202.0 626.0 
