87.0 36.0 
87.0 36.0 
106.0 36.0 
106.0 36.0 
106.0 36.0 
106.0 36.0 
106.0 36.0 
88.0 37.0 
88.0 37.0 
106.0 36.0 
106.0 36.0 
88.0 37.0 
88.0 37.0 
88.0 37.0 
106.0 36.0 
106.0 36.0 
106.0 36.0 
106.0 36.0 
89.0 38.0 
89.0 38.0 
107.0 37.0 
107.0 37.0 
89.0 38.0 
89.0 38.0 
89.0 38.0 
89.0 38.0 
89.0 38.0 
89.0 38.0 
89.0 38.0 
89.0 38.0 
89.0 38.0 
89.0 38.0 
89.0 38.0 
89.0 38.0 
89.0 38.0 
89.0 38.0 
89.0 38.0 
89.0 38.0 
89.0 38.0 
89.0 38.0 
89.0 38.0 
89.0 38.0 
89.0 38.0 
89.0 38.0 
89.0 38.0 
89.0 38.0 
89.0 38.0 
89.0 38.0 
89.0 38.0 
89.0 38.0 
89.0 38.0 
89.0 38.0 
89.0 38.0 
89.0 38.0 
89.0 38.0 
89.0 38.0 
89.0 38.0 
89.0 38.0 
89.0 38.0 
89.0 38.0 
89.0 38.0 
89.0 38.0 
89.0 38.0 
89.0 38.0 
89.0 38.0 
89.0 38.0 
89.0 38.0 
89.0 38.0 
89.0 38.0 
89.0 38.0 
89.0 38.0 
89.0 38.0 
89.0 38.0 
89.0 38.0 
89.0 38.0 
89.0 38.0 
89.0 38.0 
89.0 38.0 
89.0 38.0 
89.0 38.0 
89.0 38.0 
89.0 38.0 
89.0 38.0 
89.0 38.0 
89.0 38.0 
89.0 38.0 
89.0 38.0 
89.0 38.0 
89.0 38.0 
89.0 38.0 
89.0 38.0 
89.0 38.0 
89.0 38.0 
89.0 38.0 
89.0 38.0 
89.0 38.0 
89.0 38.0 
89.0 38.0 
89.0 38.0 
89.0 38.0 
