375.0 160.0 
368.0 184.0 
454.0 169.0 
413.0 171.0 
379.0 190.0 
467.0 187.0 
406.0 195.0 
387.0 233.0 
520.0 190.0 
430.0 195.0 
428.0 203.0 
409.0 204.0 
408.0 223.0 
482.0 201.0 
493.0 197.0 
449.0 202.0 
420.0 205.0 
448.0 204.0 
418.0 233.0 
442.0 205.0 
423.0 211.0 
495.0 204.0 
419.0 239.0 
453.0 207.0 
445.0 210.0 
431.0 215.0 
434.0 211.0 
430.0 218.0 
427.0 227.0 
465.0 208.0 
438.0 212.0 
479.0 209.0 
438.0 224.0 
486.0 216.0 
503.0 212.0 
452.0 242.0 
467.0 230.0 
478.0 226.0 
477.0 227.0 
443.0 256.0 
452.0 242.0 
493.0 221.0 
509.0 213.0 
489.0 234.0 
485.0 237.0 
484.0 272.0 
461.0 278.0 
495.0 222.0 
514.0 216.0 
490.0 244.0 
506.0 230.0 
502.0 236.0 
549.0 217.0 
526.0 218.0 
491.0 265.0 
512.0 247.0 
504.0 261.0 
506.0 259.0 
529.0 237.0 
545.0 222.0 
502.0 282.0 
493.0 286.0 
515.0 247.0 
515.0 247.0 
509.0 278.0 
551.0 226.0 
495.0 296.0 
518.0 247.0 
592.0 237.0 
576.0 240.0 
774.0 231.0 
510.0 346.0 
532.0 247.0 
525.0 248.0 
597.0 237.0 
586.0 242.0 
514.0 366.0 
571.0 249.0 
547.0 251.0 
541.0 296.0 
545.0 274.0 
726.0 240.0 
623.0 242.0 
613.0 244.0 
550.0 272.0 
556.0 255.0 
575.0 251.0 
547.0 277.0 
643.0 243.0 
558.0 263.0 
565.0 260.0 
589.0 252.0 
549.0 280.0 
684.0 244.0 
663.0 249.0 
561.0 279.0 
575.0 261.0 
632.0 253.0 
627.0 255.0 
560.0 299.0 
