290.0 121.0 
357.0 113.0 
231.0 126.0 
278.0 122.0 
331.0 115.0 
314.0 121.0 
263.0 134.0 
236.0 155.0 
236.0 155.0 
239.0 147.0 
255.0 138.0 
255.0 138.0 
263.0 134.0 
288.0 125.0 
342.0 116.0 
328.0 121.0 
325.0 123.0 
324.0 124.0 
325.0 123.0 
242.0 147.0 
274.0 137.0 
267.0 146.0 
267.0 146.0 
273.0 143.0 
289.0 125.0 
365.0 120.0 
334.0 124.0 
247.0 156.0 
264.0 149.0 
277.0 139.0 
278.0 138.0 
272.0 147.0 
275.0 143.0 
294.0 126.0 
292.0 128.0 
292.0 128.0 
378.0 120.0 
378.0 120.0 
376.0 124.0 
342.0 125.0 
247.0 163.0 
257.0 160.0 
257.0 160.0 
257.0 160.0 
264.0 158.0 
270.0 149.0 
266.0 155.0 
285.0 139.0 
276.0 144.0 
307.0 127.0 
327.0 126.0 
299.0 128.0 
292.0 131.0 
382.0 122.0 
379.0 124.0 
379.0 124.0 
379.0 124.0 
351.0 125.0 
248.0 163.0 
270.0 150.0 
286.0 139.0 
276.0 148.0 
328.0 126.0 
314.0 128.0 
297.0 137.0 
304.0 134.0 
297.0 137.0 
302.0 135.0 
413.0 122.0 
249.0 174.0 
259.0 164.0 
274.0 157.0 
289.0 141.0 
289.0 141.0 
276.0 155.0 
279.0 151.0 
279.0 151.0 
276.0 155.0 
288.0 149.0 
342.0 127.0 
346.0 126.0 
327.0 128.0 
309.0 134.0 
297.0 139.0 
261.0 171.0 
354.0 126.0 
354.0 126.0 
336.0 130.0 
313.0 134.0 
269.0 164.0 
289.0 148.0 
290.0 141.0 
277.0 159.0 
353.0 129.0 
309.0 137.0 
267.0 170.0 
287.0 154.0 
283.0 158.0 
299.0 139.0 
299.0 139.0 
