1711.0 506.0 
1747.0 490.0 
1747.0 490.0 
1801.0 471.0 
1755.0 489.0 
1801.0 471.0 
1711.0 506.0 
1762.0 477.0 
1679.0 516.0 
1811.0 467.0 
1644.0 525.0 
1628.0 532.0 
1756.0 488.0 
1715.0 504.0 
1711.0 506.0 
1811.0 467.0 
1623.0 534.0 
1785.0 473.0 
1832.0 458.0 
1760.0 484.0 
1644.0 525.0 
1758.0 485.0 
1644.0 525.0 
1811.0 467.0 
1785.0 473.0 
1811.0 467.0 
1670.0 517.0 
1665.0 518.0 
1644.0 525.0 
1801.0 471.0 
1688.0 509.0 
1852.0 457.0 
1760.0 484.0 
1711.0 506.0 
1711.0 506.0 
1832.0 458.0 
1628.0 532.0 
1740.0 493.0 
1830.0 461.0 
1640.0 527.0 
1726.0 495.0 
1755.0 489.0 
1679.0 516.0 
1762.0 477.0 
1801.0 471.0 
1801.0 471.0 
1864.0 457.0 
1864.0 457.0 
1628.0 535.0 
1628.0 535.0 
1828.0 469.0 
1834.0 459.0 
1690.0 514.0 
1764.0 480.0 
1650.0 526.0 
1665.0 519.0 
1771.0 478.0 
1713.0 506.0 
1757.0 490.0 
1803.0 472.0 
1665.0 519.0 
1795.0 476.0 
1751.0 491.0 
1694.0 510.0 
1644.0 528.0 
1711.0 509.0 
1730.0 500.0 
1644.0 528.0 
1732.0 498.0 
1730.0 500.0 
1736.0 495.0 
1740.0 494.0 
1740.0 494.0 
1803.0 472.0 
1834.0 459.0 
1712.0 507.0 
1799.0 474.0 
1795.0 476.0 
1799.0 474.0 
1757.0 490.0 
1694.0 510.0 
1711.0 509.0 
1795.0 476.0 
1799.0 474.0 
1799.0 474.0 
1799.0 474.0 
1795.0 476.0 
1799.0 474.0 
1799.0 474.0 
1799.0 474.0 
1799.0 474.0 
1799.0 474.0 
1799.0 474.0 
1799.0 474.0 
1799.0 474.0 
1665.0 519.0 
1694.0 510.0 
1628.0 535.0 
1628.0 535.0 
1644.0 528.0 
