1596.0 508.0 
1770.0 428.0 
1596.0 508.0 
1673.0 463.0 
1766.0 438.0 
1639.0 481.0 
1648.0 469.0 
1732.0 442.0 
1614.0 487.0 
1601.0 497.0 
1732.0 442.0 
1707.0 459.0 
1698.0 460.0 
1614.0 487.0 
1708.0 450.0 
1711.0 449.0 
1767.0 429.0 
1648.0 469.0 
1639.0 481.0 
1597.0 507.0 
1600.0 498.0 
1711.0 449.0 
1698.0 460.0 
1766.0 438.0 
1600.0 498.0 
1597.0 507.0 
1767.0 429.0 
1707.0 459.0 
1639.0 481.0 
1639.0 481.0 
1767.0 429.0 
1639.0 481.0 
1614.0 487.0 
1639.0 481.0 
1639.0 481.0 
1614.0 487.0 
1614.0 487.0 
1639.0 481.0 
1639.0 481.0 
1614.0 487.0 
1600.0 498.0 
1711.0 449.0 
1596.0 508.0 
1711.0 449.0 
1600.0 498.0 
1600.0 498.0 
1614.0 487.0 
1767.0 429.0 
1639.0 481.0 
1596.0 508.0 
1639.0 481.0 
1596.0 508.0 
1614.0 487.0 
1614.0 487.0 
1639.0 481.0 
1614.0 487.0 
1698.0 460.0 
1711.0 449.0 
1596.0 508.0 
1600.0 498.0 
1600.0 498.0 
1639.0 481.0 
1639.0 481.0 
1597.0 507.0 
1766.0 438.0 
1711.0 449.0 
1600.0 498.0 
1639.0 481.0 
1711.0 449.0 
1614.0 487.0 
1600.0 498.0 
1614.0 487.0 
1639.0 481.0 
1648.0 469.0 
1614.0 487.0 
1639.0 481.0 
1766.0 438.0 
1600.0 498.0 
1600.0 498.0 
1639.0 481.0 
1711.0 449.0 
1639.0 481.0 
1600.0 498.0 
1732.0 442.0 
1639.0 481.0 
1639.0 481.0 
1596.0 508.0 
1698.0 460.0 
1600.0 498.0 
1639.0 481.0 
1639.0 481.0 
1614.0 487.0 
1600.0 498.0 
1639.0 481.0 
1614.0 487.0 
1596.0 508.0 
1600.0 498.0 
1711.0 449.0 
1711.0 449.0 
1639.0 481.0 
