2125.0 517.0 
2125.0 517.0 
2125.0 517.0 
1728.0 570.0 
1874.0 533.0 
1996.0 526.0 
1771.0 559.0 
2038.0 518.0 
1840.0 540.0 
2125.0 517.0 
2125.0 517.0 
1862.0 535.0 
1727.0 572.0 
2125.0 517.0 
1874.0 533.0 
1936.0 527.0 
2038.0 518.0 
1830.0 543.0 
1837.0 541.0 
1801.0 547.0 
1936.0 527.0 
1793.0 552.0 
1889.0 529.0 
2128.0 516.0 
1721.0 603.0 
1904.0 528.0 
1840.0 540.0 
1998.0 524.0 
1812.0 545.0 
2038.0 518.0 
1722.0 582.0 
1705.0 604.0 
1763.0 562.0 
1852.0 539.0 
1728.0 570.0 
2139.0 516.0 
2139.0 516.0 
1705.0 608.0 
1705.0 608.0 
1724.0 603.0 
1729.0 581.0 
1830.0 545.0 
1746.0 570.0 
1766.0 562.0 
2079.0 518.0 
1732.0 571.0 
1842.0 540.0 
1948.0 527.0 
1998.0 526.0 
2128.0 517.0 
1892.0 532.0 
1729.0 581.0 
1806.0 551.0 
2073.0 522.0 
2016.0 524.0 
2056.0 523.0 
1773.0 560.0 
1708.0 605.0 
1879.0 535.0 
1919.0 528.0 
1806.0 551.0 
1795.0 559.0 
1913.0 531.0 
1948.0 527.0 
1857.0 539.0 
1796.0 556.0 
1796.0 556.0 
1871.0 536.0 
2016.0 524.0 
1999.0 525.0 
2056.0 523.0 
1918.0 530.0 
1871.0 536.0 
1857.0 539.0 
2128.0 517.0 
2079.0 518.0 
1732.0 571.0 
1795.0 559.0 
1919.0 528.0 
1999.0 525.0 
1998.0 526.0 
1871.0 536.0 
1871.0 536.0 
1871.0 536.0 
1871.0 536.0 
1796.0 556.0 
1796.0 556.0 
1796.0 556.0 
1796.0 556.0 
1796.0 556.0 
1796.0 556.0 
1796.0 556.0 
1796.0 556.0 
1796.0 556.0 
1795.0 559.0 
1796.0 556.0 
2128.0 517.0 
2128.0 517.0 
2128.0 517.0 
2128.0 517.0 
