123.0 47.0 
125.0 46.0 
123.0 47.0 
123.0 47.0 
123.0 47.0 
123.0 47.0 
123.0 47.0 
127.0 46.0 
127.0 46.0 
123.0 50.0 
123.0 50.0 
123.0 50.0 
123.0 50.0 
123.0 50.0 
123.0 50.0 
123.0 50.0 
123.0 50.0 
123.0 50.0 
123.0 50.0 
123.0 50.0 
123.0 50.0 
126.0 47.0 
123.0 50.0 
123.0 50.0 
123.0 50.0 
123.0 50.0 
123.0 50.0 
123.0 50.0 
126.0 47.0 
123.0 50.0 
123.0 50.0 
126.0 47.0 
123.0 50.0 
123.0 50.0 
123.0 50.0 
124.0 48.0 
126.0 47.0 
126.0 47.0 
123.0 50.0 
123.0 50.0 
123.0 50.0 
123.0 50.0 
126.0 47.0 
123.0 50.0 
123.0 50.0 
123.0 50.0 
126.0 47.0 
123.0 50.0 
123.0 50.0 
123.0 50.0 
123.0 50.0 
123.0 50.0 
123.0 50.0 
123.0 50.0 
128.0 46.0 
128.0 46.0 
128.0 46.0 
128.0 46.0 
128.0 46.0 
128.0 46.0 
125.0 49.0 
125.0 49.0 
125.0 49.0 
125.0 49.0 
125.0 49.0 
125.0 49.0 
125.0 49.0 
125.0 49.0 
125.0 49.0 
125.0 49.0 
125.0 49.0 
125.0 49.0 
125.0 49.0 
125.0 49.0 
125.0 49.0 
125.0 49.0 
125.0 49.0 
125.0 49.0 
125.0 49.0 
125.0 49.0 
125.0 49.0 
125.0 49.0 
126.0 48.0 
126.0 48.0 
127.0 47.0 
126.0 48.0 
126.0 48.0 
127.0 47.0 
124.0 50.0 
124.0 50.0 
124.0 50.0 
124.0 50.0 
123.0 51.0 
124.0 50.0 
124.0 50.0 
124.0 50.0 
124.0 50.0 
124.0 50.0 
128.0 47.0 
123.0 52.0 
