52.0 52.0 
52.0 52.0 
52.0 52.0 
51.0 53.0 
109.0 31.0 
51.0 53.0 
52.0 52.0 
51.0 53.0 
93.0 35.0 
51.0 53.0 
51.0 53.0 
52.0 52.0 
48.0 59.0 
109.0 31.0 
61.0 48.0 
93.0 35.0 
56.0 51.0 
51.0 53.0 
61.0 48.0 
48.0 59.0 
51.0 53.0 
52.0 52.0 
93.0 35.0 
61.0 48.0 
52.0 52.0 
93.0 35.0 
61.0 48.0 
102.0 32.0 
110.0 30.0 
93.0 35.0 
51.0 53.0 
93.0 35.0 
61.0 48.0 
82.0 39.0 
56.0 51.0 
52.0 52.0 
63.0 47.0 
94.0 34.0 
102.0 32.0 
51.0 53.0 
93.0 35.0 
70.0 43.0 
56.0 51.0 
61.0 48.0 
61.0 48.0 
85.0 37.0 
61.0 48.0 
72.0 42.0 
118.0 28.0 
56.0 51.0 
124.0 27.0 
48.0 59.0 
124.0 27.0 
85.0 37.0 
118.0 28.0 
72.0 42.0 
60.0 49.0 
51.0 53.0 
110.0 30.0 
80.0 40.0 
51.0 53.0 
102.0 32.0 
100.0 33.0 
102.0 32.0 
93.0 35.0 
49.0 54.0 
76.0 41.0 
52.0 52.0 
85.0 37.0 
52.0 52.0 
52.0 52.0 
118.0 28.0 
124.0 27.0 
82.0 39.0 
102.0 32.0 
60.0 49.0 
61.0 48.0 
63.0 47.0 
61.0 48.0 
51.0 53.0 
109.0 31.0 
61.0 48.0 
64.0 46.0 
93.0 35.0 
48.0 59.0 
52.0 52.0 
52.0 52.0 
67.0 44.0 
109.0 31.0 
102.0 32.0 
102.0 32.0 
58.0 50.0 
60.0 49.0 
125.0 27.0 
125.0 27.0 
48.0 60.0 
48.0 60.0 
96.0 34.0 
110.0 31.0 
81.0 41.0 
