1208.0 137.0 
1208.0 137.0 
319.0 223.0 
1178.0 138.0 
446.0 175.0 
1634.0 120.0 
880.0 149.0 
446.0 175.0 
446.0 175.0 
440.0 179.0 
850.0 151.0 
1696.0 113.0 
847.0 156.0 
835.0 157.0 
1780.0 110.0 
1022.0 143.0 
372.0 194.0 
1634.0 120.0 
850.0 151.0 
367.0 205.0 
1066.0 139.0 
1671.0 118.0 
1217.0 130.0 
1628.0 123.0 
329.0 208.0 
835.0 157.0 
377.0 190.0 
1675.0 116.0 
916.0 145.0 
392.0 181.0 
440.0 179.0 
850.0 151.0 
835.0 157.0 
471.0 169.0 
1217.0 130.0 
1634.0 120.0 
367.0 205.0 
542.0 165.0 
686.0 160.0 
455.0 172.0 
440.0 179.0 
1025.0 140.0 
319.0 223.0 
377.0 190.0 
868.0 150.0 
1780.0 110.0 
353.0 207.0 
823.0 159.0 
835.0 157.0 
847.0 156.0 
1487.0 124.0 
372.0 194.0 
324.0 216.0 
1368.0 125.0 
367.0 205.0 
323.0 224.0 
323.0 224.0 
1794.0 111.0 
373.0 198.0 
1226.0 130.0 
859.0 154.0 
542.0 166.0 
1390.0 126.0 
392.0 183.0 
1584.0 124.0 
916.0 147.0 
1378.0 128.0 
327.0 216.0 
692.0 163.0 
1723.0 113.0 
505.0 171.0 
1216.0 139.0 
448.0 175.0 
413.0 182.0 
334.0 209.0 
897.0 150.0 
741.0 161.0 
741.0 161.0 
1028.0 146.0 
1584.0 124.0 
460.0 173.0 
1680.0 123.0 
326.0 222.0 
370.0 206.0 
1184.0 140.0 
1793.0 112.0 
1071.0 143.0 
1711.0 119.0 
692.0 163.0 
1033.0 144.0 
367.0 207.0 
1141.0 141.0 
1141.0 141.0 
1103.0 142.0 
1691.0 122.0 
1103.0 142.0 
1711.0 119.0 
1378.0 128.0 
1699.0 121.0 
1699.0 121.0 
