782.0 435.0 
849.0 371.0 
1354.0 332.0 
1095.0 336.0 
793.0 374.0 
1663.0 329.0 
1755.0 323.0 
1944.0 299.0 
856.0 373.0 
1451.0 332.0 
1110.0 343.0 
826.0 409.0 
828.0 397.0 
826.0 409.0 
829.0 374.0 
2052.0 313.0 
1973.0 337.0 
1491.0 341.0 
1815.0 338.0 
1211.0 345.0 
1174.0 355.0 
834.0 437.0 
835.0 408.0 
831.0 453.0 
863.0 374.0 
2301.0 314.0 
2110.0 317.0 
2072.0 325.0 
2043.0 337.0 
1212.0 349.0 
1338.0 346.0 
1195.0 362.0 
1191.0 365.0 
855.0 412.0 
940.0 377.0 
909.0 382.0 
871.0 387.0 
888.0 384.0 
916.0 378.0 
2682.0 331.0 
2309.0 341.0 
2309.0 341.0 
2214.0 343.0 
1279.0 359.0 
1520.0 348.0 
1422.0 349.0 
2116.0 347.0 
1215.0 362.0 
859.0 417.0 
915.0 383.0 
881.0 394.0 
909.0 388.0 
1200.0 378.0 
940.0 382.0 
1175.0 381.0 
1200.0 378.0 
2759.0 333.0 
2481.0 343.0 
1801.0 357.0 
1865.0 352.0 
1549.0 361.0 
2059.0 350.0 
1230.0 365.0 
859.0 418.0 
922.0 383.0 
883.0 396.0 
913.0 395.0 
913.0 395.0 
1009.0 382.0 
1229.0 380.0 
2867.0 344.0 
2025.0 356.0 
1926.0 357.0 
1576.0 363.0 
2094.0 350.0 
1398.0 371.0 
1263.0 373.0 
1479.0 365.0 
885.0 424.0 
887.0 405.0 
920.0 396.0 
1029.0 384.0 
1019.0 395.0 
1214.0 382.0 
1960.0 361.0 
1845.0 364.0 
2187.0 356.0 
2262.0 351.0 
1398.0 372.0 
1298.0 376.0 
1566.0 368.0 
1540.0 369.0 
907.0 407.0 
891.0 409.0 
936.0 404.0 
942.0 397.0 
1126.0 396.0 
1230.0 385.0 
2540.0 351.0 
902.0 471.0 
