76.0 51.0 
55.0 63.0 
76.0 51.0 
53.0 64.0 
80.0 47.0 
73.0 52.0 
52.0 65.0 
116.0 39.0 
68.0 54.0 
59.0 59.0 
118.0 36.0 
124.0 35.0 
80.0 47.0 
52.0 65.0 
135.0 31.0 
86.0 44.0 
97.0 41.0 
55.0 63.0 
134.0 34.0 
138.0 30.0 
62.0 56.0 
111.0 40.0 
161.0 29.0 
76.0 51.0 
58.0 61.0 
73.0 52.0 
92.0 42.0 
118.0 36.0 
68.0 55.0 
69.0 54.0 
69.0 54.0 
69.0 54.0 
61.0 60.0 
131.0 35.0 
85.0 48.0 
85.0 48.0 
85.0 48.0 
85.0 48.0 
53.0 65.0 
53.0 65.0 
53.0 65.0 
53.0 65.0 
91.0 44.0 
90.0 46.0 
98.0 41.0 
98.0 41.0 
98.0 41.0 
98.0 41.0 
55.0 64.0 
55.0 64.0 
55.0 64.0 
141.0 34.0 
64.0 57.0 
63.0 59.0 
64.0 57.0 
116.0 40.0 
116.0 40.0 
82.0 51.0 
59.0 61.0 
59.0 61.0 
58.0 62.0 
73.0 53.0 
73.0 53.0 
73.0 53.0 
97.0 42.0 
97.0 42.0 
97.0 42.0 
118.0 37.0 
125.0 36.0 
53.0 66.0 
53.0 66.0 
153.0 34.0 
134.0 35.0 
106.0 41.0 
117.0 40.0 
129.0 36.0 
82.0 53.0 
122.0 37.0 
89.0 48.0 
91.0 45.0 
88.0 49.0 
62.0 61.0 
119.0 38.0 
71.0 54.0 
99.0 42.0 
68.0 57.0 
83.0 51.0 
92.0 44.0 
99.0 42.0 
67.0 58.0 
59.0 62.0 
69.0 55.0 
56.0 64.0 
65.0 59.0 
92.0 44.0 
83.0 51.0 
56.0 64.0 
65.0 59.0 
59.0 62.0 
71.0 54.0 
