75.0 44.0 
67.0 45.0 
60.0 54.0 
69.0 46.0 
71.0 47.0 
70.0 52.0 
80.0 47.0 
74.0 48.0 
73.0 51.0 
72.0 56.0 
75.0 48.0 
76.0 49.0 
81.0 49.0 
78.0 50.0 
77.0 53.0 
78.0 51.0 
80.0 50.0 
77.0 54.0 
79.0 51.0 
78.0 55.0 
79.0 54.0 
80.0 52.0 
96.0 52.0 
80.0 54.0 
80.0 54.0 
100.0 52.0 
97.0 53.0 
82.0 54.0 
81.0 63.0 
101.0 52.0 
101.0 52.0 
100.0 53.0 
100.0 53.0 
86.0 54.0 
83.0 57.0 
84.0 56.0 
81.0 72.0 
81.0 72.0 
82.0 66.0 
89.0 54.0 
89.0 54.0 
86.0 58.0 
86.0 58.0 
86.0 58.0 
86.0 58.0 
86.0 58.0 
85.0 60.0 
84.0 76.0 
98.0 54.0 
91.0 55.0 
89.0 57.0 
88.0 60.0 
86.0 62.0 
99.0 54.0 
94.0 55.0 
90.0 57.0 
89.0 60.0 
89.0 60.0 
88.0 63.0 
103.0 54.0 
103.0 54.0 
94.0 56.0 
90.0 58.0 
89.0 67.0 
107.0 55.0 
96.0 56.0 
91.0 58.0 
90.0 65.0 
102.0 56.0 
99.0 57.0 
102.0 56.0 
99.0 57.0 
91.0 60.0 
90.0 72.0 
108.0 56.0 
105.0 57.0 
92.0 62.0 
100.0 60.0 
90.0 79.0 
90.0 79.0 
91.0 75.0 
107.0 58.0 
92.0 64.0 
103.0 60.0 
101.0 62.0 
90.0 80.0 
91.0 76.0 
91.0 76.0 
91.0 76.0 
108.0 58.0 
93.0 66.0 
96.0 64.0 
105.0 62.0 
92.0 79.0 
110.0 58.0 
93.0 74.0 
95.0 69.0 
98.0 64.0 
106.0 63.0 
107.0 62.0 
