1677.0 124.0 
1379.0 133.0 
1516.0 129.0 
1677.0 124.0 
1379.0 133.0 
1516.0 129.0 
1379.0 133.0 
328.0 232.0 
1406.0 131.0 
999.0 148.0 
1181.0 137.0 
377.0 210.0 
1520.0 128.0 
485.0 183.0 
1808.0 118.0 
327.0 235.0 
1677.0 124.0 
355.0 217.0 
1408.0 130.0 
891.0 154.0 
1789.0 119.0 
327.0 235.0 
1692.0 123.0 
1104.0 139.0 
327.0 235.0 
485.0 183.0 
430.0 190.0 
582.0 168.0 
430.0 190.0 
837.0 155.0 
1930.0 114.0 
582.0 168.0 
1408.0 130.0 
737.0 162.0 
355.0 217.0 
328.0 232.0 
686.0 165.0 
1694.0 122.0 
351.0 218.0 
1008.0 146.0 
893.0 153.0 
1726.0 120.0 
1534.0 125.0 
1181.0 137.0 
891.0 154.0 
1516.0 129.0 
837.0 155.0 
1104.0 139.0 
426.0 198.0 
714.0 164.0 
790.0 159.0 
1185.0 136.0 
429.0 192.0 
1849.0 116.0 
988.0 150.0 
947.0 151.0 
788.0 161.0 
1025.0 145.0 
489.0 182.0 
534.0 174.0 
1226.0 135.0 
335.0 224.0 
1341.0 134.0 
398.0 202.0 
512.0 177.0 
327.0 236.0 
327.0 236.0 
1915.0 116.0 
1541.0 128.0 
583.0 169.0 
1727.0 122.0 
838.0 155.0 
1237.0 136.0 
406.0 202.0 
737.0 163.0 
1130.0 143.0 
1164.0 140.0 
488.0 183.0 
432.0 192.0 
1739.0 120.0 
1466.0 132.0 
1862.0 118.0 
1361.0 135.0 
350.0 225.0 
964.0 151.0 
372.0 217.0 
1029.0 145.0 
737.0 163.0 
1006.0 149.0 
380.0 210.0 
380.0 210.0 
792.0 159.0 
338.0 230.0 
1372.0 134.0 
352.0 219.0 
792.0 159.0 
964.0 151.0 
429.0 195.0 
337.0 232.0 
516.0 181.0 
