1844.0 97.0 
317.0 225.0 
1813.0 99.0 
324.0 222.0 
416.0 173.0 
333.0 206.0 
1651.0 101.0 
331.0 210.0 
340.0 196.0 
1026.0 124.0 
1270.0 118.0 
728.0 144.0 
419.0 166.0 
552.0 154.0 
1462.0 108.0 
549.0 157.0 
682.0 146.0 
1462.0 108.0 
408.0 180.0 
682.0 146.0 
1115.0 123.0 
1193.0 119.0 
462.0 160.0 
966.0 128.0 
453.0 165.0 
389.0 184.0 
1381.0 111.0 
1290.0 116.0 
604.0 151.0 
926.0 131.0 
874.0 134.0 
602.0 152.0 
966.0 128.0 
1537.0 106.0 
479.0 159.0 
1357.0 115.0 
1629.0 102.0 
1564.0 105.0 
822.0 136.0 
874.0 134.0 
926.0 131.0 
772.0 141.0 
1026.0 124.0 
1564.0 105.0 
795.0 138.0 
604.0 151.0 
1373.0 114.0 
1629.0 102.0 
408.0 180.0 
331.0 210.0 
340.0 196.0 
386.0 186.0 
363.0 192.0 
822.0 136.0 
1166.0 121.0 
1537.0 106.0 
765.0 143.0 
795.0 138.0 
1651.0 101.0 
1379.0 112.0 
479.0 159.0 
1193.0 119.0 
1166.0 121.0 
1139.0 122.0 
372.0 187.0 
1381.0 111.0 
1139.0 122.0 
1115.0 123.0 
363.0 192.0 
1290.0 116.0 
368.0 191.0 
1357.0 115.0 
549.0 157.0 
370.0 189.0 
370.0 189.0 
453.0 165.0 
769.0 142.0 
765.0 143.0 
419.0 166.0 
769.0 142.0 
372.0 187.0 
368.0 191.0 
604.0 151.0 
874.0 134.0 
1564.0 105.0 
1629.0 102.0 
408.0 180.0 
331.0 210.0 
822.0 136.0 
795.0 138.0 
1193.0 119.0 
1381.0 111.0 
1115.0 123.0 
363.0 192.0 
1290.0 116.0 
549.0 157.0 
1357.0 115.0 
453.0 165.0 
765.0 143.0 
769.0 142.0 
