314.0 184.0 
1852.0 99.0 
1852.0 99.0 
518.0 160.0 
729.0 149.0 
648.0 153.0 
506.0 169.0 
400.0 175.0 
572.0 159.0 
385.0 179.0 
1690.0 106.0 
1744.0 103.0 
935.0 135.0 
755.0 147.0 
594.0 158.0 
1258.0 122.0 
1177.0 124.0 
1147.0 126.0 
1366.0 117.0 
1282.0 121.0 
341.0 183.0 
964.0 134.0 
781.0 146.0 
624.0 154.0 
349.0 181.0 
1744.0 103.0 
1501.0 113.0 
454.0 174.0 
1798.0 102.0 
1420.0 116.0 
1690.0 106.0 
1447.0 115.0 
1636.0 107.0 
1363.0 118.0 
1633.0 108.0 
1312.0 120.0 
1582.0 110.0 
1014.0 131.0 
1097.0 127.0 
1312.0 120.0 
622.0 156.0 
1447.0 115.0 
1582.0 110.0 
886.0 139.0 
1501.0 113.0 
859.0 140.0 
479.0 171.0 
1849.0 100.0 
912.0 137.0 
833.0 142.0 
988.0 133.0 
1258.0 122.0 
912.0 137.0 
1177.0 124.0 
833.0 142.0 
479.0 171.0 
385.0 179.0 
506.0 169.0 
1097.0 127.0 
1826.0 101.0 
1798.0 102.0 
1069.0 128.0 
1069.0 128.0 
1555.0 111.0 
1528.0 112.0 
808.0 145.0 
1042.0 129.0 
1555.0 111.0 
1528.0 112.0 
1420.0 116.0 
349.0 181.0 
859.0 140.0 
886.0 139.0 
461.0 173.0 
990.0 132.0 
813.0 144.0 
1826.0 101.0 
1155.0 125.0 
1363.0 118.0 
1633.0 108.0 
622.0 156.0 
1042.0 129.0 
1022.0 130.0 
813.0 144.0 
461.0 173.0 
400.0 175.0 
1022.0 130.0 
1155.0 125.0 
454.0 174.0 
808.0 145.0 
1636.0 107.0 
990.0 132.0 
1258.0 122.0 
1312.0 120.0 
349.0 181.0 
1177.0 124.0 
622.0 156.0 
1582.0 110.0 
1447.0 115.0 
1501.0 113.0 
