20.0 6.0 
30.0 7.0 
29.0 10.0 
30.0 9.0 
30.0 9.0 
30.0 9.0 
35.0 8.0 
40.0 7.0 
31.0 9.0 
41.0 8.0 
41.0 8.0 
41.0 8.0 
33.0 10.0 
32.0 12.0 
33.0 10.0 
38.0 9.0 
46.0 8.0 
32.0 13.0 
32.0 13.0 
32.0 13.0 
32.0 13.0 
32.0 13.0 
35.0 12.0 
42.0 9.0 
39.0 10.0 
39.0 10.0 
39.0 10.0 
39.0 10.0 
39.0 10.0 
39.0 10.0 
39.0 10.0 
38.0 11.0 
39.0 10.0 
39.0 10.0 
39.0 10.0 
39.0 10.0 
39.0 10.0 
39.0 10.0 
39.0 10.0 
42.0 9.0 
39.0 10.0 
33.0 14.0 
33.0 14.0 
35.0 13.0 
35.0 13.0 
36.0 12.0 
43.0 9.0 
43.0 9.0 
41.0 10.0 
41.0 10.0 
41.0 10.0 
33.0 18.0 
34.0 15.0 
35.0 14.0 
35.0 14.0 
37.0 12.0 
44.0 9.0 
44.0 9.0 
44.0 9.0 
41.0 11.0 
41.0 11.0 
41.0 11.0 
41.0 11.0 
41.0 11.0 
42.0 10.0 
34.0 17.0 
35.0 15.0 
36.0 14.0 
36.0 14.0 
36.0 14.0 
36.0 14.0 
39.0 12.0 
39.0 12.0 
39.0 12.0 
48.0 9.0 
43.0 10.0 
42.0 11.0 
35.0 16.0 
37.0 14.0 
36.0 15.0 
36.0 15.0 
36.0 15.0 
36.0 15.0 
40.0 12.0 
40.0 12.0 
39.0 13.0 
44.0 10.0 
44.0 10.0 
43.0 11.0 
43.0 11.0 
35.0 19.0 
35.0 19.0 
46.0 10.0 
46.0 10.0 
37.0 15.0 
44.0 11.0 
41.0 12.0 
37.0 15.0 
41.0 12.0 
41.0 12.0 
