84.0 36.0 
84.0 36.0 
86.0 35.0 
86.0 35.0 
84.0 36.0 
86.0 35.0 
84.0 36.0 
84.0 36.0 
84.0 36.0 
84.0 36.0 
84.0 36.0 
84.0 36.0 
86.0 35.0 
86.0 35.0 
86.0 35.0 
92.0 33.0 
86.0 35.0 
84.0 36.0 
86.0 35.0 
84.0 36.0 
84.0 36.0 
86.0 35.0 
84.0 36.0 
84.0 36.0 
84.0 36.0 
84.0 36.0 
92.0 33.0 
92.0 33.0 
84.0 36.0 
86.0 35.0 
86.0 35.0 
84.0 36.0 
92.0 33.0 
84.0 36.0 
86.0 35.0 
84.0 36.0 
86.0 35.0 
84.0 36.0 
86.0 35.0 
86.0 35.0 
84.0 36.0 
112.0 33.0 
112.0 33.0 
85.0 37.0 
93.0 34.0 
92.0 35.0 
92.0 35.0 
112.0 33.0 
112.0 33.0 
112.0 33.0 
112.0 33.0 
112.0 33.0 
112.0 33.0 
112.0 33.0 
112.0 33.0 
112.0 33.0 
112.0 33.0 
112.0 33.0 
112.0 33.0 
112.0 33.0 
112.0 33.0 
112.0 33.0 
112.0 33.0 
112.0 33.0 
112.0 33.0 
112.0 33.0 
112.0 33.0 
112.0 33.0 
112.0 33.0 
112.0 33.0 
112.0 33.0 
112.0 33.0 
112.0 33.0 
112.0 33.0 
112.0 33.0 
112.0 33.0 
112.0 33.0 
112.0 33.0 
112.0 33.0 
112.0 33.0 
112.0 33.0 
112.0 33.0 
112.0 33.0 
112.0 33.0 
112.0 33.0 
112.0 33.0 
112.0 33.0 
112.0 33.0 
112.0 33.0 
112.0 33.0 
112.0 33.0 
112.0 33.0 
112.0 33.0 
112.0 33.0 
112.0 33.0 
112.0 33.0 
112.0 33.0 
112.0 33.0 
112.0 33.0 
112.0 33.0 
