16.0 4.0 
16.0 4.0 
20.0 4.0 
20.0 4.0 
20.0 4.0 
20.0 6.0 
20.0 6.0 
20.0 6.0 
20.0 6.0 
20.0 6.0 
20.0 6.0 
25.0 5.0 
20.0 6.0 
20.0 6.0 
20.0 6.0 
29.0 5.0 
20.0 8.0 
22.0 6.0 
22.0 7.0 
23.0 6.0 
22.0 7.0 
22.0 7.0 
22.0 7.0 
22.0 7.0 
23.0 6.0 
22.0 8.0 
22.0 8.0 
22.0 8.0 
24.0 6.0 
24.0 6.0 
24.0 6.0 
24.0 6.0 
24.0 6.0 
24.0 6.0 
24.0 6.0 
24.0 6.0 
24.0 6.0 
24.0 6.0 
24.0 6.0 
24.0 8.0 
24.0 8.0 
25.0 6.0 
26.0 6.0 
25.0 8.0 
25.0 8.0 
25.0 8.0 
25.0 8.0 
25.0 8.0 
25.0 8.0 
26.0 7.0 
27.0 6.0 
27.0 6.0 
27.0 6.0 
27.0 6.0 
27.0 6.0 
25.0 9.0 
25.0 9.0 
26.0 8.0 
26.0 8.0 
26.0 8.0 
28.0 6.0 
28.0 6.0 
25.0 11.0 
25.0 11.0 
27.0 8.0 
27.0 8.0 
27.0 8.0 
27.0 8.0 
26.0 9.0 
26.0 9.0 
26.0 9.0 
26.0 9.0 
26.0 9.0 
26.0 9.0 
26.0 9.0 
27.0 8.0 
31.0 6.0 
28.0 7.0 
31.0 6.0 
26.0 10.0 
26.0 10.0 
26.0 10.0 
27.0 9.0 
27.0 9.0 
27.0 9.0 
29.0 7.0 
29.0 7.0 
29.0 7.0 
29.0 7.0 
29.0 7.0 
29.0 7.0 
29.0 7.0 
28.0 8.0 
29.0 7.0 
32.0 6.0 
32.0 6.0 
32.0 6.0 
32.0 6.0 
27.0 10.0 
27.0 10.0 
