406.0 169.0 
1267.0 121.0 
521.0 160.0 
346.0 180.0 
1104.0 129.0 
548.0 159.0 
1299.0 120.0 
292.0 192.0 
425.0 167.0 
1208.0 124.0 
521.0 160.0 
406.0 169.0 
1371.0 118.0 
1131.0 126.0 
1031.0 131.0 
388.0 178.0 
1455.0 115.0 
765.0 144.0 
1410.0 117.0 
1721.0 104.0 
1371.0 118.0 
1267.0 121.0 
1455.0 115.0 
359.0 179.0 
1320.0 119.0 
654.0 154.0 
941.0 136.0 
1541.0 110.0 
1725.0 102.0 
521.0 160.0 
838.0 140.0 
1299.0 120.0 
1455.0 115.0 
1371.0 118.0 
683.0 150.0 
821.0 141.0 
552.0 158.0 
1724.0 103.0 
1546.0 109.0 
1208.0 124.0 
941.0 136.0 
1131.0 126.0 
548.0 159.0 
1595.0 108.0 
394.0 171.0 
1541.0 110.0 
904.0 137.0 
425.0 167.0 
1187.0 125.0 
730.0 146.0 
1104.0 129.0 
404.0 170.0 
411.0 168.0 
295.0 188.0 
1455.0 115.0 
548.0 159.0 
444.0 166.0 
673.0 152.0 
667.0 153.0 
346.0 180.0 
699.0 148.0 
335.0 181.0 
1725.0 102.0 
1595.0 108.0 
821.0 141.0 
394.0 171.0 
1131.0 126.0 
629.0 156.0 
1703.0 105.0 
1005.0 134.0 
394.0 171.0 
292.0 192.0 
1131.0 126.0 
1546.0 109.0 
998.0 135.0 
838.0 140.0 
425.0 167.0 
1254.0 123.0 
478.0 162.0 
393.0 173.0 
1483.0 112.0 
1104.0 129.0 
1725.0 102.0 
1595.0 108.0 
1689.0 106.0 
295.0 192.0 
295.0 192.0 
1725.0 103.0 
1725.0 103.0 
1135.0 126.0 
906.0 138.0 
783.0 145.0 
420.0 169.0 
1616.0 108.0 
1380.0 118.0 
1266.0 123.0 
362.0 179.0 
1483.0 113.0 
1022.0 134.0 
1483.0 113.0 
