1178.0 231.0 
1920.0 190.0 
1285.0 227.0 
1505.0 218.0 
471.0 262.0 
792.0 241.0 
1419.0 220.0 
1058.0 232.0 
577.0 261.0 
792.0 241.0 
1625.0 206.0 
1255.0 230.0 
400.0 275.0 
397.0 307.0 
1523.0 208.0 
598.0 250.0 
914.0 236.0 
1634.0 191.0 
1178.0 231.0 
1313.0 225.0 
792.0 241.0 
1522.0 212.0 
471.0 263.0 
471.0 263.0 
1065.0 234.0 
1283.0 230.0 
400.0 282.0 
421.0 277.0 
399.0 320.0 
399.0 320.0 
1571.0 208.0 
607.0 256.0 
604.0 257.0 
664.0 255.0 
974.0 238.0 
1678.0 203.0 
1863.0 192.0 
1864.0 191.0 
1817.0 199.0 
1863.0 192.0 
1238.0 232.0 
1281.0 231.0 
1391.0 229.0 
1506.0 228.0 
841.0 241.0 
1558.0 222.0 
475.0 267.0 
566.0 265.0 
1085.0 237.0 
1208.0 234.0 
1160.0 235.0 
401.0 282.0 
472.0 277.0 
461.0 280.0 
1599.0 215.0 
1657.0 214.0 
612.0 256.0 
1067.0 238.0 
1800.0 206.0 
1681.0 213.0 
1694.0 211.0 
1694.0 211.0 
1890.0 191.0 
1828.0 202.0 
1828.0 202.0 
1865.0 193.0 
1258.0 232.0 
1239.0 233.0 
1258.0 232.0 
1418.0 229.0 
847.0 243.0 
1562.0 222.0 
406.0 294.0 
406.0 294.0 
1921.0 191.0 
1090.0 237.0 
922.0 244.0 
860.0 254.0 
1463.0 229.0 
1433.0 231.0 
641.0 256.0 
1247.0 233.0 
494.0 271.0 
1839.0 209.0 
1863.0 204.0 
1628.0 216.0 
411.0 283.0 
1718.0 211.0 
1213.0 234.0 
877.0 248.0 
1580.0 222.0 
453.0 282.0 
1881.0 195.0 
570.0 266.0 
1706.0 215.0 
622.0 264.0 
1580.0 222.0 
532.0 270.0 
638.0 257.0 
1890.0 193.0 
