3457.0 957.0 
2861.0 995.0 
3415.0 963.0 
4348.0 956.0 
3657.0 959.0 
3358.0 1013.0 
2952.0 1053.0 
2893.0 1168.0 
3307.0 1017.0 
2991.0 1024.0 
2933.0 1110.0 
3502.0 971.0 
3455.0 1002.0 
3659.0 965.0 
4050.0 961.0 
4050.0 961.0 
4145.0 959.0 
2922.0 1225.0 
3447.0 1028.0 
3056.0 1046.0 
3226.0 1033.0 
3008.0 1197.0 
2990.0 1213.0 
3031.0 1117.0 
3515.0 997.0 
3478.0 1002.0 
3787.0 968.0 
3717.0 989.0 
3758.0 982.0 
3708.0 995.0 
2963.0 1228.0 
3083.0 1049.0 
3295.0 1040.0 
3450.0 1038.0 
3289.0 1041.0 
3053.0 1143.0 
3685.0 1002.0 
3487.0 1033.0 
3487.0 1033.0 
3503.0 1007.0 
4076.0 969.0 
3877.0 974.0 
3885.0 971.0 
3174.0 1054.0 
3087.0 1142.0 
3087.0 1142.0 
3172.0 1067.0 
3222.0 1053.0 
3098.0 1075.0 
3096.0 1085.0 
3392.0 1044.0 
3327.0 1046.0 
3080.0 1191.0 
3812.0 1002.0 
3515.0 1007.0 
3513.0 1042.0 
4338.0 976.0 
4338.0 976.0 
4397.0 975.0 
4338.0 976.0 
3994.0 979.0 
3094.0 1154.0 
3093.0 1160.0 
3192.0 1067.0 
3292.0 1053.0 
3176.0 1077.0 
3106.0 1089.0 
3102.0 1112.0 
3493.0 1045.0 
3486.0 1050.0 
3469.0 1051.0 
3087.0 1202.0 
3816.0 1004.0 
3816.0 1004.0 
3816.0 1004.0 
3898.0 1003.0 
3614.0 1009.0 
3519.0 1018.0 
3513.0 1044.0 
4028.0 984.0 
4194.0 980.0 
3100.0 1175.0 
3264.0 1073.0 
3312.0 1053.0 
3311.0 1070.0 
3185.0 1079.0 
3114.0 1094.0 
3113.0 1127.0 
3912.0 1003.0 
3630.0 1017.0 
3679.0 1010.0 
3566.0 1018.0 
3522.0 1039.0 
4358.0 980.0 
3101.0 1175.0 
3379.0 1054.0 
3953.0 1003.0 
4190.0 984.0 
4038.0 991.0 
3140.0 1104.0 
