2780.0 736.0 
2696.0 776.0 
2795.0 729.0 
2789.0 730.0 
2716.0 749.0 
2564.0 801.0 
2553.0 852.0 
2891.0 675.0 
2797.0 716.0 
2602.0 786.0 
2561.0 816.0 
2732.0 754.0 
2730.0 756.0 
2733.0 753.0 
2957.0 690.0 
2815.0 726.0 
2857.0 721.0 
2813.0 748.0 
2607.0 788.0 
2694.0 787.0 
2562.0 817.0 
2739.0 754.0 
2958.0 694.0 
2980.0 693.0 
2819.0 730.0 
2903.0 723.0 
2669.0 796.0 
2669.0 796.0 
2669.0 796.0 
2669.0 796.0 
2610.0 804.0 
2695.0 791.0 
2581.0 849.0 
2747.0 759.0 
2816.0 756.0 
2816.0 756.0 
2743.0 761.0 
2965.0 719.0 
2960.0 722.0 
3092.0 697.0 
3060.0 714.0 
3017.0 716.0 
3068.0 703.0 
2843.0 752.0 
2865.0 733.0 
2955.0 723.0 
2667.0 820.0 
2627.0 822.0 
2674.0 806.0 
2689.0 805.0 
2696.0 800.0 
2740.0 793.0 
2704.0 796.0 
2588.0 866.0 
2594.0 857.0 
2822.0 756.0 
2822.0 756.0 
2743.0 779.0 
2750.0 761.0 
2748.0 765.0 
2750.0 761.0 
3065.0 715.0 
3074.0 708.0 
3074.0 708.0 
2938.0 736.0 
2935.0 740.0 
2884.0 743.0 
2973.0 724.0 
2631.0 851.0 
2633.0 826.0 
2631.0 851.0 
2701.0 807.0 
2597.0 861.0 
2849.0 758.0 
2840.0 760.0 
2758.0 806.0 
2771.0 788.0 
2784.0 772.0 
2779.0 782.0 
2788.0 762.0 
3072.0 719.0 
3103.0 710.0 
2952.0 741.0 
2920.0 747.0 
2886.0 757.0 
2926.0 746.0 
2988.0 724.0 
2667.0 833.0 
2667.0 833.0 
2667.0 833.0 
2647.0 839.0 
2712.0 807.0 
2712.0 807.0 
2712.0 807.0 
2702.0 821.0 
2614.0 871.0 
2613.0 933.0 
2621.0 862.0 
2613.0 933.0 
3154.0 714.0 
