3854.0 991.0 
4613.0 917.0 
4086.0 921.0 
3675.0 1024.0 
3552.0 1031.0 
3745.0 1019.0 
3859.0 948.0 
3813.0 1010.0 
4495.0 921.0 
3661.0 1047.0 
3650.0 1227.0 
3759.0 1032.0 
3880.0 956.0 
4018.0 949.0 
3825.0 1029.0 
4537.0 926.0 
3757.0 1079.0 
3749.0 1092.0 
3759.0 1071.0 
3773.0 1032.0 
3765.0 1045.0 
3937.0 980.0 
3885.0 1007.0 
3934.0 1000.0 
3885.0 1007.0 
4110.0 950.0 
4031.0 969.0 
4031.0 969.0 
4051.0 967.0 
4556.0 937.0 
3761.0 1174.0 
3857.0 1040.0 
3799.0 1042.0 
4002.0 999.0 
3893.0 1027.0 
3893.0 1027.0 
3969.0 1017.0 
3942.0 1019.0 
4056.0 973.0 
4568.0 951.0 
4690.0 943.0 
3799.0 1065.0 
3800.0 1062.0 
3820.0 1060.0 
3874.0 1059.0 
4026.0 1005.0 
3896.0 1048.0 
3974.0 1025.0 
3986.0 1023.0 
4299.0 980.0 
4128.0 983.0 
4103.0 993.0 
4547.0 975.0 
4679.0 953.0 
4999.0 944.0 
4721.0 952.0 
4924.0 946.0 
3811.0 1066.0 
3809.0 1117.0 
3803.0 1127.0 
3802.0 1141.0 
3890.0 1063.0 
3897.0 1048.0 
4090.0 1031.0 
4008.0 1036.0 
4128.0 986.0 
4128.0 986.0 
4128.0 986.0 
4128.0 986.0 
4730.0 962.0 
4735.0 957.0 
3819.0 1109.0 
3843.0 1070.0 
3821.0 1078.0 
3807.0 1173.0 
3965.0 1054.0 
3965.0 1054.0 
4029.0 1042.0 
4292.0 992.0 
4143.0 1025.0 
4145.0 1016.0 
4824.0 983.0 
3927.0 1088.0 
3843.0 1115.0 
3808.0 1187.0 
4000.0 1069.0 
4015.0 1066.0 
4000.0 1069.0 
4000.0 1069.0 
4067.0 1044.0 
4055.0 1050.0 
4296.0 1002.0 
4412.0 1001.0 
4155.0 1032.0 
4223.0 1017.0 
4894.0 991.0 
3811.0 1208.0 
4713.0 1004.0 
4305.0 1007.0 
3866.0 1165.0 
