132.0 25.0 
65.0 26.0 
68.0 37.0 
86.0 29.0 
99.0 27.0 
98.0 28.0 
86.0 29.0 
71.0 31.0 
100.0 29.0 
93.0 30.0 
80.0 34.0 
71.0 46.0 
72.0 43.0 
72.0 43.0 
74.0 38.0 
72.0 43.0 
81.0 31.0 
100.0 30.0 
71.0 47.0 
71.0 47.0 
77.0 39.0 
74.0 40.0 
78.0 38.0 
84.0 31.0 
82.0 33.0 
107.0 30.0 
107.0 30.0 
74.0 41.0 
80.0 38.0 
84.0 32.0 
84.0 32.0 
90.0 31.0 
83.0 34.0 
83.0 34.0 
111.0 30.0 
74.0 44.0 
74.0 44.0 
76.0 42.0 
79.0 41.0 
81.0 39.0 
85.0 32.0 
94.0 31.0 
84.0 36.0 
83.0 37.0 
76.0 43.0 
81.0 40.0 
85.0 33.0 
87.0 32.0 
83.0 38.0 
78.0 43.0 
77.0 48.0 
76.0 53.0 
82.0 41.0 
86.0 33.0 
86.0 33.0 
99.0 32.0 
84.0 40.0 
80.0 44.0 
78.0 47.0 
77.0 52.0 
77.0 52.0 
77.0 52.0 
89.0 33.0 
86.0 34.0 
101.0 32.0 
101.0 32.0 
85.0 40.0 
84.0 44.0 
78.0 48.0 
78.0 48.0 
98.0 33.0 
87.0 34.0 
104.0 32.0 
104.0 32.0 
86.0 43.0 
84.0 45.0 
79.0 49.0 
80.0 48.0 
100.0 33.0 
87.0 39.0 
89.0 38.0 
89.0 38.0 
89.0 38.0 
90.0 34.0 
115.0 32.0 
115.0 32.0 
86.0 44.0 
86.0 44.0 
86.0 44.0 
86.0 44.0 
86.0 44.0 
80.0 49.0 
80.0 49.0 
101.0 33.0 
86.0 45.0 
88.0 39.0 
91.0 35.0 
90.0 37.0 
83.0 48.0 
95.0 34.0 
