2333.0 682.0 
2034.0 767.0 
2249.0 698.0 
2265.0 697.0 
2210.0 699.0 
2083.0 717.0 
2249.0 698.0 
2411.0 660.0 
2183.0 700.0 
2034.0 767.0 
2287.0 686.0 
2357.0 683.0 
2340.0 684.0 
2357.0 683.0 
2083.0 751.0 
2084.0 717.0 
2503.0 669.0 
2483.0 680.0 
2183.0 701.0 
2183.0 701.0 
2082.0 768.0 
2062.0 779.0 
2062.0 779.0 
2068.0 770.0 
2293.0 694.0 
2343.0 686.0 
2102.0 749.0 
2097.0 758.0 
2112.0 717.0 
2105.0 723.0 
2518.0 674.0 
2484.0 682.0 
2484.0 682.0 
2184.0 701.0 
2184.0 701.0 
2081.0 770.0 
2068.0 777.0 
2319.0 697.0 
2358.0 695.0 
2365.0 686.0 
2097.0 759.0 
2117.0 719.0 
2117.0 719.0 
2107.0 737.0 
2114.0 729.0 
2519.0 681.0 
2519.0 681.0 
2519.0 681.0 
2519.0 681.0 
2558.0 678.0 
2519.0 681.0 
2507.0 685.0 
2185.0 703.0 
2227.0 702.0 
2087.0 770.0 
2080.0 781.0 
2380.0 699.0 
2380.0 699.0 
2380.0 699.0 
2380.0 699.0 
2380.0 699.0 
2401.0 689.0 
2097.0 760.0 
2118.0 719.0 
2118.0 719.0 
2115.0 747.0 
2564.0 679.0 
2548.0 684.0 
2512.0 688.0 
2512.0 688.0 
2216.0 703.0 
2214.0 709.0 
2215.0 705.0 
2214.0 709.0 
2216.0 703.0 
2216.0 703.0 
2216.0 703.0 
2198.0 712.0 
2087.0 779.0 
2088.0 771.0 
2087.0 779.0 
2086.0 791.0 
2084.0 804.0 
2086.0 791.0 
2578.0 679.0 
2088.0 772.0 
2116.0 751.0 
2337.0 703.0 
2216.0 705.0 
2118.0 722.0 
2212.0 713.0 
2521.0 692.0 
2115.0 761.0 
2461.0 695.0 
2119.0 719.0 
2421.0 697.0 
2570.0 690.0 
2091.0 771.0 
2384.0 701.0 
2384.0 701.0 
