374.0 176.0 
374.0 176.0 
374.0 176.0 
352.0 178.0 
721.0 157.0 
797.0 150.0 
447.0 174.0 
597.0 164.0 
853.0 149.0 
721.0 157.0 
907.0 148.0 
1771.0 113.0 
597.0 164.0 
297.0 201.0 
853.0 149.0 
447.0 174.0 
309.0 198.0 
314.0 184.0 
1091.0 135.0 
331.0 180.0 
797.0 150.0 
797.0 150.0 
351.0 179.0 
704.0 158.0 
917.0 147.0 
597.0 164.0 
721.0 157.0 
721.0 157.0 
1228.0 126.0 
704.0 158.0 
463.0 173.0 
597.0 164.0 
1419.0 117.0 
964.0 138.0 
924.0 146.0 
724.0 151.0 
297.0 201.0 
1776.0 112.0 
314.0 184.0 
1016.0 136.0 
447.0 174.0 
935.0 145.0 
1631.0 115.0 
331.0 180.0 
297.0 201.0 
486.0 166.0 
1414.0 125.0 
650.0 162.0 
656.0 161.0 
374.0 176.0 
1659.0 115.0 
300.0 202.0 
1426.0 118.0 
1631.0 116.0 
1365.0 127.0 
1269.0 134.0 
1110.0 135.0 
751.0 151.0 
320.0 186.0 
976.0 142.0 
1021.0 139.0 
1050.0 137.0 
857.0 150.0 
1292.0 131.0 
1312.0 128.0 
316.0 191.0 
312.0 199.0 
529.0 169.0 
730.0 156.0 
944.0 145.0 
862.0 149.0 
331.0 181.0 
374.0 177.0 
464.0 175.0 
594.0 168.0 
1426.0 118.0 
501.0 170.0 
446.0 176.0 
352.0 179.0 
654.0 162.0 
316.0 191.0 
748.0 155.0 
1110.0 135.0 
919.0 147.0 
716.0 160.0 
708.0 161.0 
486.0 172.0 
603.0 165.0 
310.0 200.0 
630.0 164.0 
929.0 146.0 
486.0 172.0 
919.0 147.0 
630.0 164.0 
654.0 162.0 
598.0 167.0 
374.0 177.0 
602.0 166.0 
334.0 180.0 
446.0 176.0 
