1617.0 128.0 
1617.0 128.0 
1720.0 122.0 
1695.0 123.0 
588.0 175.0 
385.0 183.0 
321.0 193.0 
385.0 183.0 
588.0 175.0 
954.0 153.0 
666.0 171.0 
1266.0 137.0 
447.0 179.0 
841.0 157.0 
1126.0 143.0 
1508.0 129.0 
385.0 183.0 
1385.0 135.0 
1682.0 124.0 
1406.0 132.0 
309.0 213.0 
1720.0 122.0 
321.0 193.0 
972.0 150.0 
1752.0 121.0 
962.0 151.0 
1266.0 137.0 
788.0 159.0 
650.0 172.0 
890.0 154.0 
447.0 179.0 
718.0 169.0 
1406.0 132.0 
1266.0 137.0 
757.0 164.0 
1051.0 146.0 
417.0 181.0 
1665.0 126.0 
468.0 176.0 
1018.0 147.0 
1385.0 135.0 
1399.0 134.0 
732.0 166.0 
359.0 185.0 
309.0 213.0 
722.0 167.0 
306.0 215.0 
1804.0 118.0 
627.0 174.0 
851.0 155.0 
1230.0 139.0 
1620.0 127.0 
972.0 150.0 
1056.0 145.0 
1187.0 140.0 
309.0 216.0 
1808.0 119.0 
326.0 193.0 
322.0 208.0 
520.0 176.0 
1758.0 121.0 
1365.0 137.0 
433.0 181.0 
1131.0 143.0 
1082.0 145.0 
636.0 174.0 
1540.0 129.0 
316.0 214.0 
1201.0 140.0 
360.0 186.0 
1623.0 128.0 
1707.0 124.0 
1272.0 138.0 
855.0 156.0 
846.0 160.0 
1695.0 125.0 
1198.0 142.0 
784.0 167.0 
1524.0 131.0 
1475.0 132.0 
386.0 184.0 
1002.0 150.0 
322.0 208.0 
810.0 161.0 
1032.0 147.0 
1455.0 133.0 
917.0 155.0 
413.0 183.0 
1401.0 135.0 
996.0 151.0 
492.0 177.0 
1272.0 138.0 
1412.0 134.0 
714.0 171.0 
1634.0 127.0 
492.0 177.0 
671.0 172.0 
741.0 168.0 
794.0 164.0 
719.0 170.0 
