122.0 25.0 
46.0 52.0 
122.0 25.0 
46.0 52.0 
62.0 42.0 
115.0 27.0 
81.0 36.0 
109.0 28.0 
116.0 26.0 
75.0 37.0 
109.0 28.0 
105.0 29.0 
101.0 30.0 
97.0 31.0 
91.0 33.0 
73.0 38.0 
101.0 30.0 
93.0 32.0 
87.0 34.0 
69.0 39.0 
97.0 31.0 
105.0 29.0 
69.0 39.0 
87.0 34.0 
49.0 51.0 
84.0 35.0 
84.0 35.0 
66.0 40.0 
81.0 36.0 
75.0 37.0 
93.0 32.0 
60.0 43.0 
66.0 40.0 
52.0 49.0 
55.0 47.0 
64.0 41.0 
58.0 44.0 
60.0 43.0 
53.0 48.0 
50.0 50.0 
64.0 41.0 
73.0 38.0 
91.0 33.0 
116.0 26.0 
53.0 48.0 
50.0 50.0 
58.0 44.0 
57.0 45.0 
56.0 46.0 
115.0 27.0 
57.0 45.0 
56.0 46.0 
49.0 51.0 
52.0 49.0 
55.0 47.0 
46.0 52.0 
122.0 25.0 
109.0 28.0 
105.0 29.0 
97.0 31.0 
101.0 30.0 
69.0 39.0 
87.0 34.0 
84.0 35.0 
81.0 36.0 
75.0 37.0 
93.0 32.0 
66.0 40.0 
60.0 43.0 
91.0 33.0 
73.0 38.0 
116.0 26.0 
50.0 50.0 
58.0 44.0 
64.0 41.0 
115.0 27.0 
52.0 49.0 
56.0 46.0 
55.0 47.0 
57.0 45.0 
49.0 51.0 
122.0 25.0 
46.0 52.0 
109.0 28.0 
105.0 29.0 
97.0 31.0 
101.0 30.0 
69.0 39.0 
87.0 34.0 
84.0 35.0 
81.0 36.0 
75.0 37.0 
93.0 32.0 
66.0 40.0 
60.0 43.0 
52.0 49.0 
73.0 38.0 
91.0 33.0 
116.0 26.0 
64.0 41.0 
