69.0 65.0 
101.0 60.0 
118.0 41.0 
71.0 65.0 
231.0 41.0 
121.0 58.0 
121.0 58.0 
118.0 61.0 
133.0 42.0 
72.0 68.0 
119.0 61.0 
119.0 61.0 
197.0 42.0 
134.0 60.0 
141.0 43.0 
114.0 69.0 
99.0 71.0 
122.0 63.0 
122.0 63.0 
119.0 67.0 
132.0 61.0 
223.0 45.0 
152.0 46.0 
147.0 60.0 
150.0 55.0 
152.0 46.0 
234.0 43.0 
104.0 81.0 
106.0 76.0 
111.0 74.0 
123.0 64.0 
123.0 64.0 
122.0 70.0 
138.0 61.0 
137.0 63.0 
151.0 56.0 
151.0 56.0 
152.0 52.0 
153.0 51.0 
196.0 46.0 
152.0 52.0 
159.0 47.0 
152.0 52.0 
257.0 45.0 
108.0 82.0 
115.0 78.0 
127.0 64.0 
125.0 66.0 
122.0 76.0 
144.0 63.0 
151.0 59.0 
166.0 47.0 
155.0 53.0 
153.0 56.0 
112.0 82.0 
109.0 84.0 
120.0 78.0 
126.0 71.0 
128.0 66.0 
144.0 65.0 
151.0 63.0 
172.0 52.0 
180.0 47.0 
179.0 51.0 
159.0 54.0 
171.0 53.0 
156.0 55.0 
159.0 54.0 
156.0 55.0 
153.0 57.0 
114.0 83.0 
115.0 82.0 
121.0 81.0 
137.0 69.0 
133.0 70.0 
143.0 68.0 
174.0 52.0 
260.0 47.0 
210.0 49.0 
236.0 48.0 
172.0 53.0 
159.0 55.0 
159.0 55.0 
155.0 60.0 
155.0 60.0 
154.0 65.0 
153.0 66.0 
115.0 84.0 
117.0 83.0 
134.0 77.0 
136.0 70.0 
135.0 72.0 
181.0 52.0 
268.0 47.0 
213.0 49.0 
254.0 48.0 
178.0 53.0 
165.0 55.0 
165.0 55.0 
156.0 60.0 
