124.0 25.0 
47.0 57.0 
124.0 25.0 
47.0 57.0 
48.0 52.0 
68.0 42.0 
117.0 27.0 
111.0 28.0 
118.0 26.0 
54.0 50.0 
49.0 51.0 
56.0 48.0 
111.0 28.0 
107.0 29.0 
84.0 37.0 
103.0 30.0 
99.0 31.0 
74.0 40.0 
93.0 33.0 
80.0 38.0 
99.0 31.0 
95.0 32.0 
89.0 34.0 
76.0 39.0 
80.0 38.0 
103.0 30.0 
70.0 41.0 
107.0 29.0 
88.0 35.0 
62.0 45.0 
85.0 36.0 
59.0 46.0 
76.0 39.0 
70.0 41.0 
95.0 32.0 
59.0 46.0 
66.0 43.0 
64.0 44.0 
57.0 47.0 
74.0 40.0 
66.0 43.0 
93.0 33.0 
62.0 45.0 
64.0 44.0 
48.0 52.0 
118.0 26.0 
49.0 51.0 
89.0 34.0 
85.0 36.0 
57.0 47.0 
55.0 49.0 
88.0 35.0 
54.0 50.0 
117.0 27.0 
55.0 49.0 
84.0 37.0 
47.0 57.0 
124.0 25.0 
111.0 28.0 
80.0 38.0 
99.0 31.0 
103.0 30.0 
107.0 29.0 
95.0 32.0 
70.0 41.0 
59.0 46.0 
64.0 44.0 
74.0 40.0 
62.0 45.0 
66.0 43.0 
93.0 33.0 
48.0 52.0 
118.0 26.0 
49.0 51.0 
57.0 47.0 
89.0 34.0 
85.0 36.0 
88.0 35.0 
55.0 49.0 
54.0 50.0 
117.0 27.0 
84.0 37.0 
47.0 57.0 
124.0 25.0 
111.0 28.0 
99.0 31.0 
74.0 40.0 
103.0 30.0 
107.0 29.0 
59.0 46.0 
57.0 47.0 
70.0 41.0 
95.0 32.0 
80.0 38.0 
62.0 45.0 
66.0 43.0 
64.0 44.0 
93.0 33.0 
55.0 49.0 
48.0 52.0 
