1984.0 619.0 
1964.0 648.0 
2150.0 572.0 
2015.0 605.0 
1969.0 645.0 
2033.0 593.0 
1984.0 619.0 
1969.0 645.0 
1999.0 609.0 
2052.0 587.0 
2149.0 575.0 
2052.0 587.0 
2033.0 593.0 
1970.0 639.0 
2068.0 582.0 
2150.0 572.0 
2015.0 605.0 
1964.0 648.0 
1984.0 619.0 
1973.0 638.0 
2151.0 571.0 
1935.0 649.0 
2153.0 570.0 
1966.0 647.0 
2135.0 577.0 
2052.0 587.0 
2036.0 592.0 
2069.0 581.0 
1984.0 619.0 
2012.0 608.0 
2052.0 587.0 
2052.0 587.0 
1969.0 646.0 
1969.0 646.0 
1969.0 646.0 
1969.0 646.0 
1969.0 646.0 
1969.0 646.0 
1999.0 610.0 
2035.0 595.0 
2035.0 595.0 
1972.0 644.0 
1970.0 645.0 
2015.0 606.0 
2015.0 606.0 
2015.0 606.0 
2015.0 606.0 
2151.0 575.0 
2151.0 575.0 
2151.0 575.0 
2151.0 575.0 
2152.0 571.0 
1948.0 653.0 
1938.0 660.0 
1945.0 654.0 
1941.0 658.0 
1967.0 647.0 
1966.0 648.0 
2142.0 577.0 
2138.0 579.0 
2070.0 581.0 
2070.0 581.0 
2070.0 581.0 
2069.0 585.0 
2070.0 581.0 
1984.0 620.0 
1984.0 620.0 
2054.0 587.0 
2054.0 587.0 
2054.0 587.0 
2054.0 587.0 
2054.0 587.0 
2054.0 587.0 
2054.0 587.0 
2153.0 571.0 
2153.0 571.0 
1938.0 661.0 
1938.0 661.0 
2039.0 597.0 
2070.0 582.0 
2139.0 580.0 
2018.0 606.0 
1973.0 644.0 
2000.0 610.0 
1986.0 620.0 
1984.0 625.0 
2055.0 587.0 
1946.0 654.0 
2055.0 587.0 
1966.0 653.0 
1943.0 658.0 
1984.0 625.0 
2070.0 582.0 
1967.0 652.0 
2145.0 577.0 
1969.0 647.0 
2142.0 579.0 
2145.0 577.0 
1969.0 647.0 
2153.0 571.0 
