165.0 146.0 
208.0 104.0 
135.0 164.0 
170.0 118.0 
155.0 159.0 
214.0 111.0 
143.0 172.0 
144.0 171.0 
151.0 170.0 
181.0 122.0 
171.0 157.0 
179.0 142.0 
174.0 156.0 
157.0 159.0 
216.0 116.0 
253.0 115.0 
214.0 119.0 
206.0 123.0 
186.0 132.0 
180.0 144.0 
240.0 118.0 
229.0 126.0 
208.0 127.0 
191.0 135.0 
189.0 142.0 
196.0 133.0 
182.0 146.0 
278.0 122.0 
268.0 123.0 
310.0 120.0 
242.0 126.0 
213.0 130.0 
238.0 127.0 
191.0 139.0 
191.0 139.0 
186.0 180.0 
326.0 120.0 
321.0 126.0 
321.0 126.0 
218.0 133.0 
241.0 129.0 
243.0 127.0 
197.0 139.0 
191.0 141.0 
193.0 140.0 
364.0 125.0 
219.0 134.0 
243.0 131.0 
194.0 156.0 
203.0 142.0 
201.0 155.0 
194.0 156.0 
230.0 136.0 
234.0 134.0 
278.0 131.0 
278.0 131.0 
203.0 143.0 
198.0 168.0 
252.0 134.0 
241.0 142.0 
247.0 141.0 
247.0 141.0 
299.0 133.0 
204.0 143.0 
204.0 143.0 
203.0 174.0 
254.0 136.0 
270.0 134.0 
210.0 154.0 
219.0 143.0 
205.0 196.0 
255.0 137.0 
255.0 137.0 
255.0 137.0 
306.0 134.0 
211.0 164.0 
210.0 173.0 
225.0 145.0 
232.0 143.0 
220.0 159.0 
209.0 221.0 
209.0 221.0 
257.0 137.0 
215.0 166.0 
215.0 166.0 
214.0 190.0 
234.0 156.0 
251.0 152.0 
252.0 149.0 
228.0 161.0 
223.0 164.0 
359.0 137.0 
260.0 148.0 
269.0 140.0 
234.0 158.0 
251.0 153.0 
225.0 177.0 
229.0 166.0 
299.0 140.0 
225.0 184.0 
