107.0 40.0 
120.0 38.0 
101.0 43.0 
102.0 42.0 
120.0 38.0 
130.0 36.0 
130.0 36.0 
106.0 41.0 
107.0 40.0 
106.0 41.0 
120.0 38.0 
99.0 45.0 
120.0 38.0 
129.0 37.0 
111.0 39.0 
102.0 42.0 
99.0 45.0 
91.0 56.0 
95.0 54.0 
99.0 45.0 
106.0 41.0 
111.0 39.0 
102.0 42.0 
132.0 36.0 
108.0 40.0 
108.0 40.0 
108.0 40.0 
108.0 40.0 
127.0 38.0 
130.0 37.0 
92.0 58.0 
95.0 57.0 
95.0 57.0 
96.0 55.0 
95.0 57.0 
95.0 57.0 
95.0 57.0 
95.0 57.0 
99.0 46.0 
99.0 46.0 
99.0 46.0 
100.0 45.0 
99.0 46.0 
121.0 39.0 
102.0 44.0 
103.0 43.0 
102.0 44.0 
108.0 41.0 
108.0 41.0 
108.0 41.0 
112.0 40.0 
112.0 40.0 
108.0 41.0 
108.0 41.0 
128.0 38.0 
132.0 37.0 
94.0 58.0 
94.0 58.0 
96.0 56.0 
97.0 55.0 
97.0 55.0 
97.0 55.0 
99.0 51.0 
101.0 46.0 
122.0 39.0 
122.0 39.0 
105.0 43.0 
105.0 43.0 
103.0 44.0 
103.0 44.0 
117.0 40.0 
109.0 41.0 
109.0 41.0 
130.0 38.0 
130.0 38.0 
136.0 37.0 
94.0 59.0 
97.0 56.0 
97.0 56.0 
100.0 52.0 
100.0 52.0 
100.0 52.0 
100.0 52.0 
102.0 46.0 
102.0 46.0 
102.0 46.0 
102.0 46.0 
102.0 46.0 
102.0 46.0 
102.0 46.0 
124.0 39.0 
124.0 39.0 
124.0 39.0 
124.0 39.0 
107.0 43.0 
107.0 43.0 
107.0 43.0 
107.0 43.0 
104.0 44.0 
137.0 37.0 
