351.0 210.0 
1672.0 145.0 
351.0 210.0 
1672.0 145.0 
1147.0 164.0 
1066.0 169.0 
942.0 170.0 
388.0 207.0 
736.0 181.0 
1589.0 147.0 
731.0 184.0 
1213.0 162.0 
1525.0 151.0 
705.0 185.0 
825.0 178.0 
1589.0 147.0 
1093.0 167.0 
1535.0 149.0 
1093.0 167.0 
783.0 180.0 
1417.0 155.0 
456.0 202.0 
825.0 178.0 
1270.0 161.0 
572.0 193.0 
1401.0 156.0 
880.0 176.0 
1346.0 157.0 
1498.0 152.0 
1201.0 163.0 
1444.0 154.0 
1282.0 159.0 
914.0 172.0 
1444.0 154.0 
641.0 189.0 
1498.0 152.0 
509.0 198.0 
694.0 187.0 
535.0 196.0 
509.0 198.0 
455.0 204.0 
431.0 205.0 
880.0 176.0 
431.0 205.0 
783.0 180.0 
1346.0 157.0 
1309.0 158.0 
614.0 191.0 
352.0 209.0 
1535.0 149.0 
914.0 172.0 
942.0 170.0 
641.0 189.0 
1309.0 158.0 
668.0 188.0 
614.0 191.0 
1066.0 169.0 
483.0 200.0 
598.0 192.0 
535.0 196.0 
561.0 195.0 
668.0 188.0 
483.0 200.0 
904.0 175.0 
352.0 209.0 
905.0 174.0 
477.0 201.0 
598.0 192.0 
1401.0 156.0 
1201.0 163.0 
1281.0 160.0 
1270.0 161.0 
694.0 187.0 
562.0 194.0 
905.0 174.0 
477.0 201.0 
562.0 194.0 
1281.0 160.0 
455.0 204.0 
561.0 195.0 
904.0 175.0 
1672.0 145.0 
351.0 210.0 
1093.0 167.0 
1444.0 154.0 
825.0 178.0 
1498.0 152.0 
880.0 176.0 
1401.0 156.0 
1309.0 158.0 
431.0 205.0 
614.0 191.0 
1066.0 169.0 
535.0 196.0 
483.0 200.0 
694.0 187.0 
668.0 188.0 
1201.0 163.0 
1270.0 161.0 
905.0 174.0 
