502.0 191.0 
1355.0 147.0 
893.0 164.0 
502.0 191.0 
1355.0 147.0 
893.0 164.0 
683.0 176.0 
579.0 183.0 
1355.0 147.0 
502.0 191.0 
893.0 164.0 
1355.0 147.0 
502.0 191.0 
578.0 185.0 
1295.0 149.0 
1355.0 147.0 
578.0 185.0 
334.0 204.0 
893.0 164.0 
893.0 164.0 
1166.0 154.0 
1355.0 147.0 
502.0 191.0 
502.0 191.0 
1004.0 160.0 
1486.0 142.0 
367.0 198.0 
1483.0 143.0 
1295.0 149.0 
448.0 194.0 
683.0 176.0 
1106.0 156.0 
606.0 182.0 
1376.0 146.0 
1274.0 150.0 
475.0 192.0 
606.0 182.0 
630.0 179.0 
525.0 189.0 
334.0 204.0 
683.0 176.0 
893.0 164.0 
1166.0 154.0 
1220.0 152.0 
1220.0 152.0 
1238.0 151.0 
334.0 204.0 
1166.0 154.0 
1135.0 155.0 
1295.0 149.0 
1106.0 156.0 
893.0 164.0 
578.0 185.0 
1166.0 154.0 
1427.0 144.0 
1166.0 154.0 
448.0 194.0 
1295.0 149.0 
1220.0 152.0 
1193.0 153.0 
367.0 198.0 
555.0 186.0 
1355.0 147.0 
1355.0 147.0 
683.0 176.0 
893.0 164.0 
893.0 164.0 
475.0 192.0 
914.0 163.0 
334.0 204.0 
1594.0 136.0 
1004.0 160.0 
334.0 204.0 
1355.0 147.0 
555.0 186.0 
320.0 210.0 
469.0 193.0 
1427.0 144.0 
448.0 194.0 
1193.0 153.0 
1166.0 154.0 
579.0 183.0 
660.0 178.0 
578.0 185.0 
1541.0 140.0 
786.0 169.0 
710.0 174.0 
1295.0 149.0 
554.0 187.0 
422.0 195.0 
841.0 165.0 
502.0 191.0 
1082.0 157.0 
1649.0 136.0 
323.0 211.0 
573.0 188.0 
367.0 199.0 
450.0 194.0 
1358.0 149.0 
948.0 163.0 
