432.0 285.0 
817.0 247.0 
743.0 252.0 
1679.0 208.0 
432.0 285.0 
1857.0 196.0 
529.0 261.0 
831.0 243.0 
1142.0 230.0 
447.0 284.0 
1199.0 227.0 
1371.0 210.0 
530.0 255.0 
523.0 268.0 
468.0 270.0 
837.0 236.0 
820.0 248.0 
793.0 252.0 
436.0 285.0 
1861.0 196.0 
833.0 246.0 
833.0 246.0 
833.0 246.0 
1195.0 232.0 
1168.0 233.0 
1145.0 235.0 
1267.0 227.0 
1393.0 226.0 
1507.0 216.0 
1566.0 211.0 
532.0 255.0 
511.0 272.0 
523.0 270.0 
473.0 280.0 
494.0 275.0 
910.0 237.0 
828.0 250.0 
793.0 254.0 
806.0 252.0 
437.0 287.0 
1915.0 205.0 
2018.0 204.0 
836.0 247.0 
836.0 247.0 
834.0 249.0 
836.0 247.0 
1197.0 233.0 
1176.0 236.0 
1283.0 231.0 
1496.0 226.0 
1495.0 227.0 
1402.0 229.0 
1514.0 224.0 
1655.0 214.0 
532.0 257.0 
519.0 272.0 
508.0 275.0 
503.0 276.0 
494.0 277.0 
1101.0 245.0 
793.0 255.0 
829.0 252.0 
823.0 254.0 
824.0 253.0 
441.0 287.0 
441.0 287.0 
1974.0 211.0 
1980.0 210.0 
2019.0 209.0 
2136.0 205.0 
882.0 248.0 
839.0 251.0 
978.0 247.0 
1276.0 236.0 
1250.0 239.0 
1341.0 233.0 
1316.0 235.0 
1647.0 224.0 
1549.0 225.0 
1549.0 225.0 
1541.0 226.0 
1655.0 215.0 
1943.0 214.0 
534.0 269.0 
539.0 260.0 
509.0 275.0 
509.0 275.0 
498.0 279.0 
498.0 279.0 
1191.0 246.0 
466.0 295.0 
2186.0 206.0 
769.0 262.0 
2046.0 212.0 
1678.0 215.0 
1470.0 243.0 
994.0 251.0 
1549.0 236.0 
495.0 287.0 
1252.0 245.0 
