295.0 205.0 
295.0 205.0 
1725.0 95.0 
1653.0 97.0 
968.0 121.0 
317.0 183.0 
1194.0 113.0 
375.0 167.0 
347.0 171.0 
340.0 181.0 
310.0 194.0 
386.0 157.0 
1084.0 119.0 
297.0 201.0 
1550.0 100.0 
933.0 127.0 
574.0 142.0 
1525.0 102.0 
1180.0 116.0 
1379.0 108.0 
404.0 154.0 
1276.0 111.0 
1299.0 109.0 
526.0 144.0 
1449.0 106.0 
686.0 138.0 
1383.0 107.0 
801.0 131.0 
634.0 140.0 
1108.0 118.0 
448.0 151.0 
475.0 148.0 
666.0 139.0 
519.0 147.0 
788.0 132.0 
769.0 134.0 
307.0 196.0 
448.0 151.0 
1550.0 100.0 
375.0 167.0 
855.0 129.0 
968.0 121.0 
849.0 130.0 
885.0 128.0 
347.0 171.0 
725.0 136.0 
392.0 155.0 
1487.0 104.0 
725.0 136.0 
1487.0 104.0 
1108.0 118.0 
1084.0 119.0 
1276.0 111.0 
933.0 127.0 
522.0 146.0 
757.0 135.0 
605.0 141.0 
885.0 128.0 
605.0 141.0 
475.0 148.0 
1180.0 116.0 
1460.0 105.0 
386.0 157.0 
1299.0 109.0 
307.0 196.0 
317.0 183.0 
310.0 194.0 
340.0 181.0 
757.0 135.0 
1460.0 105.0 
849.0 130.0 
295.0 205.0 
448.0 151.0 
375.0 167.0 
347.0 171.0 
1487.0 104.0 
1084.0 119.0 
1276.0 111.0 
885.0 128.0 
849.0 130.0 
933.0 127.0 
605.0 141.0 
386.0 157.0 
1299.0 109.0 
307.0 196.0 
757.0 135.0 
317.0 183.0 
340.0 181.0 
310.0 194.0 
1460.0 105.0 
295.0 205.0 
375.0 167.0 
347.0 171.0 
1276.0 111.0 
885.0 128.0 
849.0 130.0 
933.0 127.0 
307.0 196.0 
340.0 181.0 
310.0 194.0 
