1690.0 528.0 
1786.0 452.0 
1695.0 504.0 
1743.0 466.0 
1690.0 528.0 
1786.0 452.0 
1786.0 452.0 
1693.0 511.0 
1690.0 528.0 
1709.0 471.0 
1700.0 504.0 
1700.0 504.0 
1747.0 467.0 
1744.0 468.0 
1788.0 459.0 
1697.0 523.0 
1699.0 518.0 
1698.0 519.0 
1693.0 526.0 
1692.0 529.0 
1692.0 529.0 
1716.0 498.0 
1720.0 484.0 
1741.0 481.0 
1733.0 482.0 
1720.0 484.0 
1700.0 515.0 
1779.0 479.0 
1804.0 470.0 
1814.0 465.0 
1807.0 469.0 
1824.0 462.0 
1796.0 478.0 
1815.0 463.0 
1699.0 519.0 
1698.0 524.0 
1696.0 529.0 
1692.0 542.0 
1696.0 529.0 
1696.0 529.0 
1694.0 537.0 
1696.0 529.0 
1749.0 481.0 
1749.0 481.0 
1749.0 481.0 
1742.0 483.0 
1742.0 483.0 
1742.0 483.0 
1742.0 483.0 
1745.0 482.0 
1742.0 483.0 
1742.0 483.0 
1731.0 490.0 
1731.0 490.0 
1735.0 487.0 
1730.0 491.0 
1735.0 487.0 
1720.0 494.0 
1701.0 516.0 
1787.0 480.0 
1787.0 480.0 
1789.0 479.0 
1805.0 471.0 
1805.0 471.0 
1805.0 471.0 
1809.0 470.0 
1818.0 464.0 
1817.0 465.0 
1816.0 467.0 
1816.0 467.0 
1700.0 520.0 
1695.0 540.0 
1754.0 481.0 
1751.0 482.0 
1751.0 482.0 
1751.0 482.0 
1746.0 484.0 
1746.0 484.0 
1746.0 484.0 
1747.0 483.0 
1746.0 484.0 
1734.0 491.0 
1734.0 491.0 
1743.0 487.0 
1729.0 497.0 
1728.0 506.0 
1826.0 464.0 
1695.0 544.0 
1695.0 544.0 
1754.0 482.0 
1805.0 472.0 
1731.0 503.0 
1719.0 517.0 
1735.0 494.0 
1702.0 520.0 
1747.0 489.0 
1817.0 466.0 
1700.0 530.0 
1696.0 542.0 
1701.0 524.0 
