2363.0 862.0 
3021.0 730.0 
2363.0 862.0 
2396.0 843.0 
2549.0 824.0 
3214.0 696.0 
3119.0 723.0 
2731.0 811.0 
3021.0 730.0 
2367.0 852.0 
2745.0 744.0 
2494.0 849.0 
2494.0 849.0 
2726.0 834.0 
2591.0 841.0 
2726.0 834.0 
2622.0 837.0 
3363.0 718.0 
3247.0 728.0 
2737.0 819.0 
3125.0 733.0 
2401.0 875.0 
2431.0 862.0 
2922.0 812.0 
2959.0 784.0 
2804.0 817.0 
2949.0 791.0 
3016.0 750.0 
2507.0 856.0 
2607.0 851.0 
2726.0 841.0 
3595.0 725.0 
2767.0 827.0 
3324.0 733.0 
3324.0 733.0 
3141.0 734.0 
2405.0 876.0 
2405.0 876.0 
2447.0 870.0 
2942.0 812.0 
2924.0 814.0 
2851.0 819.0 
2834.0 823.0 
2991.0 805.0 
3012.0 803.0 
3018.0 773.0 
3064.0 765.0 
2597.0 858.0 
2647.0 852.0 
2623.0 857.0 
3595.0 729.0 
2778.0 842.0 
2812.0 831.0 
3334.0 733.0 
3334.0 733.0 
3334.0 733.0 
3166.0 738.0 
3153.0 764.0 
2433.0 892.0 
2423.0 898.0 
2457.0 873.0 
2447.0 881.0 
2967.0 815.0 
2967.0 815.0 
2860.0 823.0 
3062.0 775.0 
3019.0 777.0 
3096.0 770.0 
3096.0 770.0 
2615.0 858.0 
2615.0 858.0 
2752.0 856.0 
3604.0 731.0 
2792.0 844.0 
3365.0 739.0 
3167.0 742.0 
3249.0 741.0 
2534.0 877.0 
2516.0 933.0 
2484.0 943.0 
3005.0 821.0 
2978.0 826.0 
2870.0 828.0 
2977.0 827.0 
3034.0 783.0 
3159.0 781.0 
3524.0 748.0 
3524.0 748.0 
2499.0 1055.0 
2499.0 1055.0 
2508.0 978.0 
3186.0 749.0 
2623.0 862.0 
2521.0 937.0 
3104.0 794.0 
3172.0 758.0 
2552.0 896.0 
2566.0 894.0 
2775.0 860.0 
2884.0 833.0 
