4875.0 1499.0 
5384.0 1128.0 
4887.0 1381.0 
6221.0 1071.0 
6066.0 1075.0 
5369.0 1157.0 
4958.0 1183.0 
5842.0 1081.0 
5568.0 1096.0 
5388.0 1106.0 
4949.0 1394.0 
6304.0 1075.0 
6135.0 1080.0 
5158.0 1308.0 
5259.0 1253.0 
5032.0 1388.0 
5763.0 1101.0 
5444.0 1189.0 
5450.0 1178.0 
5607.0 1110.0 
4957.0 1465.0 
6171.0 1082.0 
5252.0 1336.0 
5252.0 1336.0 
5345.0 1331.0 
5372.0 1282.0 
5126.0 1393.0 
6007.0 1109.0 
5515.0 1258.0 
5539.0 1216.0 
5519.0 1241.0 
5615.0 1160.0 
5784.0 1146.0 
5895.0 1115.0 
5613.0 1190.0 
5887.0 1120.0 
5112.0 1526.0 
5008.0 1560.0 
6928.0 1090.0 
6928.0 1090.0 
6904.0 1094.0 
6928.0 1090.0 
5439.0 1301.0 
5502.0 1286.0 
5382.0 1347.0 
5280.0 1403.0 
5280.0 1403.0 
5280.0 1403.0 
5131.0 1413.0 
5535.0 1269.0 
5578.0 1267.0 
5615.0 1167.0 
6752.0 1117.0 
6675.0 1118.0 
5901.0 1122.0 
6109.0 1120.0 
5902.0 1121.0 
5032.0 1574.0 
5445.0 1381.0 
5145.0 1423.0 
5557.0 1278.0 
5618.0 1168.0 
5926.0 1141.0 
6320.0 1126.0 
5902.0 1147.0 
6779.0 1121.0 
5132.0 1593.0 
5084.0 1710.0 
5526.0 1417.0 
5526.0 1417.0 
5253.0 1479.0 
5176.0 1540.0 
5326.0 1433.0 
5559.0 1413.0 
5595.0 1389.0 
5661.0 1168.0 
5624.0 1256.0 
6124.0 1146.0 
6251.0 1143.0 
6530.0 1131.0 
6347.0 1134.0 
6530.0 1131.0 
6028.0 1150.0 
6784.0 1124.0 
5551.0 1420.0 
5234.0 1562.0 
5206.0 1672.0 
5223.0 1601.0 
5374.0 1433.0 
5904.0 1180.0 
5759.0 1193.0 
5650.0 1269.0 
6291.0 1149.0 
6353.0 1135.0 
6060.0 1157.0 
5250.0 1672.0 
5250.0 1672.0 
6500.0 1146.0 
5659.0 1311.0 
5772.0 1209.0 
