1820.0 550.0 
1820.0 550.0 
1802.0 561.0 
1932.0 512.0 
1802.0 561.0 
1932.0 512.0 
1916.0 514.0 
1844.0 544.0 
1875.0 529.0 
1801.0 562.0 
1802.0 561.0 
1852.0 531.0 
1777.0 563.0 
1805.0 554.0 
1892.0 516.0 
1804.0 559.0 
1845.0 538.0 
1957.0 510.0 
1805.0 554.0 
1891.0 527.0 
1823.0 550.0 
1823.0 550.0 
1823.0 550.0 
1823.0 550.0 
1823.0 550.0 
1823.0 550.0 
1823.0 550.0 
1820.0 551.0 
1823.0 550.0 
1924.0 514.0 
1924.0 514.0 
1924.0 514.0 
1924.0 514.0 
1918.0 515.0 
1875.0 530.0 
1889.0 529.0 
1802.0 562.0 
1802.0 562.0 
1855.0 531.0 
1855.0 531.0 
1784.0 563.0 
1781.0 568.0 
1781.0 568.0 
1777.0 573.0 
1894.0 520.0 
1895.0 517.0 
1896.0 516.0 
1895.0 517.0 
1846.0 542.0 
1848.0 540.0 
1845.0 548.0 
1846.0 542.0 
1959.0 510.0 
1807.0 555.0 
1807.0 555.0 
1822.0 551.0 
1821.0 553.0 
1821.0 553.0 
1821.0 553.0 
1821.0 553.0 
1844.0 550.0 
1930.0 514.0 
1930.0 514.0 
1882.0 531.0 
1860.0 534.0 
1860.0 534.0 
1882.0 531.0 
1882.0 531.0 
1882.0 531.0 
1873.0 532.0 
1882.0 531.0 
1803.0 564.0 
1805.0 563.0 
1784.0 565.0 
1777.0 574.0 
1894.0 527.0 
1927.0 516.0 
1896.0 521.0 
1896.0 521.0 
1897.0 517.0 
1896.0 521.0 
1897.0 517.0 
1895.0 522.0 
1897.0 517.0 
1852.0 540.0 
1852.0 540.0 
1846.0 545.0 
1965.0 510.0 
1959.0 513.0 
1812.0 555.0 
1812.0 555.0 
1810.0 556.0 
1781.0 578.0 
1962.0 513.0 
1962.0 513.0 
1897.0 518.0 
1884.0 531.0 
1787.0 565.0 
1916.0 517.0 
1810.0 557.0 
