1807.0 524.0 
1795.0 530.0 
1786.0 542.0 
1876.0 510.0 
1752.0 550.0 
1841.0 519.0 
1895.0 505.0 
1867.0 518.0 
1744.0 560.0 
1913.0 503.0 
1882.0 506.0 
1807.0 524.0 
1803.0 532.0 
1793.0 547.0 
1793.0 547.0 
1800.0 544.0 
1793.0 547.0 
1793.0 547.0 
1800.0 544.0 
1793.0 547.0 
1800.0 544.0 
1793.0 547.0 
1793.0 547.0 
1800.0 544.0 
1793.0 547.0 
1879.0 517.0 
1759.0 552.0 
1786.0 550.0 
1786.0 550.0 
1759.0 552.0 
1759.0 552.0 
1786.0 550.0 
1866.0 520.0 
1841.0 521.0 
1744.0 563.0 
1744.0 563.0 
1744.0 563.0 
1886.0 511.0 
1915.0 507.0 
1886.0 511.0 
1886.0 511.0 
1915.0 507.0 
1915.0 507.0 
1915.0 507.0 
1888.0 510.0 
1907.0 508.0 
1915.0 507.0 
1886.0 511.0 
1915.0 507.0 
1915.0 507.0 
1886.0 511.0 
1915.0 507.0 
1915.0 507.0 
1885.0 515.0 
1886.0 511.0 
1807.0 526.0 
1745.0 567.0 
1745.0 567.0 
1921.0 507.0 
1921.0 507.0 
1807.0 527.0 
1793.0 548.0 
1803.0 541.0 
1753.0 564.0 
1760.0 553.0 
1841.0 522.0 
1841.0 522.0 
1887.0 519.0 
1759.0 555.0 
1863.0 521.0 
1803.0 541.0 
1890.0 512.0 
1911.0 509.0 
1874.0 520.0 
1915.0 508.0 
1760.0 553.0 
1899.0 510.0 
1874.0 520.0 
1863.0 521.0 
1759.0 555.0 
1899.0 510.0 
1892.0 511.0 
1890.0 512.0 
1887.0 519.0 
1892.0 511.0 
1803.0 541.0 
1803.0 541.0 
1803.0 541.0 
1803.0 541.0 
1760.0 553.0 
1760.0 553.0 
1760.0 553.0 
1760.0 553.0 
1760.0 553.0 
1760.0 553.0 
1760.0 553.0 
1874.0 520.0 
1874.0 520.0 
1874.0 520.0 
1874.0 520.0 
