2079.0 611.0 
1938.0 641.0 
2022.0 622.0 
2054.0 613.0 
2222.0 573.0 
2222.0 573.0 
1994.0 624.0 
1938.0 641.0 
2043.0 618.0 
2222.0 573.0 
2488.0 569.0 
2095.0 587.0 
1912.0 671.0 
1985.0 635.0 
2085.0 594.0 
2139.0 575.0 
2081.0 605.0 
2054.0 616.0 
2064.0 613.0 
1999.0 632.0 
2004.0 627.0 
1940.0 642.0 
2043.0 624.0 
2484.0 574.0 
2630.0 573.0 
2630.0 573.0 
2121.0 590.0 
2115.0 593.0 
1913.0 671.0 
1992.0 638.0 
1998.0 635.0 
1998.0 635.0 
2098.0 597.0 
2112.0 595.0 
2148.0 580.0 
2200.0 576.0 
2090.0 608.0 
2090.0 608.0 
2063.0 621.0 
2057.0 622.0 
2075.0 615.0 
2077.0 613.0 
2066.0 618.0 
2002.0 633.0 
2002.0 633.0 
2006.0 629.0 
2006.0 629.0 
1973.0 644.0 
1981.0 642.0 
1944.0 656.0 
1954.0 647.0 
1950.0 649.0 
2050.0 624.0 
2050.0 624.0 
2505.0 575.0 
2505.0 575.0 
2685.0 573.0 
2631.0 574.0 
2685.0 573.0 
2138.0 592.0 
1940.0 671.0 
1922.0 672.0 
2101.0 598.0 
2120.0 597.0 
2165.0 583.0 
2165.0 583.0 
2156.0 584.0 
2165.0 583.0 
2165.0 583.0 
2165.0 583.0 
2171.0 582.0 
2156.0 584.0 
2423.0 577.0 
2228.0 580.0 
2423.0 577.0 
2098.0 608.0 
2095.0 609.0 
2582.0 575.0 
1932.0 673.0 
2265.0 581.0 
2434.0 580.0 
2488.0 577.0 
1989.0 645.0 
2010.0 633.0 
1940.0 672.0 
2101.0 606.0 
1945.0 658.0 
2217.0 583.0 
2156.0 588.0 
2477.0 579.0 
2104.0 601.0 
2121.0 598.0 
2049.0 629.0 
1982.0 648.0 
2149.0 595.0 
2080.0 614.0 
2170.0 585.0 
1955.0 656.0 
2193.0 584.0 
1960.0 651.0 
