2780.0 824.0 
2460.0 893.0 
2916.0 736.0 
2843.0 772.0 
3144.0 719.0 
2835.0 778.0 
2820.0 810.0 
2506.0 825.0 
2795.0 822.0 
2917.0 756.0 
2988.0 749.0 
3155.0 720.0 
2898.0 799.0 
2820.0 811.0 
2537.0 837.0 
2678.0 829.0 
2511.0 881.0 
2815.0 822.0 
2920.0 793.0 
3099.0 782.0 
3122.0 749.0 
3090.0 785.0 
3122.0 749.0 
3163.0 726.0 
3212.0 723.0 
2840.0 816.0 
2916.0 813.0 
2557.0 844.0 
2694.0 831.0 
2698.0 829.0 
2698.0 829.0 
2698.0 829.0 
2522.0 983.0 
2530.0 951.0 
2522.0 983.0 
2556.0 923.0 
2535.0 924.0 
2527.0 979.0 
2989.0 802.0 
2989.0 802.0 
2955.0 804.0 
3118.0 787.0 
3150.0 765.0 
3204.0 744.0 
3204.0 744.0 
3201.0 747.0 
3219.0 739.0 
3410.0 725.0 
3222.0 732.0 
3349.0 729.0 
2932.0 813.0 
2648.0 883.0 
2616.0 911.0 
2565.0 922.0 
2572.0 918.0 
2674.0 867.0 
2600.0 916.0 
2763.0 829.0 
2748.0 843.0 
2540.0 931.0 
2540.0 931.0 
2540.0 931.0 
2540.0 931.0 
2527.0 997.0 
3098.0 807.0 
3098.0 807.0 
3034.0 808.0 
3180.0 786.0 
3211.0 765.0 
3209.0 767.0 
3243.0 733.0 
3235.0 757.0 
3015.0 825.0 
3020.0 817.0 
2672.0 886.0 
2653.0 892.0 
2697.0 873.0 
2617.0 916.0 
2605.0 919.0 
2605.0 919.0 
2794.0 834.0 
2819.0 829.0 
2819.0 829.0 
2789.0 852.0 
2787.0 863.0 
2556.0 956.0 
2584.0 936.0 
2556.0 956.0 
2556.0 956.0 
3334.0 738.0 
2557.0 994.0 
2557.0 994.0 
3125.0 814.0 
2984.0 830.0 
2792.0 854.0 
2713.0 883.0 
2843.0 835.0 
3040.0 819.0 
3256.0 760.0 
3215.0 779.0 
