1783.0 404.0 
1742.0 418.0 
1785.0 403.0 
1748.0 415.0 
1742.0 418.0 
1743.0 416.0 
1661.0 442.0 
1783.0 404.0 
1650.0 453.0 
1651.0 450.0 
1556.0 479.0 
1763.0 413.0 
1785.0 403.0 
1629.0 456.0 
1695.0 423.0 
1607.0 461.0 
1570.0 477.0 
1770.0 412.0 
1785.0 403.0 
1785.0 403.0 
1694.0 430.0 
1717.0 422.0 
1671.0 433.0 
1581.0 469.0 
1548.0 489.0 
1648.0 455.0 
1666.0 438.0 
1749.0 416.0 
1744.0 417.0 
1661.0 449.0 
1661.0 449.0 
1663.0 442.0 
1653.0 451.0 
1568.0 482.0 
1765.0 413.0 
1765.0 413.0 
1634.0 457.0 
1634.0 457.0 
1709.0 424.0 
1709.0 424.0 
1709.0 424.0 
1701.0 426.0 
1709.0 424.0 
1703.0 425.0 
1701.0 426.0 
1608.0 468.0 
1610.0 462.0 
1608.0 468.0 
1785.0 404.0 
1785.0 404.0 
1785.0 404.0 
1740.0 422.0 
1730.0 423.0 
1673.0 435.0 
1673.0 435.0 
1693.0 434.0 
1594.0 476.0 
1603.0 470.0 
1552.0 502.0 
1557.0 489.0 
1751.0 416.0 
1665.0 443.0 
1659.0 453.0 
1659.0 453.0 
1570.0 485.0 
1593.0 483.0 
1770.0 413.0 
1635.0 457.0 
1716.0 424.0 
1707.0 425.0 
1707.0 425.0 
1707.0 425.0 
1707.0 425.0 
1705.0 426.0 
1705.0 426.0 
1704.0 433.0 
1705.0 426.0 
1610.0 467.0 
1616.0 462.0 
1615.0 463.0 
1786.0 404.0 
1744.0 422.0 
1742.0 423.0 
1675.0 435.0 
1568.0 499.0 
1563.0 506.0 
1569.0 491.0 
1803.0 404.0 
1803.0 404.0 
1563.0 513.0 
1773.0 413.0 
1575.0 492.0 
1676.0 438.0 
1571.0 508.0 
1610.0 471.0 
1665.0 450.0 
1592.0 485.0 
1616.0 463.0 
1753.0 416.0 
1657.0 459.0 
