1663.0 404.0 
1636.0 410.0 
1604.0 423.0 
1596.0 426.0 
1600.0 425.0 
1664.0 402.0 
1636.0 410.0 
1636.0 410.0 
1893.0 382.0 
1596.0 426.0 
1664.0 402.0 
1891.0 383.0 
1636.0 410.0 
1533.0 446.0 
1655.0 409.0 
1736.0 387.0 
1607.0 421.0 
1604.0 423.0 
1942.0 380.0 
1700.0 397.0 
1596.0 426.0 
1665.0 400.0 
1576.0 432.0 
1607.0 421.0 
1664.0 402.0 
1686.0 399.0 
1559.0 436.0 
1937.0 381.0 
1728.0 390.0 
1663.0 404.0 
1596.0 426.0 
1663.0 404.0 
1533.0 446.0 
1601.0 425.0 
1601.0 425.0 
1601.0 425.0 
1601.0 425.0 
1601.0 425.0 
1910.0 382.0 
1905.0 385.0 
1905.0 385.0 
1638.0 410.0 
1637.0 411.0 
1636.0 412.0 
1737.0 387.0 
1978.0 380.0 
1705.0 397.0 
1666.0 400.0 
1580.0 433.0 
1607.0 423.0 
1627.0 421.0 
1575.0 436.0 
1575.0 436.0 
1560.0 444.0 
1575.0 436.0 
1729.0 392.0 
1729.0 392.0 
1730.0 390.0 
1598.0 429.0 
1598.0 429.0 
1598.0 429.0 
1600.0 427.0 
1664.0 406.0 
1664.0 406.0 
1538.0 446.0 
1534.0 447.0 
1534.0 447.0 
1538.0 446.0 
1984.0 381.0 
1536.0 450.0 
1536.0 450.0 
1755.0 387.0 
1912.0 385.0 
1944.0 382.0 
1602.0 425.0 
1728.0 397.0 
1628.0 421.0 
1656.0 410.0 
1581.0 433.0 
1541.0 446.0 
1576.0 438.0 
1917.0 383.0 
1733.0 390.0 
1602.0 425.0 
1581.0 433.0 
1636.0 414.0 
1706.0 399.0 
1670.0 400.0 
1666.0 404.0 
1576.0 438.0 
1541.0 446.0 
1628.0 421.0 
1537.0 447.0 
1740.0 388.0 
1669.0 401.0 
1666.0 404.0 
1577.0 437.0 
1637.0 412.0 
1711.0 398.0 
1636.0 414.0 
