1511.0 423.0 
1511.0 423.0 
1511.0 423.0 
1654.0 373.0 
1546.0 420.0 
1511.0 423.0 
1511.0 423.0 
1571.0 407.0 
1504.0 433.0 
1654.0 373.0 
1511.0 423.0 
1511.0 423.0 
1632.0 385.0 
1558.0 408.0 
1553.0 411.0 
1558.0 408.0 
1654.0 373.0 
1511.0 423.0 
1529.0 422.0 
1554.0 409.0 
1655.0 372.0 
1595.0 395.0 
1498.0 434.0 
1573.0 400.0 
1554.0 409.0 
1554.0 409.0 
1553.0 411.0 
1558.0 408.0 
1615.0 386.0 
1554.0 409.0 
1572.0 402.0 
1644.0 385.0 
1513.0 423.0 
1533.0 422.0 
1660.0 372.0 
1660.0 372.0 
1660.0 372.0 
1659.0 373.0 
1659.0 373.0 
1659.0 373.0 
1660.0 372.0 
1601.0 397.0 
1602.0 396.0 
1601.0 397.0 
1602.0 396.0 
1605.0 395.0 
1601.0 397.0 
1602.0 396.0 
1602.0 396.0 
1500.0 434.0 
1578.0 400.0 
1562.0 408.0 
1616.0 387.0 
1617.0 386.0 
1615.0 393.0 
1556.0 409.0 
1556.0 409.0 
1648.0 385.0 
1513.0 424.0 
1514.0 423.0 
1513.0 424.0 
1514.0 423.0 
1534.0 422.0 
1666.0 372.0 
1662.0 373.0 
1662.0 373.0 
1660.0 374.0 
1606.0 395.0 
1606.0 395.0 
1601.0 398.0 
1604.0 397.0 
1604.0 397.0 
1501.0 434.0 
1578.0 401.0 
1563.0 408.0 
1621.0 386.0 
1621.0 386.0 
1621.0 386.0 
1621.0 386.0 
1621.0 386.0 
1621.0 386.0 
1621.0 386.0 
1621.0 386.0 
1621.0 386.0 
1621.0 386.0 
1621.0 386.0 
1621.0 386.0 
1621.0 386.0 
1617.0 389.0 
1619.0 387.0 
1621.0 386.0 
1621.0 386.0 
1621.0 386.0 
1556.0 410.0 
1556.0 410.0 
1556.0 410.0 
1557.0 409.0 
1675.0 372.0 
1675.0 372.0 
1502.0 434.0 
