1589.0 525.0 
1729.0 501.0 
1729.0 501.0 
1589.0 525.0 
1546.0 550.0 
1763.0 497.0 
1588.0 533.0 
1683.0 503.0 
1556.0 545.0 
1729.0 501.0 
1589.0 525.0 
1729.0 501.0 
1733.0 498.0 
1546.0 550.0 
1631.0 511.0 
1589.0 525.0 
1624.0 518.0 
1799.0 491.0 
1556.0 545.0 
1729.0 501.0 
1546.0 550.0 
1679.0 508.0 
1546.0 550.0 
1593.0 522.0 
1589.0 525.0 
1729.0 501.0 
1649.0 510.0 
1546.0 550.0 
1546.0 550.0 
1795.0 493.0 
1588.0 533.0 
1556.0 545.0 
1626.0 513.0 
1585.0 538.0 
1631.0 511.0 
1525.0 562.0 
1729.0 501.0 
1679.0 508.0 
1548.0 546.0 
1686.0 504.0 
1764.0 498.0 
1753.0 499.0 
1753.0 499.0 
1594.0 523.0 
1594.0 523.0 
1589.0 527.0 
1589.0 527.0 
1589.0 527.0 
1589.0 527.0 
1589.0 527.0 
1589.0 527.0 
1589.0 527.0 
1589.0 527.0 
1589.0 527.0 
1589.0 527.0 
1654.0 510.0 
1654.0 510.0 
1654.0 510.0 
1654.0 510.0 
1654.0 510.0 
1654.0 510.0 
1654.0 510.0 
1654.0 510.0 
1654.0 510.0 
1546.0 551.0 
1546.0 551.0 
1627.0 513.0 
1627.0 513.0 
1585.0 540.0 
1632.0 511.0 
1632.0 511.0 
1632.0 511.0 
1632.0 511.0 
1632.0 511.0 
1632.0 511.0 
1536.0 566.0 
1540.0 562.0 
1730.0 502.0 
1735.0 501.0 
1729.0 503.0 
1735.0 501.0 
1550.0 547.0 
1550.0 547.0 
1550.0 547.0 
1550.0 547.0 
1550.0 547.0 
1550.0 547.0 
1550.0 547.0 
1550.0 547.0 
1550.0 547.0 
1550.0 547.0 
1550.0 547.0 
1550.0 547.0 
1550.0 547.0 
1550.0 547.0 
1765.0 499.0 
1537.0 566.0 
1537.0 566.0 
1661.0 511.0 
1724.0 507.0 
