3163.0 785.0 
2953.0 813.0 
2549.0 901.0 
3206.0 772.0 
2725.0 848.0 
3024.0 797.0 
2746.0 818.0 
2531.0 918.0 
2552.0 868.0 
3198.0 785.0 
3198.0 785.0 
3198.0 785.0 
3183.0 789.0 
3164.0 791.0 
2737.0 852.0 
3026.0 801.0 
2801.0 829.0 
2793.0 839.0 
2921.0 821.0 
2910.0 824.0 
2538.0 956.0 
2550.0 941.0 
2722.0 887.0 
2633.0 893.0 
2604.0 938.0 
2723.0 885.0 
2621.0 904.0 
3198.0 787.0 
3187.0 792.0 
2756.0 877.0 
3088.0 805.0 
3059.0 807.0 
3139.0 803.0 
3123.0 804.0 
3059.0 807.0 
3040.0 817.0 
2851.0 829.0 
2794.0 850.0 
2933.0 825.0 
2557.0 944.0 
2581.0 941.0 
2550.0 1073.0 
2557.0 944.0 
2550.0 1073.0 
2655.0 893.0 
2641.0 899.0 
2621.0 910.0 
3235.0 791.0 
3201.0 792.0 
3189.0 796.0 
2771.0 878.0 
3187.0 806.0 
3166.0 809.0 
3061.0 810.0 
2898.0 837.0 
2797.0 874.0 
2801.0 858.0 
2864.0 854.0 
2940.0 828.0 
2937.0 831.0 
2976.0 825.0 
2606.0 943.0 
2557.0 955.0 
2689.0 895.0 
2660.0 899.0 
2626.0 940.0 
2637.0 914.0 
3254.0 804.0 
3254.0 804.0 
2788.0 883.0 
2791.0 878.0 
3072.0 815.0 
3142.0 812.0 
3170.0 810.0 
3170.0 810.0 
2810.0 861.0 
2938.0 831.0 
3043.0 829.0 
2979.0 830.0 
2624.0 944.0 
2559.0 966.0 
2605.0 961.0 
2619.0 956.0 
2607.0 957.0 
2663.0 905.0 
2639.0 916.0 
3255.0 806.0 
2566.0 1071.0 
2566.0 1071.0 
2570.0 992.0 
3078.0 816.0 
2938.0 838.0 
2645.0 948.0 
3034.0 835.0 
2581.0 976.0 
2873.0 861.0 
2650.0 922.0 
3209.0 813.0 
2746.0 908.0 
2724.0 919.0 
