2615.0 531.0 
2018.0 592.0 
2615.0 531.0 
2018.0 592.0 
2002.0 594.0 
1931.0 608.0 
2615.0 531.0 
2079.0 565.0 
2356.0 536.0 
2615.0 531.0 
1930.0 617.0 
2032.0 582.0 
2615.0 531.0 
2070.0 581.0 
2025.0 585.0 
2032.0 582.0 
2290.0 544.0 
2088.0 561.0 
1952.0 601.0 
2104.0 548.0 
1931.0 608.0 
2615.0 531.0 
1926.0 624.0 
2615.0 531.0 
1985.0 599.0 
2070.0 581.0 
1930.0 617.0 
2282.0 547.0 
2010.0 595.0 
2004.0 598.0 
2004.0 598.0 
2004.0 598.0 
2087.0 574.0 
2357.0 540.0 
2506.0 536.0 
2360.0 538.0 
2038.0 582.0 
2342.0 545.0 
2330.0 546.0 
2342.0 545.0 
2099.0 562.0 
2090.0 570.0 
2096.0 564.0 
1978.0 607.0 
2129.0 550.0 
2106.0 555.0 
1941.0 609.0 
1935.0 615.0 
1929.0 636.0 
1926.0 642.0 
2623.0 532.0 
2698.0 531.0 
2623.0 532.0 
2619.0 533.0 
1995.0 603.0 
1995.0 603.0 
1996.0 599.0 
1995.0 603.0 
1931.0 617.0 
1931.0 617.0 
1928.0 642.0 
1928.0 642.0 
2619.0 536.0 
2362.0 539.0 
2303.0 552.0 
2553.0 538.0 
2156.0 553.0 
1931.0 622.0 
2056.0 582.0 
2000.0 608.0 
2007.0 598.0 
1971.0 609.0 
2105.0 562.0 
2334.0 546.0 
1949.0 615.0 
2118.0 558.0 
2553.0 538.0 
2331.0 548.0 
1941.0 617.0 
2018.0 595.0 
2100.0 569.0 
2088.0 574.0 
2054.0 587.0 
2151.0 557.0 
2088.0 574.0 
1931.0 622.0 
2094.0 571.0 
2153.0 555.0 
2040.0 590.0 
2038.0 593.0 
2046.0 589.0 
2097.0 570.0 
2046.0 589.0 
2039.0 592.0 
2038.0 593.0 
2156.0 553.0 
2039.0 592.0 
2553.0 538.0 
2553.0 538.0 
2553.0 538.0 
