4762.0 1293.0 
6531.0 1245.0 
5084.0 1258.0 
4793.0 1390.0 
4825.0 1366.0 
5011.0 1323.0 
4798.0 1370.0 
5690.0 1322.0 
5767.0 1279.0 
5312.0 1368.0 
5391.0 1353.0 
5231.0 1374.0 
4961.0 1378.0 
5289.0 1371.0 
5231.0 1374.0 
5703.0 1325.0 
6465.0 1280.0 
6085.0 1290.0 
5486.0 1370.0 
5072.0 1389.0 
4978.0 1446.0 
5906.0 1342.0 
6615.0 1280.0 
6241.0 1338.0 
6395.0 1297.0 
5697.0 1379.0 
5666.0 1380.0 
5408.0 1401.0 
5284.0 1416.0 
5082.0 1420.0 
5183.0 1418.0 
5978.0 1352.0 
7347.0 1289.0 
7274.0 1293.0 
6374.0 1339.0 
6434.0 1328.0 
6465.0 1311.0 
6513.0 1303.0 
5737.0 1383.0 
5860.0 1380.0 
5409.0 1401.0 
5139.0 1458.0 
5104.0 1566.0 
5247.0 1433.0 
5271.0 1425.0 
6169.0 1368.0 
5983.0 1378.0 
6446.0 1354.0 
7920.0 1339.0 
7165.0 1344.0 
7920.0 1339.0 
9136.0 1328.0 
6794.0 1348.0 
5767.0 1393.0 
5821.0 1384.0 
5466.0 1412.0 
5662.0 1407.0 
5154.0 1479.0 
5161.0 1463.0 
5362.0 1452.0 
5381.0 1439.0 
6294.0 1376.0 
6003.0 1382.0 
6520.0 1363.0 
6633.0 1354.0 
8405.0 1342.0 
5899.0 1400.0 
5908.0 1394.0 
5471.0 1425.0 
5814.0 1414.0 
5831.0 1407.0 
5251.0 1489.0 
5385.0 1459.0 
6160.0 1391.0 
6520.0 1366.0 
7037.0 1363.0 
8055.0 1360.0 
5902.0 1405.0 
6108.0 1395.0 
6141.0 1394.0 
5600.0 1425.0 
5511.0 1428.0 
5870.0 1412.0 
5486.0 1479.0 
5486.0 1479.0 
5486.0 1479.0 
5399.0 1520.0 
6283.0 1392.0 
6576.0 1372.0 
8336.0 1363.0 
8146.0 1365.0 
5469.0 1541.0 
9545.0 1366.0 
6594.0 1373.0 
5520.0 1481.0 
8559.0 1372.0 
6201.0 1394.0 
5562.0 1448.0 
8665.0 1369.0 
9471.0 1367.0 
