1833.0 446.0 
1785.0 457.0 
1744.0 476.0 
1785.0 457.0 
1722.0 489.0 
1694.0 501.0 
1722.0 489.0 
1694.0 501.0 
1785.0 457.0 
1694.0 501.0 
1785.0 457.0 
1694.0 501.0 
1785.0 457.0 
1785.0 457.0 
1785.0 457.0 
1694.0 501.0 
1785.0 457.0 
1722.0 489.0 
1694.0 501.0 
1728.0 486.0 
1852.0 444.0 
1722.0 489.0 
1833.0 446.0 
1672.0 515.0 
1744.0 476.0 
1694.0 501.0 
1722.0 489.0 
1785.0 457.0 
1785.0 457.0 
1833.0 446.0 
1721.0 495.0 
1728.0 486.0 
1852.0 444.0 
1722.0 489.0 
1852.0 444.0 
1694.0 501.0 
1722.0 489.0 
1684.0 504.0 
1833.0 446.0 
1654.0 518.0 
1785.0 457.0 
1785.0 457.0 
1694.0 501.0 
1672.0 515.0 
1785.0 457.0 
1722.0 489.0 
1728.0 486.0 
1852.0 444.0 
1702.0 499.0 
1852.0 444.0 
1833.0 446.0 
1694.0 501.0 
1722.0 489.0 
1764.0 459.0 
1722.0 489.0 
1721.0 495.0 
1833.0 446.0 
1852.0 444.0 
1757.0 462.0 
1684.0 504.0 
1672.0 515.0 
1654.0 518.0 
1694.0 501.0 
1785.0 457.0 
1722.0 489.0 
1722.0 489.0 
1694.0 501.0 
1654.0 518.0 
1785.0 457.0 
1728.0 486.0 
1852.0 444.0 
1704.0 497.0 
1688.0 502.0 
1672.0 515.0 
1785.0 457.0 
1785.0 457.0 
1785.0 457.0 
1852.0 444.0 
1654.0 518.0 
1728.0 486.0 
1722.0 489.0 
1785.0 457.0 
1694.0 501.0 
1722.0 489.0 
1722.0 489.0 
1751.0 473.0 
1855.0 444.0 
1855.0 444.0 
1654.0 521.0 
1654.0 521.0 
1837.0 447.0 
1787.0 457.0 
1748.0 476.0 
1678.0 516.0 
1787.0 457.0 
1837.0 447.0 
1766.0 459.0 
1688.0 505.0 
1752.0 474.0 
1763.0 463.0 
