489.0 305.0 
466.0 319.0 
1017.0 234.0 
610.0 294.0 
659.0 259.0 
461.0 344.0 
507.0 298.0 
466.0 319.0 
2005.0 195.0 
1160.0 232.0 
643.0 281.0 
706.0 256.0 
1768.0 217.0 
1797.0 203.0 
464.0 343.0 
496.0 306.0 
1021.0 247.0 
679.0 267.0 
704.0 260.0 
462.0 352.0 
533.0 302.0 
533.0 302.0 
533.0 302.0 
598.0 298.0 
540.0 301.0 
468.0 334.0 
1391.0 246.0 
1590.0 235.0 
1550.0 244.0 
656.0 293.0 
645.0 294.0 
664.0 289.0 
924.0 256.0 
765.0 258.0 
1833.0 216.0 
1947.0 207.0 
1806.0 231.0 
465.0 347.0 
496.0 312.0 
524.0 311.0 
1122.0 253.0 
1126.0 250.0 
679.0 269.0 
644.0 299.0 
595.0 301.0 
594.0 302.0 
574.0 303.0 
546.0 307.0 
468.0 345.0 
469.0 335.0 
1590.0 237.0 
648.0 296.0 
999.0 256.0 
958.0 257.0 
768.0 260.0 
766.0 261.0 
881.0 258.0 
881.0 258.0 
1841.0 220.0 
2063.0 211.0 
2017.0 212.0 
1979.0 214.0 
1822.0 234.0 
1817.0 235.0 
496.0 315.0 
1291.0 254.0 
713.0 272.0 
704.0 279.0 
696.0 280.0 
686.0 291.0 
713.0 272.0 
603.0 301.0 
603.0 301.0 
582.0 303.0 
574.0 304.0 
582.0 303.0 
551.0 311.0 
472.0 338.0 
1728.0 241.0 
1609.0 250.0 
1712.0 242.0 
1728.0 241.0 
1662.0 244.0 
1790.0 237.0 
661.0 299.0 
1066.0 256.0 
806.0 263.0 
1845.0 227.0 
1906.0 223.0 
1875.0 224.0 
2068.0 212.0 
2058.0 213.0 
2005.0 220.0 
1999.0 221.0 
2057.0 216.0 
2057.0 216.0 
478.0 367.0 
2090.0 218.0 
1659.0 251.0 
1205.0 256.0 
