93.0 43.0 
93.0 43.0 
93.0 43.0 
87.0 57.0 
102.0 37.0 
91.0 44.0 
93.0 43.0 
101.0 41.0 
115.0 33.0 
70.0 60.0 
104.0 34.0 
92.0 53.0 
92.0 53.0 
97.0 44.0 
95.0 47.0 
142.0 33.0 
85.0 70.0 
88.0 62.0 
84.0 82.0 
85.0 70.0 
107.0 40.0 
120.0 34.0 
94.0 56.0 
99.0 45.0 
106.0 44.0 
97.0 51.0 
96.0 52.0 
97.0 51.0 
90.0 64.0 
90.0 64.0 
84.0 88.0 
85.0 77.0 
85.0 77.0 
88.0 70.0 
108.0 41.0 
114.0 40.0 
125.0 34.0 
94.0 60.0 
101.0 45.0 
101.0 45.0 
96.0 53.0 
100.0 52.0 
85.0 97.0 
87.0 94.0 
88.0 77.0 
110.0 41.0 
120.0 40.0 
144.0 34.0 
128.0 36.0 
137.0 35.0 
94.0 76.0 
95.0 69.0 
94.0 76.0 
102.0 46.0 
96.0 57.0 
96.0 57.0 
97.0 53.0 
89.0 90.0 
92.0 87.0 
93.0 83.0 
89.0 90.0 
112.0 42.0 
114.0 41.0 
111.0 45.0 
111.0 45.0 
130.0 38.0 
138.0 36.0 
95.0 73.0 
94.0 79.0 
103.0 46.0 
96.0 60.0 
97.0 54.0 
90.0 100.0 
112.0 44.0 
120.0 41.0 
114.0 43.0 
132.0 38.0 
139.0 37.0 
139.0 37.0 
94.0 98.0 
94.0 98.0 
94.0 98.0 
94.0 98.0 
95.0 93.0 
94.0 98.0 
105.0 48.0 
106.0 46.0 
96.0 69.0 
96.0 69.0 
99.0 56.0 
97.0 57.0 
113.0 45.0 
125.0 41.0 
116.0 44.0 
143.0 37.0 
140.0 38.0 
143.0 37.0 
95.0 98.0 
154.0 37.0 
97.0 62.0 
