227.0 117.0 
299.0 88.0 
243.0 93.0 
231.0 128.0 
249.0 105.0 
257.0 94.0 
249.0 105.0 
256.0 99.0 
232.0 142.0 
233.0 129.0 
281.0 96.0 
303.0 95.0 
252.0 106.0 
252.0 106.0 
252.0 106.0 
252.0 106.0 
260.0 102.0 
244.0 130.0 
242.0 132.0 
284.0 100.0 
285.0 99.0 
287.0 96.0 
252.0 122.0 
253.0 106.0 
261.0 105.0 
265.0 102.0 
251.0 130.0 
242.0 140.0 
248.0 139.0 
347.0 99.0 
311.0 100.0 
303.0 101.0 
252.0 127.0 
256.0 107.0 
277.0 102.0 
266.0 103.0 
243.0 146.0 
251.0 144.0 
251.0 144.0 
311.0 101.0 
252.0 143.0 
253.0 129.0 
261.0 112.0 
256.0 115.0 
280.0 102.0 
269.0 104.0 
266.0 109.0 
277.0 103.0 
316.0 101.0 
255.0 129.0 
258.0 117.0 
262.0 115.0 
292.0 102.0 
292.0 102.0 
271.0 107.0 
271.0 107.0 
270.0 110.0 
270.0 110.0 
269.0 114.0 
269.0 114.0 
287.0 103.0 
286.0 104.0 
286.0 104.0 
283.0 105.0 
281.0 106.0 
341.0 101.0 
256.0 129.0 
256.0 129.0 
255.0 130.0 
260.0 119.0 
267.0 115.0 
262.0 116.0 
295.0 102.0 
274.0 107.0 
271.0 111.0 
289.0 106.0 
255.0 147.0 
256.0 130.0 
256.0 130.0 
261.0 123.0 
260.0 125.0 
263.0 118.0 
267.0 116.0 
313.0 102.0 
295.0 104.0 
313.0 102.0 
276.0 110.0 
276.0 110.0 
272.0 111.0 
271.0 113.0 
292.0 108.0 
257.0 131.0 
341.0 102.0 
307.0 105.0 
279.0 111.0 
261.0 128.0 
296.0 109.0 
263.0 123.0 
267.0 121.0 
269.0 116.0 
