109.0 39.0 
109.0 39.0 
109.0 39.0 
109.0 39.0 
109.0 39.0 
109.0 39.0 
109.0 39.0 
109.0 39.0 
109.0 39.0 
114.0 37.0 
109.0 39.0 
109.0 39.0 
109.0 39.0 
109.0 39.0 
109.0 39.0 
109.0 39.0 
109.0 39.0 
109.0 39.0 
109.0 39.0 
109.0 39.0 
109.0 39.0 
114.0 37.0 
109.0 39.0 
114.0 37.0 
109.0 39.0 
109.0 39.0 
109.0 39.0 
109.0 39.0 
109.0 39.0 
109.0 39.0 
109.0 39.0 
109.0 39.0 
114.0 37.0 
109.0 39.0 
109.0 39.0 
115.0 37.0 
115.0 37.0 
109.0 40.0 
109.0 40.0 
114.0 38.0 
111.0 39.0 
111.0 39.0 
114.0 38.0 
115.0 37.0 
114.0 38.0 
115.0 37.0 
115.0 37.0 
115.0 37.0 
115.0 37.0 
115.0 37.0 
115.0 37.0 
115.0 37.0 
115.0 37.0 
115.0 37.0 
115.0 37.0 
114.0 38.0 
114.0 38.0 
115.0 37.0 
115.0 37.0 
114.0 38.0 
114.0 38.0 
115.0 37.0 
114.0 38.0 
115.0 37.0 
115.0 37.0 
115.0 37.0 
115.0 37.0 
115.0 37.0 
115.0 37.0 
115.0 37.0 
115.0 37.0 
115.0 37.0 
115.0 37.0 
115.0 37.0 
114.0 38.0 
115.0 37.0 
115.0 37.0 
115.0 37.0 
115.0 37.0 
114.0 38.0 
115.0 37.0 
115.0 37.0 
114.0 38.0 
115.0 37.0 
115.0 37.0 
114.0 38.0 
115.0 37.0 
114.0 38.0 
114.0 38.0 
114.0 38.0 
115.0 37.0 
115.0 37.0 
115.0 37.0 
115.0 37.0 
115.0 37.0 
115.0 37.0 
115.0 37.0 
115.0 37.0 
114.0 38.0 
115.0 37.0 
