158.0 70.0 
205.0 56.0 
158.0 70.0 
189.0 58.0 
147.0 71.0 
184.0 61.0 
164.0 63.0 
212.0 57.0 
160.0 70.0 
191.0 60.0 
202.0 59.0 
155.0 71.0 
152.0 95.0 
150.0 99.0 
185.0 61.0 
165.0 69.0 
165.0 69.0 
166.0 68.0 
170.0 63.0 
202.0 60.0 
202.0 60.0 
210.0 59.0 
156.0 93.0 
156.0 93.0 
158.0 72.0 
153.0 96.0 
150.0 108.0 
150.0 108.0 
166.0 71.0 
166.0 71.0 
176.0 66.0 
181.0 63.0 
205.0 60.0 
204.0 61.0 
213.0 59.0 
213.0 59.0 
158.0 80.0 
159.0 73.0 
158.0 80.0 
165.0 72.0 
155.0 96.0 
155.0 96.0 
154.0 109.0 
174.0 71.0 
176.0 69.0 
176.0 69.0 
176.0 69.0 
188.0 64.0 
192.0 63.0 
182.0 68.0 
182.0 68.0 
207.0 60.0 
205.0 61.0 
160.0 73.0 
158.0 93.0 
173.0 72.0 
155.0 98.0 
176.0 70.0 
181.0 69.0 
181.0 69.0 
188.0 66.0 
189.0 65.0 
192.0 64.0 
184.0 68.0 
184.0 68.0 
205.0 62.0 
207.0 61.0 
164.0 81.0 
160.0 85.0 
162.0 82.0 
165.0 80.0 
164.0 81.0 
166.0 74.0 
164.0 81.0 
160.0 85.0 
158.0 95.0 
173.0 73.0 
173.0 73.0 
155.0 109.0 
157.0 108.0 
178.0 70.0 
178.0 70.0 
202.0 64.0 
192.0 66.0 
192.0 66.0 
192.0 66.0 
189.0 68.0 
187.0 69.0 
189.0 68.0 
210.0 61.0 
210.0 61.0 
155.0 110.0 
155.0 110.0 
158.0 98.0 
166.0 75.0 
179.0 71.0 
177.0 73.0 
190.0 68.0 
204.0 65.0 
160.0 89.0 
