51.0 57.0 
119.0 28.0 
94.0 39.0 
94.0 39.0 
55.0 52.0 
63.0 48.0 
113.0 32.0 
60.0 50.0 
63.0 48.0 
114.0 29.0 
104.0 36.0 
48.0 61.0 
78.0 40.0 
96.0 37.0 
107.0 34.0 
60.0 50.0 
52.0 57.0 
52.0 57.0 
52.0 57.0 
51.0 60.0 
52.0 57.0 
52.0 57.0 
123.0 28.0 
95.0 39.0 
55.0 54.0 
58.0 52.0 
55.0 54.0 
64.0 49.0 
66.0 48.0 
66.0 48.0 
116.0 29.0 
116.0 29.0 
114.0 33.0 
114.0 33.0 
114.0 33.0 
114.0 33.0 
50.0 61.0 
50.0 61.0 
49.0 63.0 
50.0 61.0 
50.0 61.0 
79.0 44.0 
89.0 40.0 
80.0 42.0 
80.0 42.0 
79.0 44.0 
78.0 46.0 
97.0 37.0 
97.0 37.0 
96.0 38.0 
96.0 38.0 
97.0 37.0 
108.0 34.0 
107.0 35.0 
108.0 34.0 
60.0 51.0 
60.0 51.0 
125.0 28.0 
125.0 28.0 
49.0 65.0 
49.0 65.0 
109.0 34.0 
65.0 49.0 
78.0 47.0 
89.0 41.0 
58.0 54.0 
82.0 42.0 
63.0 51.0 
55.0 56.0 
121.0 29.0 
51.0 62.0 
101.0 37.0 
101.0 37.0 
52.0 58.0 
97.0 38.0 
116.0 31.0 
116.0 31.0 
62.0 53.0 
51.0 62.0 
79.0 45.0 
53.0 57.0 
79.0 45.0 
94.0 40.0 
65.0 49.0 
78.0 47.0 
118.0 30.0 
82.0 42.0 
118.0 30.0 
94.0 40.0 
96.0 39.0 
52.0 58.0 
96.0 39.0 
62.0 53.0 
116.0 31.0 
118.0 30.0 
118.0 30.0 
118.0 30.0 
49.0 65.0 
49.0 65.0 
62.0 53.0 
