208.0 122.0 
224.0 112.0 
209.0 173.0 
210.0 150.0 
235.0 113.0 
225.0 139.0 
210.0 175.0 
237.0 115.0 
226.0 169.0 
226.0 169.0 
233.0 142.0 
215.0 177.0 
212.0 178.0 
215.0 177.0 
215.0 177.0 
237.0 137.0 
238.0 136.0 
241.0 116.0 
212.0 179.0 
237.0 153.0 
243.0 147.0 
306.0 130.0 
252.0 132.0 
368.0 128.0 
228.0 190.0 
231.0 189.0 
221.0 196.0 
219.0 277.0 
242.0 168.0 
279.0 141.0 
316.0 139.0 
253.0 166.0 
255.0 159.0 
369.0 136.0 
685.0 128.0 
224.0 202.0 
244.0 185.0 
248.0 178.0 
289.0 146.0 
282.0 148.0 
314.0 142.0 
323.0 141.0 
253.0 172.0 
257.0 163.0 
234.0 208.0 
224.0 215.0 
245.0 187.0 
249.0 184.0 
248.0 186.0 
297.0 147.0 
282.0 149.0 
322.0 145.0 
331.0 143.0 
255.0 174.0 
271.0 167.0 
257.0 168.0 
224.0 236.0 
224.0 236.0 
224.0 236.0 
236.0 230.0 
237.0 217.0 
224.0 236.0 
251.0 198.0 
251.0 198.0 
249.0 199.0 
304.0 147.0 
304.0 147.0 
289.0 160.0 
505.0 145.0 
255.0 192.0 
261.0 177.0 
286.0 176.0 
259.0 190.0 
242.0 224.0 
247.0 222.0 
242.0 224.0 
237.0 231.0 
225.0 243.0 
228.0 237.0 
226.0 238.0 
307.0 158.0 
308.0 148.0 
330.0 147.0 
304.0 162.0 
263.0 182.0 
260.0 190.0 
245.0 225.0 
242.0 231.0 
236.0 255.0 
241.0 242.0 
238.0 243.0 
314.0 161.0 
317.0 153.0 
324.0 149.0 
332.0 147.0 
311.0 168.0 
277.0 182.0 
265.0 185.0 
260.0 193.0 
260.0 193.0 
