48.0 22.0 
47.0 28.0 
48.0 22.0 
47.0 28.0 
48.0 22.0 
47.0 28.0 
47.0 28.0 
48.0 22.0 
48.0 22.0 
48.0 22.0 
48.0 22.0 
48.0 22.0 
48.0 22.0 
47.0 28.0 
47.0 28.0 
48.0 22.0 
48.0 22.0 
47.0 28.0 
48.0 22.0 
47.0 28.0 
47.0 28.0 
48.0 22.0 
47.0 28.0 
47.0 28.0 
47.0 28.0 
47.0 28.0 
47.0 28.0 
48.0 22.0 
47.0 28.0 
47.0 28.0 
47.0 28.0 
47.0 28.0 
48.0 22.0 
47.0 28.0 
48.0 22.0 
48.0 22.0 
47.0 28.0 
48.0 22.0 
48.0 22.0 
47.0 28.0 
48.0 22.0 
48.0 22.0 
47.0 28.0 
48.0 22.0 
47.0 28.0 
47.0 28.0 
48.0 22.0 
47.0 28.0 
48.0 22.0 
47.0 28.0 
47.0 28.0 
48.0 22.0 
47.0 28.0 
47.0 28.0 
47.0 28.0 
47.0 28.0 
47.0 28.0 
48.0 22.0 
47.0 28.0 
47.0 28.0 
48.0 22.0 
48.0 22.0 
48.0 22.0 
47.0 28.0 
47.0 28.0 
47.0 28.0 
47.0 28.0 
47.0 28.0 
47.0 28.0 
47.0 28.0 
48.0 22.0 
48.0 22.0 
47.0 28.0 
47.0 28.0 
47.0 28.0 
47.0 28.0 
47.0 28.0 
48.0 22.0 
48.0 22.0 
47.0 28.0 
48.0 22.0 
47.0 28.0 
47.0 28.0 
47.0 28.0 
48.0 22.0 
48.0 22.0 
48.0 22.0 
47.0 28.0 
48.0 22.0 
48.0 22.0 
48.0 22.0 
47.0 28.0 
47.0 28.0 
47.0 28.0 
48.0 22.0 
48.0 22.0 
47.0 28.0 
47.0 28.0 
47.0 28.0 
47.0 28.0 
