124.0 24.0 
45.0 52.0 
124.0 24.0 
54.0 46.0 
65.0 40.0 
120.0 26.0 
114.0 27.0 
108.0 28.0 
114.0 27.0 
63.0 42.0 
53.0 48.0 
108.0 28.0 
83.0 35.0 
79.0 36.0 
97.0 31.0 
101.0 30.0 
93.0 32.0 
75.0 37.0 
87.0 34.0 
69.0 39.0 
75.0 37.0 
79.0 36.0 
89.0 33.0 
93.0 32.0 
83.0 35.0 
71.0 38.0 
97.0 31.0 
104.0 29.0 
104.0 29.0 
51.0 49.0 
60.0 43.0 
48.0 50.0 
101.0 30.0 
65.0 40.0 
89.0 33.0 
71.0 38.0 
48.0 50.0 
60.0 43.0 
58.0 44.0 
122.0 25.0 
56.0 45.0 
122.0 25.0 
58.0 44.0 
51.0 49.0 
63.0 42.0 
87.0 34.0 
69.0 39.0 
56.0 45.0 
46.0 51.0 
120.0 26.0 
46.0 51.0 
53.0 48.0 
124.0 24.0 
114.0 27.0 
108.0 28.0 
93.0 32.0 
75.0 37.0 
83.0 35.0 
79.0 36.0 
97.0 31.0 
104.0 29.0 
101.0 30.0 
89.0 33.0 
71.0 38.0 
60.0 43.0 
48.0 50.0 
122.0 25.0 
120.0 26.0 
63.0 42.0 
51.0 49.0 
58.0 44.0 
69.0 39.0 
87.0 34.0 
46.0 51.0 
56.0 45.0 
53.0 48.0 
124.0 24.0 
114.0 27.0 
108.0 28.0 
75.0 37.0 
97.0 31.0 
93.0 32.0 
79.0 36.0 
104.0 29.0 
63.0 42.0 
101.0 30.0 
89.0 33.0 
71.0 38.0 
60.0 43.0 
48.0 50.0 
122.0 25.0 
58.0 44.0 
51.0 49.0 
69.0 39.0 
87.0 34.0 
120.0 26.0 
46.0 51.0 
56.0 45.0 
124.0 24.0 
114.0 27.0 
