77.0 29.0 
77.0 29.0 
77.0 29.0 
77.0 29.0 
77.0 29.0 
77.0 29.0 
77.0 29.0 
77.0 29.0 
77.0 29.0 
77.0 29.0 
77.0 29.0 
77.0 29.0 
77.0 29.0 
77.0 29.0 
77.0 29.0 
77.0 29.0 
77.0 29.0 
77.0 29.0 
77.0 29.0 
77.0 29.0 
77.0 29.0 
77.0 29.0 
77.0 29.0 
68.0 30.0 
77.0 29.0 
77.0 29.0 
77.0 29.0 
77.0 29.0 
77.0 29.0 
77.0 29.0 
77.0 29.0 
77.0 29.0 
77.0 29.0 
77.0 29.0 
70.0 31.0 
79.0 30.0 
71.0 31.0 
71.0 31.0 
71.0 31.0 
71.0 31.0 
71.0 31.0 
71.0 31.0 
71.0 31.0 
71.0 31.0 
71.0 31.0 
71.0 31.0 
71.0 31.0 
71.0 31.0 
71.0 31.0 
71.0 31.0 
71.0 31.0 
71.0 31.0 
71.0 31.0 
71.0 31.0 
71.0 31.0 
71.0 31.0 
71.0 31.0 
71.0 31.0 
71.0 31.0 
71.0 31.0 
71.0 31.0 
71.0 31.0 
71.0 31.0 
71.0 31.0 
71.0 31.0 
71.0 31.0 
71.0 31.0 
71.0 31.0 
71.0 31.0 
71.0 31.0 
71.0 31.0 
71.0 31.0 
71.0 31.0 
71.0 31.0 
71.0 31.0 
71.0 31.0 
71.0 31.0 
71.0 31.0 
71.0 31.0 
71.0 31.0 
71.0 31.0 
71.0 31.0 
71.0 31.0 
71.0 31.0 
71.0 31.0 
71.0 31.0 
71.0 31.0 
71.0 31.0 
71.0 31.0 
71.0 31.0 
71.0 31.0 
71.0 31.0 
71.0 31.0 
71.0 31.0 
71.0 31.0 
71.0 31.0 
71.0 31.0 
71.0 31.0 
71.0 31.0 
71.0 31.0 
