5752.0 1632.0 
6187.0 1532.0 
6612.0 1381.0 
6489.0 1391.0 
5760.0 1613.0 
6655.0 1369.0 
6320.0 1495.0 
8542.0 1359.0 
5848.0 1620.0 
5771.0 1665.0 
7143.0 1431.0 
8087.0 1379.0 
7461.0 1387.0 
6662.0 1432.0 
6339.0 1502.0 
8887.0 1375.0 
6095.0 1656.0 
6144.0 1655.0 
5782.0 1666.0 
5782.0 1666.0 
5782.0 1666.0 
8406.0 1412.0 
8071.0 1415.0 
6709.0 1456.0 
7670.0 1453.0 
6709.0 1456.0 
7786.0 1433.0 
6348.0 1536.0 
6022.0 1695.0 
6030.0 1689.0 
8318.0 1431.0 
6824.0 1491.0 
7309.0 1471.0 
6970.0 1473.0 
7321.0 1460.0 
7956.0 1441.0 
7956.0 1441.0 
8204.0 1438.0 
6715.0 1614.0 
6607.0 1684.0 
6696.0 1640.0 
6531.0 1691.0 
6126.0 1693.0 
6861.0 1492.0 
6836.0 1505.0 
7265.0 1485.0 
7292.0 1476.0 
7255.0 1491.0 
7734.0 1473.0 
7927.0 1470.0 
8152.0 1448.0 
8645.0 1442.0 
6311.0 1698.0 
7162.0 1500.0 
6838.0 1570.0 
6939.0 1516.0 
6861.0 1546.0 
6895.0 1520.0 
6861.0 1546.0 
7113.0 1511.0 
6838.0 1570.0 
7592.0 1476.0 
7892.0 1473.0 
7948.0 1472.0 
8435.0 1452.0 
6732.0 1751.0 
6406.0 1753.0 
6370.0 1858.0 
7318.0 1509.0 
6939.0 1532.0 
6865.0 1584.0 
6865.0 1584.0 
7841.0 1495.0 
7693.0 1503.0 
7849.0 1476.0 
9079.0 1470.0 
9266.0 1468.0 
9426.0 1467.0 
6745.0 1854.0 
6838.0 1780.0 
6497.0 1933.0 
6633.0 1892.0 
6633.0 1892.0 
6684.0 1887.0 
7424.0 1528.0 
7428.0 1509.0 
7236.0 1541.0 
6959.0 1562.0 
6876.0 1632.0 
7969.0 1479.0 
9315.0 1471.0 
9429.0 1467.0 
6577.0 1934.0 
9391.0 1472.0 
6924.0 1641.0 
7999.0 1484.0 
9373.0 1483.0 
7280.0 1555.0 
7118.0 1604.0 
7522.0 1510.0 
