2378.0 669.0 
2287.0 707.0 
2495.0 632.0 
2342.0 670.0 
2706.0 581.0 
2451.0 641.0 
2504.0 621.0 
2451.0 641.0 
2411.0 661.0 
2448.0 645.0 
2625.0 614.0 
2230.0 737.0 
2301.0 692.0 
2342.0 670.0 
2267.0 726.0 
2277.0 720.0 
2675.0 600.0 
2410.0 669.0 
2287.0 714.0 
2293.0 708.0 
2497.0 632.0 
2831.0 597.0 
2831.0 597.0 
2831.0 597.0 
2817.0 598.0 
2559.0 627.0 
2618.0 626.0 
2448.0 658.0 
2455.0 647.0 
2463.0 645.0 
2448.0 658.0 
2630.0 623.0 
2630.0 623.0 
2256.0 752.0 
2253.0 760.0 
2307.0 699.0 
2313.0 694.0 
2347.0 692.0 
2358.0 683.0 
2372.0 674.0 
2276.0 740.0 
2276.0 740.0 
2276.0 740.0 
2276.0 740.0 
2785.0 609.0 
2699.0 610.0 
2810.0 602.0 
2291.0 717.0 
2291.0 717.0 
2294.0 716.0 
2503.0 634.0 
2572.0 627.0 
2563.0 632.0 
2471.0 649.0 
2475.0 646.0 
2463.0 668.0 
2632.0 623.0 
2257.0 752.0 
2310.0 710.0 
2336.0 706.0 
2351.0 697.0 
2366.0 691.0 
2456.0 677.0 
2456.0 677.0 
2456.0 677.0 
2456.0 677.0 
2382.0 683.0 
2286.0 742.0 
2805.0 609.0 
2733.0 613.0 
2821.0 608.0 
2835.0 603.0 
2834.0 605.0 
2257.0 762.0 
2257.0 762.0 
2836.0 605.0 
2463.0 669.0 
2387.0 686.0 
2632.0 625.0 
2293.0 717.0 
2282.0 752.0 
2734.0 621.0 
2527.0 636.0 
2341.0 711.0 
2472.0 650.0 
2510.0 647.0 
2773.0 614.0 
2575.0 632.0 
2371.0 697.0 
2577.0 628.0 
2267.0 755.0 
2810.0 610.0 
2734.0 621.0 
2358.0 703.0 
2787.0 613.0 
2259.0 761.0 
2808.0 612.0 
2293.0 717.0 
2370.0 699.0 
2359.0 702.0 
