2485.0 566.0 
2458.0 571.0 
2278.0 621.0 
2171.0 657.0 
2202.0 626.0 
2434.0 579.0 
2320.0 587.0 
2362.0 585.0 
2458.0 571.0 
2469.0 570.0 
2166.0 684.0 
2200.0 650.0 
2385.0 584.0 
2298.0 617.0 
2493.0 562.0 
2486.0 567.0 
2486.0 567.0 
2180.0 670.0 
2196.0 667.0 
2270.0 644.0 
2213.0 648.0 
2270.0 644.0 
2341.0 598.0 
2372.0 593.0 
2365.0 596.0 
2459.0 572.0 
2480.0 571.0 
2168.0 723.0 
2209.0 653.0 
2208.0 664.0 
2209.0 653.0 
2209.0 653.0 
2208.0 664.0 
2208.0 664.0 
2209.0 653.0 
2209.0 653.0 
2416.0 585.0 
2416.0 585.0 
2388.0 592.0 
2435.0 584.0 
2388.0 592.0 
2307.0 622.0 
2619.0 563.0 
2619.0 563.0 
2531.0 568.0 
2531.0 568.0 
2608.0 567.0 
2503.0 570.0 
2189.0 676.0 
2195.0 675.0 
2184.0 689.0 
2215.0 650.0 
2283.0 645.0 
2283.0 645.0 
2294.0 644.0 
2283.0 645.0 
2294.0 644.0 
2283.0 645.0 
2347.0 598.0 
2347.0 598.0 
2472.0 573.0 
2472.0 573.0 
2173.0 723.0 
2214.0 659.0 
2419.0 590.0 
2419.0 590.0 
2446.0 586.0 
2396.0 597.0 
2396.0 597.0 
2323.0 623.0 
2312.0 629.0 
2316.0 626.0 
2323.0 623.0 
2312.0 629.0 
2630.0 563.0 
2178.0 734.0 
2632.0 564.0 
2184.0 691.0 
2560.0 569.0 
2278.0 651.0 
2329.0 629.0 
2216.0 656.0 
2192.0 680.0 
2473.0 580.0 
2215.0 662.0 
2366.0 621.0 
2380.0 601.0 
2425.0 595.0 
2601.0 568.0 
2319.0 638.0 
2447.0 591.0 
2510.0 572.0 
2303.0 646.0 
2369.0 612.0 
2631.0 567.0 
2373.0 605.0 
2289.0 647.0 
2189.0 686.0 
2493.0 575.0 
2509.0 574.0 
