1642.0 98.0 
1642.0 98.0 
263.0 186.0 
306.0 160.0 
289.0 174.0 
1552.0 101.0 
1475.0 104.0 
1173.0 111.0 
1070.0 117.0 
270.0 176.0 
570.0 140.0 
828.0 128.0 
862.0 125.0 
514.0 145.0 
1634.0 99.0 
361.0 156.0 
541.0 144.0 
1291.0 110.0 
909.0 124.0 
779.0 129.0 
425.0 155.0 
466.0 148.0 
1335.0 108.0 
266.0 183.0 
1394.0 107.0 
1152.0 116.0 
1403.0 106.0 
964.0 123.0 
724.0 135.0 
749.0 133.0 
1158.0 113.0 
1309.0 109.0 
337.0 158.0 
626.0 139.0 
670.0 136.0 
1025.0 120.0 
761.0 132.0 
1027.0 119.0 
999.0 121.0 
999.0 121.0 
964.0 123.0 
265.0 184.0 
441.0 150.0 
289.0 174.0 
438.0 153.0 
334.0 159.0 
724.0 135.0 
1403.0 106.0 
1157.0 115.0 
670.0 136.0 
1291.0 110.0 
652.0 137.0 
634.0 138.0 
652.0 137.0 
761.0 132.0 
1027.0 119.0 
438.0 153.0 
440.0 151.0 
457.0 149.0 
457.0 149.0 
634.0 138.0 
626.0 139.0 
1152.0 116.0 
266.0 183.0 
334.0 159.0 
440.0 151.0 
1157.0 115.0 
1642.0 98.0 
1642.0 98.0 
1642.0 98.0 
440.0 151.0 
1642.0 98.0 
634.0 138.0 
289.0 174.0 
289.0 174.0 
670.0 136.0 
634.0 138.0 
1642.0 98.0 
289.0 174.0 
1027.0 119.0 
999.0 121.0 
964.0 123.0 
724.0 135.0 
289.0 174.0 
334.0 159.0 
724.0 135.0 
1642.0 98.0 
670.0 136.0 
1152.0 116.0 
634.0 138.0 
964.0 123.0 
1027.0 119.0 
1291.0 110.0 
266.0 183.0 
670.0 136.0 
999.0 121.0 
289.0 174.0 
289.0 174.0 
266.0 183.0 
334.0 159.0 
