382.0 266.0 
387.0 259.0 
1126.0 215.0 
387.0 259.0 
692.0 226.0 
1668.0 172.0 
1260.0 202.0 
545.0 243.0 
383.0 265.0 
916.0 221.0 
386.0 263.0 
1817.0 170.0 
540.0 247.0 
1820.0 169.0 
1485.0 189.0 
1139.0 207.0 
1108.0 217.0 
1271.0 200.0 
1147.0 205.0 
942.0 218.0 
1485.0 189.0 
564.0 241.0 
374.0 269.0 
449.0 256.0 
391.0 261.0 
391.0 261.0 
391.0 261.0 
827.0 233.0 
831.0 228.0 
750.0 237.0 
1730.0 180.0 
563.0 244.0 
383.0 268.0 
383.0 268.0 
383.0 268.0 
383.0 268.0 
940.0 224.0 
386.0 267.0 
543.0 252.0 
553.0 248.0 
1163.0 214.0 
1227.0 207.0 
1187.0 213.0 
1353.0 206.0 
1432.0 205.0 
1060.0 218.0 
947.0 219.0 
1485.0 190.0 
592.0 241.0 
592.0 241.0 
379.0 269.0 
467.0 257.0 
1952.0 180.0 
1952.0 180.0 
379.0 270.0 
379.0 270.0 
1663.0 190.0 
1376.0 206.0 
1557.0 195.0 
556.0 248.0 
392.0 261.0 
772.0 239.0 
921.0 229.0 
1263.0 209.0 
1779.0 187.0 
1169.0 215.0 
513.0 257.0 
476.0 258.0 
1875.0 182.0 
835.0 234.0 
621.0 242.0 
1491.0 205.0 
979.0 224.0 
835.0 234.0 
388.0 268.0 
1506.0 204.0 
571.0 245.0 
1070.0 221.0 
1517.0 199.0 
1141.0 218.0 
772.0 239.0 
962.0 228.0 
1527.0 198.0 
1071.0 219.0 
595.0 243.0 
1236.0 211.0 
1236.0 211.0 
1796.0 185.0 
1840.0 184.0 
621.0 242.0 
979.0 224.0 
513.0 257.0 
1070.0 221.0 
1840.0 184.0 
1141.0 218.0 
386.0 269.0 
1796.0 185.0 
962.0 228.0 
1071.0 219.0 
379.0 270.0 
