262.0 170.0 
262.0 170.0 
1579.0 94.0 
297.0 155.0 
1066.0 113.0 
958.0 118.0 
875.0 120.0 
608.0 134.0 
1306.0 104.0 
717.0 130.0 
1231.0 108.0 
770.0 125.0 
503.0 142.0 
1142.0 111.0 
1393.0 103.0 
479.0 144.0 
1231.0 108.0 
1497.0 99.0 
717.0 130.0 
608.0 134.0 
1495.0 100.0 
1421.0 102.0 
1497.0 99.0 
1012.0 116.0 
1279.0 105.0 
821.0 122.0 
769.0 126.0 
401.0 148.0 
1142.0 111.0 
1012.0 116.0 
1119.0 112.0 
297.0 155.0 
349.0 153.0 
821.0 122.0 
1279.0 105.0 
582.0 138.0 
1421.0 102.0 
744.0 128.0 
349.0 153.0 
452.0 145.0 
427.0 147.0 
744.0 128.0 
531.0 140.0 
585.0 137.0 
377.0 151.0 
531.0 140.0 
1393.0 103.0 
848.0 121.0 
985.0 117.0 
376.0 152.0 
848.0 121.0 
985.0 117.0 
555.0 139.0 
452.0 145.0 
427.0 147.0 
401.0 148.0 
555.0 139.0 
377.0 151.0 
585.0 137.0 
1119.0 112.0 
1495.0 100.0 
376.0 152.0 
262.0 170.0 
717.0 130.0 
1497.0 99.0 
297.0 155.0 
1012.0 116.0 
349.0 153.0 
452.0 145.0 
744.0 128.0 
585.0 137.0 
1142.0 111.0 
1393.0 103.0 
848.0 121.0 
531.0 140.0 
427.0 147.0 
821.0 122.0 
985.0 117.0 
1495.0 100.0 
376.0 152.0 
262.0 170.0 
297.0 155.0 
349.0 153.0 
452.0 145.0 
585.0 137.0 
1142.0 111.0 
1393.0 103.0 
1012.0 116.0 
848.0 121.0 
376.0 152.0 
427.0 147.0 
985.0 117.0 
1393.0 103.0 
349.0 153.0 
452.0 145.0 
585.0 137.0 
1012.0 116.0 
848.0 121.0 
427.0 147.0 
985.0 117.0 
