374.0 227.0 
631.0 192.0 
616.0 196.0 
631.0 192.0 
1468.0 152.0 
374.0 227.0 
878.0 177.0 
430.0 206.0 
1448.0 155.0 
816.0 178.0 
1072.0 164.0 
767.0 183.0 
1468.0 152.0 
1785.0 140.0 
1862.0 136.0 
1060.0 168.0 
631.0 192.0 
658.0 191.0 
374.0 227.0 
901.0 176.0 
816.0 178.0 
1448.0 155.0 
385.0 221.0 
353.0 264.0 
374.0 227.0 
794.0 180.0 
1051.0 171.0 
1475.0 145.0 
679.0 189.0 
1282.0 161.0 
420.0 208.0 
459.0 198.0 
621.0 194.0 
408.0 211.0 
1024.0 173.0 
1687.0 141.0 
358.0 238.0 
438.0 199.0 
679.0 189.0 
1301.0 156.0 
1802.0 138.0 
1089.0 164.0 
1074.0 165.0 
788.0 187.0 
792.0 184.0 
792.0 184.0 
1069.0 169.0 
658.0 193.0 
925.0 176.0 
892.0 178.0 
386.0 221.0 
354.0 266.0 
354.0 266.0 
385.0 227.0 
817.0 181.0 
817.0 181.0 
813.0 182.0 
1527.0 146.0 
1492.0 152.0 
1492.0 152.0 
633.0 196.0 
635.0 194.0 
421.0 219.0 
421.0 219.0 
422.0 214.0 
429.0 212.0 
1030.0 175.0 
1773.0 141.0 
1747.0 142.0 
361.0 262.0 
361.0 262.0 
361.0 262.0 
361.0 262.0 
369.0 257.0 
369.0 257.0 
369.0 257.0 
371.0 247.0 
361.0 262.0 
358.0 264.0 
584.0 201.0 
604.0 200.0 
612.0 199.0 
517.0 203.0 
472.0 204.0 
536.0 202.0 
517.0 203.0 
448.0 209.0 
715.0 189.0 
714.0 191.0 
1355.0 156.0 
1311.0 162.0 
1311.0 162.0 
1355.0 156.0 
1802.0 139.0 
371.0 250.0 
1844.0 139.0 
1844.0 139.0 
394.0 229.0 
724.0 196.0 
1578.0 149.0 
