874.0 198.0 
1840.0 158.0 
1057.0 186.0 
1915.0 152.0 
1057.0 186.0 
901.0 196.0 
1042.0 189.0 
901.0 196.0 
1053.0 187.0 
1869.0 156.0 
1145.0 180.0 
1915.0 152.0 
611.0 210.0 
390.0 246.0 
1869.0 156.0 
1994.0 147.0 
534.0 215.0 
1942.0 151.0 
534.0 215.0 
375.0 260.0 
460.0 221.0 
1039.0 190.0 
1057.0 186.0 
1839.0 159.0 
460.0 221.0 
534.0 215.0 
1431.0 173.0 
777.0 203.0 
955.0 191.0 
1827.0 160.0 
410.0 227.0 
1250.0 175.0 
1718.0 163.0 
1866.0 157.0 
395.0 243.0 
1145.0 180.0 
532.0 219.0 
395.0 243.0 
1431.0 173.0 
638.0 204.0 
813.0 200.0 
1994.0 147.0 
554.0 212.0 
460.0 221.0 
1810.0 161.0 
1622.0 165.0 
629.0 207.0 
1116.0 183.0 
375.0 261.0 
1995.0 147.0 
1995.0 147.0 
1433.0 173.0 
1649.0 167.0 
1253.0 176.0 
410.0 229.0 
396.0 244.0 
391.0 247.0 
778.0 205.0 
562.0 212.0 
647.0 206.0 
1708.0 165.0 
1950.0 152.0 
442.0 227.0 
537.0 215.0 
638.0 209.0 
536.0 221.0 
943.0 196.0 
1045.0 189.0 
1922.0 153.0 
1163.0 180.0 
1844.0 158.0 
480.0 223.0 
905.0 198.0 
1751.0 163.0 
793.0 203.0 
1066.0 186.0 
877.0 199.0 
821.0 201.0 
1825.0 161.0 
1886.0 156.0 
840.0 200.0 
484.0 222.0 
996.0 192.0 
958.0 193.0 
1132.0 184.0 
1751.0 163.0 
1886.0 156.0 
996.0 192.0 
1163.0 180.0 
391.0 247.0 
396.0 244.0 
1132.0 184.0 
640.0 207.0 
1159.0 182.0 
1062.0 188.0 
1157.0 183.0 
1066.0 186.0 
1828.0 160.0 
1825.0 161.0 
1828.0 160.0 
