930.0 189.0 
930.0 189.0 
1908.0 141.0 
962.0 179.0 
1361.0 162.0 
407.0 211.0 
348.0 239.0 
353.0 235.0 
1637.0 151.0 
857.0 190.0 
1361.0 162.0 
1637.0 151.0 
581.0 199.0 
1065.0 169.0 
1316.0 163.0 
774.0 191.0 
1796.0 146.0 
1826.0 143.0 
537.0 204.0 
1908.0 141.0 
1660.0 150.0 
521.0 207.0 
355.0 223.0 
466.0 210.0 
962.0 179.0 
1065.0 169.0 
1908.0 141.0 
1691.0 148.0 
679.0 195.0 
370.0 214.0 
971.0 173.0 
1367.0 158.0 
1362.0 159.0 
1496.0 155.0 
738.0 194.0 
767.0 193.0 
595.0 198.0 
935.0 180.0 
327.0 242.0 
527.0 206.0 
1172.0 164.0 
348.0 239.0 
1796.0 146.0 
1065.0 169.0 
1915.0 142.0 
1915.0 142.0 
334.0 250.0 
355.0 225.0 
1501.0 157.0 
1133.0 174.0 
335.0 242.0 
985.0 175.0 
1375.0 161.0 
865.0 190.0 
1853.0 145.0 
1198.0 167.0 
1713.0 148.0 
1584.0 155.0 
1156.0 169.0 
804.0 195.0 
1644.0 152.0 
581.0 201.0 
973.0 181.0 
335.0 242.0 
526.0 207.0 
814.0 192.0 
392.0 222.0 
398.0 215.0 
1311.0 166.0 
946.0 186.0 
648.0 198.0 
408.0 211.0 
488.0 210.0 
710.0 196.0 
1713.0 148.0 
1639.0 154.0 
1317.0 165.0 
644.0 200.0 
563.0 204.0 
550.0 205.0 
386.0 223.0 
710.0 196.0 
946.0 186.0 
1360.0 163.0 
1854.0 144.0 
1908.0 143.0 
403.0 214.0 
963.0 183.0 
488.0 210.0 
963.0 183.0 
1360.0 163.0 
985.0 175.0 
1908.0 143.0 
1311.0 166.0 
408.0 211.0 
644.0 200.0 
1854.0 144.0 
1854.0 144.0 
1854.0 144.0 
1854.0 144.0 
