124.0 27.0 
45.0 56.0 
124.0 27.0 
87.0 36.0 
67.0 41.0 
67.0 41.0 
50.0 51.0 
81.0 37.0 
95.0 34.0 
101.0 33.0 
121.0 29.0 
73.0 39.0 
111.0 31.0 
81.0 37.0 
89.0 35.0 
115.0 30.0 
105.0 32.0 
95.0 34.0 
75.0 38.0 
62.0 43.0 
62.0 43.0 
73.0 39.0 
115.0 30.0 
105.0 32.0 
111.0 31.0 
101.0 33.0 
46.0 54.0 
75.0 38.0 
89.0 35.0 
52.0 50.0 
58.0 46.0 
56.0 47.0 
123.0 28.0 
54.0 48.0 
121.0 29.0 
48.0 52.0 
60.0 44.0 
56.0 47.0 
48.0 52.0 
46.0 54.0 
60.0 44.0 
54.0 48.0 
53.0 49.0 
47.0 53.0 
59.0 45.0 
47.0 53.0 
58.0 46.0 
59.0 45.0 
123.0 28.0 
52.0 50.0 
53.0 49.0 
124.0 27.0 
81.0 37.0 
95.0 34.0 
62.0 43.0 
73.0 39.0 
115.0 30.0 
101.0 33.0 
105.0 32.0 
111.0 31.0 
48.0 52.0 
52.0 50.0 
75.0 38.0 
56.0 47.0 
121.0 29.0 
89.0 35.0 
60.0 44.0 
54.0 48.0 
58.0 46.0 
47.0 53.0 
53.0 49.0 
46.0 54.0 
59.0 45.0 
123.0 28.0 
124.0 27.0 
81.0 37.0 
95.0 34.0 
101.0 33.0 
73.0 39.0 
111.0 31.0 
48.0 52.0 
52.0 50.0 
75.0 38.0 
62.0 43.0 
121.0 29.0 
56.0 47.0 
54.0 48.0 
47.0 53.0 
60.0 44.0 
59.0 45.0 
123.0 28.0 
124.0 27.0 
81.0 37.0 
95.0 34.0 
111.0 31.0 
52.0 50.0 
48.0 52.0 
62.0 43.0 
75.0 38.0 
54.0 48.0 
