46.0 52.0 
122.0 25.0 
46.0 52.0 
122.0 25.0 
111.0 28.0 
105.0 29.0 
86.0 35.0 
81.0 36.0 
105.0 29.0 
115.0 27.0 
101.0 30.0 
66.0 41.0 
78.0 37.0 
97.0 31.0 
62.0 42.0 
74.0 38.0 
118.0 26.0 
111.0 28.0 
101.0 30.0 
81.0 36.0 
118.0 26.0 
97.0 31.0 
74.0 38.0 
71.0 39.0 
92.0 33.0 
89.0 34.0 
53.0 48.0 
68.0 40.0 
115.0 27.0 
86.0 35.0 
78.0 37.0 
50.0 49.0 
94.0 32.0 
71.0 39.0 
89.0 34.0 
62.0 42.0 
68.0 40.0 
94.0 32.0 
49.0 50.0 
59.0 44.0 
57.0 45.0 
92.0 33.0 
66.0 41.0 
57.0 45.0 
60.0 43.0 
47.0 51.0 
55.0 46.0 
50.0 49.0 
55.0 46.0 
47.0 51.0 
60.0 43.0 
54.0 47.0 
53.0 48.0 
49.0 50.0 
59.0 44.0 
54.0 47.0 
122.0 25.0 
46.0 52.0 
105.0 29.0 
101.0 30.0 
111.0 28.0 
81.0 36.0 
74.0 38.0 
97.0 31.0 
118.0 26.0 
89.0 34.0 
86.0 35.0 
78.0 37.0 
115.0 27.0 
71.0 39.0 
62.0 42.0 
94.0 32.0 
68.0 40.0 
57.0 45.0 
92.0 33.0 
66.0 41.0 
50.0 49.0 
47.0 51.0 
55.0 46.0 
60.0 43.0 
49.0 50.0 
54.0 47.0 
59.0 44.0 
53.0 48.0 
122.0 25.0 
46.0 52.0 
105.0 29.0 
101.0 30.0 
111.0 28.0 
74.0 38.0 
81.0 36.0 
97.0 31.0 
118.0 26.0 
89.0 34.0 
71.0 39.0 
115.0 27.0 
78.0 37.0 
86.0 35.0 
62.0 42.0 
94.0 32.0 
