2466.0 726.0 
2543.0 687.0 
2579.0 660.0 
2275.0 728.0 
2486.0 706.0 
2543.0 687.0 
2571.0 674.0 
2715.0 665.0 
2708.0 667.0 
2612.0 672.0 
2279.0 813.0 
2384.0 728.0 
2288.0 735.0 
2528.0 715.0 
2507.0 724.0 
2550.0 697.0 
2544.0 714.0 
2583.0 675.0 
2716.0 669.0 
2652.0 673.0 
2462.0 733.0 
2478.0 730.0 
2478.0 730.0 
2304.0 736.0 
2303.0 807.0 
2534.0 722.0 
2570.0 700.0 
2558.0 703.0 
2570.0 700.0 
2631.0 691.0 
2631.0 691.0 
2595.0 697.0 
2634.0 686.0 
2788.0 669.0 
2710.0 679.0 
2781.0 673.0 
2723.0 677.0 
2693.0 684.0 
2666.0 685.0 
2483.0 731.0 
2483.0 731.0 
2317.0 744.0 
2344.0 739.0 
2465.0 736.0 
2305.0 747.0 
2579.0 705.0 
2587.0 702.0 
2645.0 688.0 
2635.0 697.0 
2635.0 697.0 
2635.0 697.0 
2637.0 694.0 
2796.0 671.0 
2794.0 676.0 
2794.0 676.0 
2791.0 684.0 
2714.0 685.0 
2696.0 686.0 
2679.0 687.0 
2487.0 734.0 
2419.0 740.0 
2372.0 742.0 
2372.0 742.0 
2419.0 740.0 
2419.0 740.0 
2325.0 750.0 
2308.0 847.0 
2579.0 720.0 
2598.0 717.0 
2634.0 706.0 
2613.0 711.0 
2637.0 703.0 
2637.0 703.0 
2637.0 703.0 
2882.0 673.0 
2790.0 685.0 
2706.0 694.0 
2773.0 687.0 
2746.0 692.0 
2757.0 688.0 
2685.0 698.0 
2746.0 692.0 
2556.0 735.0 
2522.0 739.0 
2399.0 742.0 
2483.0 741.0 
2372.0 772.0 
2366.0 781.0 
2329.0 822.0 
2374.0 750.0 
2355.0 785.0 
2587.0 730.0 
2613.0 715.0 
2625.0 712.0 
2625.0 712.0 
2644.0 710.0 
2665.0 704.0 
2917.0 677.0 
2917.0 677.0 
2344.0 825.0 
