2479.0 754.0 
2646.0 718.0 
2780.0 709.0 
2459.0 812.0 
2958.0 692.0 
3018.0 691.0 
2451.0 877.0 
2486.0 744.0 
2640.0 727.0 
2749.0 722.0 
2793.0 720.0 
2857.0 715.0 
2939.0 711.0 
2459.0 851.0 
2974.0 700.0 
3024.0 691.0 
2625.0 749.0 
2565.0 776.0 
2619.0 755.0 
2526.0 826.0 
2490.0 837.0 
2532.0 823.0 
2625.0 749.0 
2561.0 810.0 
2685.0 743.0 
2752.0 723.0 
2752.0 723.0 
2781.0 722.0 
2793.0 721.0 
2901.0 718.0 
2472.0 851.0 
2977.0 716.0 
3010.0 702.0 
3005.0 704.0 
3031.0 698.0 
3041.0 694.0 
2573.0 793.0 
2513.0 846.0 
2552.0 825.0 
2552.0 825.0 
2647.0 792.0 
2563.0 814.0 
2701.0 744.0 
2692.0 762.0 
2760.0 737.0 
2772.0 726.0 
2490.0 864.0 
2978.0 716.0 
3008.0 712.0 
3037.0 708.0 
3047.0 696.0 
3041.0 698.0 
2646.0 793.0 
2616.0 798.0 
2616.0 798.0 
2579.0 803.0 
2519.0 857.0 
2557.0 830.0 
2565.0 822.0 
2737.0 744.0 
2702.0 748.0 
2765.0 741.0 
2826.0 730.0 
2831.0 727.0 
2844.0 726.0 
2802.0 731.0 
2506.0 864.0 
2506.0 864.0 
2992.0 716.0 
3028.0 714.0 
3045.0 702.0 
3041.0 713.0 
3054.0 698.0 
2681.0 798.0 
2658.0 804.0 
2601.0 810.0 
2665.0 803.0 
2539.0 861.0 
2567.0 828.0 
2583.0 823.0 
2736.0 750.0 
2734.0 752.0 
2713.0 762.0 
2511.0 871.0 
3065.0 703.0 
2674.0 803.0 
2568.0 829.0 
2928.0 728.0 
2562.0 863.0 
2718.0 775.0 
2746.0 767.0 
2838.0 729.0 
3023.0 724.0 
2649.0 825.0 
2775.0 742.0 
2659.0 823.0 
2803.0 733.0 
3029.0 718.0 
2775.0 742.0 
2805.0 731.0 
