83.0 40.0 
56.0 47.0 
79.0 41.0 
42.0 75.0 
54.0 71.0 
85.0 33.0 
79.0 41.0 
83.0 40.0 
71.0 49.0 
61.0 71.0 
57.0 75.0 
112.0 38.0 
161.0 34.0 
126.0 35.0 
179.0 33.0 
81.0 45.0 
90.0 42.0 
100.0 41.0 
72.0 54.0 
71.0 58.0 
61.0 72.0 
113.0 39.0 
144.0 37.0 
144.0 37.0 
188.0 36.0 
82.0 48.0 
84.0 47.0 
91.0 44.0 
75.0 58.0 
72.0 66.0 
73.0 64.0 
61.0 99.0 
64.0 75.0 
129.0 39.0 
115.0 40.0 
114.0 43.0 
144.0 38.0 
144.0 38.0 
153.0 37.0 
82.0 51.0 
82.0 51.0 
84.0 50.0 
87.0 49.0 
95.0 44.0 
80.0 63.0 
74.0 71.0 
78.0 66.0 
67.0 77.0 
65.0 90.0 
143.0 39.0 
140.0 43.0 
154.0 38.0 
83.0 55.0 
87.0 53.0 
110.0 44.0 
99.0 50.0 
101.0 48.0 
110.0 44.0 
76.0 71.0 
74.0 76.0 
76.0 71.0 
69.0 88.0 
70.0 82.0 
66.0 104.0 
66.0 104.0 
67.0 90.0 
146.0 39.0 
206.0 38.0 
206.0 38.0 
86.0 56.0 
84.0 61.0 
91.0 55.0 
106.0 49.0 
103.0 54.0 
103.0 54.0 
108.0 48.0 
105.0 51.0 
113.0 44.0 
75.0 80.0 
81.0 74.0 
79.0 75.0 
77.0 78.0 
67.0 96.0 
71.0 91.0 
69.0 92.0 
185.0 39.0 
156.0 41.0 
88.0 59.0 
86.0 60.0 
84.0 64.0 
85.0 61.0 
85.0 61.0 
94.0 55.0 
106.0 50.0 
106.0 50.0 
137.0 44.0 
113.0 45.0 
69.0 105.0 
170.0 41.0 
143.0 45.0 
