1560.0 258.0 
1876.0 256.0 
1515.0 265.0 
1230.0 280.0 
628.0 291.0 
1301.0 269.0 
1908.0 251.0 
589.0 301.0 
465.0 363.0 
506.0 311.0 
781.0 282.0 
1265.0 279.0 
1716.0 260.0 
1557.0 265.0 
1557.0 265.0 
1521.0 267.0 
633.0 296.0 
713.0 291.0 
1435.0 275.0 
1435.0 275.0 
1453.0 271.0 
1390.0 278.0 
1913.0 252.0 
615.0 307.0 
486.0 388.0 
525.0 326.0 
566.0 319.0 
511.0 349.0 
603.0 314.0 
603.0 314.0 
511.0 349.0 
1115.0 282.0 
1076.0 283.0 
822.0 286.0 
1655.0 267.0 
1529.0 268.0 
1655.0 267.0 
647.0 304.0 
683.0 298.0 
647.0 304.0 
793.0 297.0 
1467.0 274.0 
1438.0 281.0 
2064.0 255.0 
537.0 330.0 
566.0 322.0 
631.0 314.0 
518.0 371.0 
1265.0 282.0 
1088.0 285.0 
1211.0 283.0 
1054.0 286.0 
975.0 287.0 
897.0 296.0 
939.0 289.0 
1643.0 268.0 
1592.0 269.0 
1851.0 267.0 
691.0 299.0 
685.0 302.0 
676.0 307.0 
655.0 309.0 
1473.0 278.0 
2177.0 263.0 
542.0 335.0 
590.0 326.0 
637.0 319.0 
524.0 371.0 
519.0 372.0 
519.0 372.0 
1297.0 284.0 
1180.0 288.0 
924.0 297.0 
961.0 291.0 
1844.0 268.0 
1651.0 270.0 
1603.0 273.0 
1963.0 267.0 
1963.0 267.0 
696.0 300.0 
666.0 309.0 
1527.0 278.0 
545.0 344.0 
577.0 336.0 
555.0 343.0 
591.0 334.0 
603.0 326.0 
603.0 326.0 
638.0 319.0 
535.0 371.0 
532.0 386.0 
1314.0 285.0 
1222.0 289.0 
1312.0 288.0 
992.0 295.0 
1139.0 292.0 
1639.0 276.0 
534.0 398.0 
534.0 398.0 
1358.0 285.0 
