499.0 247.0 
402.0 273.0 
996.0 219.0 
1200.0 209.0 
1633.0 194.0 
408.0 269.0 
945.0 224.0 
689.0 239.0 
1689.0 189.0 
812.0 228.0 
402.0 273.0 
583.0 244.0 
2078.0 178.0 
1540.0 200.0 
734.0 235.0 
1603.0 199.0 
583.0 244.0 
791.0 229.0 
458.0 249.0 
401.0 291.0 
434.0 257.0 
583.0 244.0 
445.0 256.0 
1951.0 183.0 
1778.0 184.0 
1417.0 203.0 
996.0 219.0 
1180.0 214.0 
671.0 242.0 
1289.0 211.0 
1289.0 211.0 
1205.0 212.0 
1639.0 194.0 
970.0 227.0 
1693.0 192.0 
422.0 273.0 
419.0 275.0 
407.0 287.0 
740.0 239.0 
740.0 239.0 
1626.0 201.0 
834.0 236.0 
897.0 231.0 
834.0 236.0 
897.0 231.0 
920.0 229.0 
527.0 254.0 
511.0 255.0 
553.0 250.0 
527.0 254.0 
401.0 295.0 
401.0 295.0 
653.0 244.0 
600.0 249.0 
600.0 249.0 
600.0 249.0 
448.0 260.0 
448.0 260.0 
447.0 271.0 
473.0 259.0 
473.0 259.0 
509.0 257.0 
1811.0 189.0 
1789.0 191.0 
1494.0 205.0 
1429.0 206.0 
1601.0 204.0 
1007.0 219.0 
723.0 242.0 
411.0 314.0 
2015.0 191.0 
420.0 281.0 
1825.0 193.0 
842.0 236.0 
1690.0 204.0 
1369.0 211.0 
1443.0 207.0 
1179.0 220.0 
449.0 276.0 
978.0 232.0 
748.0 240.0 
1585.0 205.0 
1773.0 200.0 
521.0 255.0 
451.0 264.0 
1282.0 214.0 
490.0 262.0 
1017.0 224.0 
958.0 235.0 
1807.0 198.0 
1071.0 222.0 
683.0 248.0 
718.0 244.0 
665.0 249.0 
570.0 254.0 
596.0 250.0 
1267.0 216.0 
422.0 278.0 
1218.0 217.0 
1517.0 206.0 
