2034.0 551.0 
2049.0 546.0 
1844.0 583.0 
1792.0 614.0 
1990.0 564.0 
2031.0 553.0 
1917.0 572.0 
1912.0 576.0 
2108.0 530.0 
1953.0 569.0 
1997.0 557.0 
2049.0 546.0 
2047.0 548.0 
2031.0 553.0 
1991.0 559.0 
2061.0 537.0 
1923.0 571.0 
2191.0 496.0 
1817.0 608.0 
1939.0 570.0 
1785.0 615.0 
2157.0 522.0 
1834.0 601.0 
2037.0 549.0 
2125.0 528.0 
1989.0 566.0 
1898.0 590.0 
1857.0 591.0 
1857.0 591.0 
1916.0 576.0 
1985.0 569.0 
1985.0 569.0 
2033.0 556.0 
2006.0 559.0 
2006.0 559.0 
2076.0 540.0 
2076.0 540.0 
2064.0 542.0 
1926.0 571.0 
2218.0 507.0 
2295.0 502.0 
1792.0 619.0 
2177.0 524.0 
1839.0 609.0 
1854.0 605.0 
2050.0 550.0 
2128.0 537.0 
2128.0 537.0 
2144.0 535.0 
1861.0 593.0 
1920.0 586.0 
1920.0 586.0 
2033.0 557.0 
2027.0 559.0 
2011.0 568.0 
2084.0 540.0 
2077.0 543.0 
2071.0 549.0 
1944.0 575.0 
1944.0 575.0 
1987.0 571.0 
1953.0 572.0 
1987.0 571.0 
1940.0 577.0 
2225.0 523.0 
2236.0 522.0 
2243.0 515.0 
2236.0 522.0 
2243.0 515.0 
2302.0 513.0 
1800.0 625.0 
1814.0 621.0 
1800.0 625.0 
1802.0 622.0 
2184.0 527.0 
2184.0 527.0 
2185.0 525.0 
1839.0 610.0 
2066.0 552.0 
2057.0 553.0 
2142.0 537.0 
2152.0 535.0 
2247.0 517.0 
1815.0 641.0 
1878.0 593.0 
2011.0 569.0 
2129.0 540.0 
1928.0 589.0 
1865.0 609.0 
1981.0 573.0 
1843.0 610.0 
1818.0 628.0 
2070.0 557.0 
2033.0 559.0 
1835.0 621.0 
2084.0 551.0 
2091.0 543.0 
2155.0 535.0 
2230.0 523.0 
1962.0 576.0 
