1642.0 574.0 
1623.0 589.0 
1658.0 569.0 
1623.0 589.0 
1650.0 570.0 
1624.0 587.0 
1735.0 527.0 
1837.0 477.0 
1624.0 587.0 
1735.0 527.0 
1623.0 589.0 
1622.0 593.0 
1763.0 508.0 
1735.0 527.0 
1701.0 541.0 
1788.0 489.0 
1759.0 517.0 
1737.0 522.0 
1663.0 563.0 
1721.0 528.0 
1690.0 546.0 
1824.0 485.0 
1780.0 497.0 
1622.0 593.0 
1735.0 527.0 
1681.0 551.0 
1786.0 496.0 
1667.0 553.0 
1633.0 582.0 
1650.0 570.0 
1873.0 472.0 
1704.0 537.0 
1616.0 604.0 
1979.0 461.0 
1894.0 462.0 
1832.0 478.0 
1715.0 532.0 
1690.0 546.0 
1824.0 485.0 
1635.0 576.0 
1685.0 548.0 
1788.0 489.0 
1776.0 500.0 
1624.0 587.0 
1616.0 605.0 
1616.0 605.0 
1992.0 462.0 
1992.0 462.0 
1927.0 465.0 
1838.0 478.0 
1895.0 475.0 
1896.0 466.0 
1740.0 524.0 
1795.0 489.0 
1740.0 524.0 
1720.0 532.0 
1763.0 510.0 
1826.0 488.0 
1667.0 556.0 
1635.0 580.0 
1701.0 542.0 
1681.0 554.0 
1691.0 547.0 
1783.0 497.0 
1793.0 492.0 
1622.0 604.0 
1763.0 510.0 
1626.0 588.0 
1704.0 538.0 
1666.0 563.0 
1624.0 595.0 
1766.0 508.0 
1726.0 531.0 
1777.0 506.0 
1626.0 588.0 
1828.0 485.0 
1624.0 595.0 
1685.0 549.0 
1704.0 538.0 
1779.0 501.0 
1656.0 570.0 
1651.0 572.0 
1828.0 485.0 
1726.0 531.0 
1651.0 572.0 
1641.0 577.0 
1780.0 500.0 
1665.0 565.0 
1656.0 570.0 
1665.0 565.0 
1641.0 577.0 
1640.0 579.0 
1685.0 549.0 
1895.0 475.0 
1777.0 506.0 
1622.0 604.0 
1826.0 488.0 
1763.0 510.0 
1763.0 510.0 
1656.0 570.0 
