1967.0 743.0 
2001.0 688.0 
2296.0 604.0 
2109.0 662.0 
2155.0 652.0 
2296.0 604.0 
2161.0 641.0 
2296.0 604.0 
2249.0 618.0 
2195.0 627.0 
2039.0 678.0 
2213.0 625.0 
1998.0 695.0 
2298.0 603.0 
2304.0 591.0 
2111.0 657.0 
2294.0 606.0 
1990.0 735.0 
2304.0 591.0 
2249.0 618.0 
2178.0 631.0 
2263.0 617.0 
1977.0 750.0 
2005.0 692.0 
2005.0 692.0 
2160.0 656.0 
2160.0 656.0 
2160.0 656.0 
2164.0 653.0 
2164.0 653.0 
2171.0 648.0 
2198.0 630.0 
2071.0 682.0 
2047.0 687.0 
2051.0 684.0 
2106.0 679.0 
2047.0 687.0 
2106.0 679.0 
2001.0 722.0 
2301.0 605.0 
2301.0 605.0 
2301.0 605.0 
2301.0 605.0 
2301.0 605.0 
2301.0 605.0 
2301.0 605.0 
2301.0 605.0 
2301.0 605.0 
2148.0 661.0 
2118.0 664.0 
2257.0 625.0 
2297.0 620.0 
2291.0 621.0 
1982.0 774.0 
2046.0 694.0 
2020.0 718.0 
2046.0 694.0 
2024.0 701.0 
2030.0 696.0 
2023.0 717.0 
2168.0 653.0 
2168.0 653.0 
2164.0 659.0 
2187.0 648.0 
2187.0 648.0 
2186.0 650.0 
2203.0 638.0 
2203.0 638.0 
2252.0 634.0 
2222.0 637.0 
2081.0 682.0 
2081.0 682.0 
2080.0 686.0 
2016.0 736.0 
2012.0 743.0 
2011.0 758.0 
2310.0 609.0 
2320.0 605.0 
2159.0 663.0 
2118.0 677.0 
2118.0 677.0 
2118.0 677.0 
2143.0 671.0 
2135.0 676.0 
2148.0 664.0 
2264.0 633.0 
2274.0 628.0 
2286.0 625.0 
2267.0 630.0 
2017.0 751.0 
2329.0 605.0 
2034.0 713.0 
2028.0 728.0 
2127.0 681.0 
2177.0 660.0 
2081.0 685.0 
2203.0 642.0 
2187.0 659.0 
2056.0 699.0 
2243.0 638.0 
