2115.0 721.0 
2115.0 721.0 
2450.0 622.0 
2154.0 688.0 
2097.0 741.0 
2115.0 721.0 
2264.0 636.0 
2137.0 707.0 
2230.0 653.0 
2438.0 624.0 
2129.0 712.0 
2450.0 622.0 
2438.0 624.0 
2061.0 757.0 
2324.0 634.0 
2333.0 629.0 
2171.0 689.0 
2101.0 745.0 
2121.0 736.0 
2265.0 645.0 
2140.0 710.0 
2240.0 688.0 
2248.0 668.0 
2137.0 712.0 
2134.0 720.0 
2130.0 730.0 
2453.0 623.0 
2456.0 622.0 
2453.0 623.0 
2456.0 622.0 
2450.0 625.0 
2064.0 814.0 
2074.0 778.0 
2074.0 778.0 
2412.0 629.0 
2412.0 629.0 
2412.0 629.0 
2358.0 636.0 
2337.0 638.0 
2412.0 629.0 
2213.0 698.0 
2180.0 702.0 
2227.0 692.0 
2109.0 746.0 
2121.0 745.0 
2284.0 646.0 
2279.0 650.0 
2277.0 686.0 
2277.0 686.0 
2259.0 689.0 
2277.0 686.0 
2137.0 713.0 
2133.0 743.0 
2134.0 735.0 
2455.0 624.0 
2455.0 624.0 
2455.0 624.0 
2455.0 624.0 
2455.0 624.0 
2458.0 623.0 
2079.0 793.0 
2097.0 782.0 
2076.0 809.0 
2090.0 785.0 
2374.0 636.0 
2421.0 634.0 
2421.0 634.0 
2440.0 629.0 
2426.0 631.0 
2194.0 707.0 
2209.0 702.0 
2194.0 707.0 
2229.0 694.0 
2109.0 748.0 
2304.0 647.0 
2350.0 646.0 
2288.0 653.0 
2138.0 725.0 
2140.0 714.0 
2456.0 628.0 
2469.0 624.0 
2096.0 790.0 
2401.0 636.0 
2379.0 641.0 
2447.0 629.0 
2435.0 631.0 
2435.0 631.0 
2475.0 624.0 
2475.0 624.0 
2104.0 793.0 
2214.0 702.0 
2288.0 664.0 
2147.0 714.0 
2261.0 698.0 
2110.0 773.0 
2310.0 650.0 
2383.0 643.0 
2365.0 647.0 
2441.0 639.0 
2122.0 755.0 
