915.0 163.0 
1236.0 147.0 
346.0 200.0 
1656.0 131.0 
826.0 169.0 
1332.0 144.0 
332.0 205.0 
346.0 200.0 
973.0 161.0 
1656.0 131.0 
1236.0 147.0 
332.0 205.0 
1305.0 146.0 
346.0 200.0 
1361.0 143.0 
981.0 159.0 
615.0 179.0 
332.0 205.0 
1236.0 147.0 
1332.0 144.0 
1332.0 144.0 
615.0 179.0 
1548.0 134.0 
480.0 185.0 
1236.0 147.0 
346.0 200.0 
1698.0 130.0 
1332.0 144.0 
1236.0 147.0 
1607.0 133.0 
994.0 158.0 
641.0 177.0 
1710.0 128.0 
312.0 214.0 
641.0 177.0 
851.0 164.0 
402.0 188.0 
799.0 170.0 
1236.0 147.0 
1479.0 137.0 
1306.0 145.0 
480.0 185.0 
1024.0 157.0 
933.0 162.0 
354.0 199.0 
1548.0 134.0 
1656.0 131.0 
1036.0 155.0 
1698.0 130.0 
1710.0 128.0 
1144.0 151.0 
480.0 185.0 
851.0 164.0 
401.0 191.0 
346.0 200.0 
1479.0 137.0 
332.0 205.0 
1064.0 154.0 
402.0 188.0 
1440.0 138.0 
1656.0 131.0 
1144.0 151.0 
480.0 185.0 
1710.0 128.0 
695.0 175.0 
680.0 176.0 
402.0 188.0 
1494.0 136.0 
561.0 183.0 
480.0 185.0 
480.0 185.0 
973.0 161.0 
354.0 199.0 
745.0 172.0 
641.0 177.0 
1224.0 148.0 
1710.0 128.0 
1413.0 139.0 
1170.0 150.0 
402.0 188.0 
1548.0 134.0 
1656.0 131.0 
317.0 218.0 
1711.0 129.0 
1711.0 129.0 
944.0 162.0 
1668.0 132.0 
347.0 200.0 
852.0 168.0 
328.0 215.0 
1548.0 135.0 
1076.0 154.0 
402.0 189.0 
332.0 206.0 
1362.0 143.0 
480.0 186.0 
1495.0 137.0 
401.0 194.0 
615.0 182.0 
1306.0 146.0 
