200.0 122.0 
225.0 117.0 
256.0 98.0 
214.0 143.0 
238.0 130.0 
251.0 124.0 
238.0 130.0 
291.0 108.0 
318.0 106.0 
231.0 145.0 
215.0 148.0 
231.0 145.0 
263.0 127.0 
239.0 141.0 
245.0 132.0 
300.0 113.0 
302.0 111.0 
226.0 149.0 
217.0 152.0 
219.0 150.0 
232.0 148.0 
271.0 129.0 
277.0 128.0 
282.0 127.0 
243.0 141.0 
251.0 140.0 
260.0 137.0 
300.0 121.0 
306.0 113.0 
306.0 113.0 
226.0 163.0 
219.0 196.0 
234.0 157.0 
236.0 149.0 
273.0 133.0 
282.0 130.0 
295.0 129.0 
245.0 141.0 
259.0 140.0 
260.0 139.0 
266.0 137.0 
301.0 122.0 
300.0 128.0 
313.0 118.0 
233.0 167.0 
229.0 223.0 
235.0 157.0 
237.0 151.0 
276.0 135.0 
294.0 131.0 
298.0 129.0 
246.0 144.0 
248.0 141.0 
266.0 139.0 
319.0 127.0 
342.0 122.0 
319.0 127.0 
233.0 173.0 
234.0 167.0 
233.0 173.0 
237.0 154.0 
237.0 154.0 
240.0 153.0 
281.0 135.0 
299.0 129.0 
253.0 142.0 
349.0 125.0 
349.0 125.0 
349.0 125.0 
235.0 173.0 
238.0 155.0 
251.0 154.0 
286.0 138.0 
304.0 130.0 
323.0 129.0 
274.0 143.0 
255.0 145.0 
253.0 146.0 
364.0 125.0 
237.0 173.0 
241.0 156.0 
239.0 168.0 
287.0 138.0 
306.0 131.0 
335.0 129.0 
279.0 143.0 
275.0 146.0 
263.0 148.0 
258.0 150.0 
253.0 154.0 
238.0 173.0 
343.0 131.0 
292.0 138.0 
331.0 137.0 
282.0 146.0 
270.0 156.0 
272.0 151.0 
247.0 158.0 
242.0 164.0 
335.0 134.0 
