38.0 13.0 
39.0 13.0 
39.0 13.0 
39.0 13.0 
39.0 13.0 
39.0 14.0 
39.0 14.0 
39.0 14.0 
39.0 14.0 
39.0 14.0 
39.0 14.0 
39.0 14.0 
39.0 14.0 
39.0 14.0 
39.0 14.0 
39.0 14.0 
39.0 14.0 
39.0 14.0 
39.0 14.0 
39.0 14.0 
39.0 14.0 
39.0 15.0 
39.0 15.0 
39.0 15.0 
39.0 15.0 
39.0 15.0 
39.0 15.0 
39.0 15.0 
40.0 14.0 
39.0 15.0 
39.0 15.0 
45.0 14.0 
39.0 16.0 
39.0 16.0 
40.0 15.0 
40.0 15.0 
39.0 16.0 
40.0 15.0 
40.0 15.0 
40.0 15.0 
40.0 15.0 
40.0 15.0 
40.0 15.0 
40.0 15.0 
40.0 15.0 
40.0 15.0 
40.0 15.0 
40.0 15.0 
40.0 15.0 
40.0 15.0 
40.0 15.0 
40.0 15.0 
40.0 15.0 
40.0 15.0 
40.0 15.0 
40.0 15.0 
40.0 15.0 
40.0 15.0 
40.0 15.0 
40.0 15.0 
40.0 15.0 
40.0 15.0 
40.0 15.0 
40.0 15.0 
39.0 16.0 
40.0 15.0 
40.0 15.0 
40.0 15.0 
40.0 15.0 
40.0 15.0 
40.0 15.0 
40.0 15.0 
40.0 15.0 
40.0 15.0 
40.0 15.0 
40.0 15.0 
40.0 15.0 
40.0 15.0 
40.0 15.0 
40.0 15.0 
39.0 16.0 
40.0 15.0 
40.0 15.0 
40.0 15.0 
40.0 15.0 
40.0 15.0 
40.0 15.0 
40.0 15.0 
39.0 16.0 
40.0 15.0 
40.0 15.0 
40.0 15.0 
40.0 15.0 
40.0 15.0 
40.0 15.0 
40.0 15.0 
40.0 15.0 
40.0 15.0 
40.0 15.0 
40.0 15.0 
