38.0 12.0 
38.0 12.0 
38.0 12.0 
38.0 12.0 
38.0 12.0 
38.0 13.0 
38.0 13.0 
38.0 13.0 
38.0 13.0 
38.0 13.0 
38.0 13.0 
38.0 13.0 
38.0 13.0 
38.0 13.0 
38.0 13.0 
38.0 13.0 
38.0 13.0 
38.0 13.0 
38.0 13.0 
38.0 13.0 
38.0 13.0 
38.0 13.0 
38.0 13.0 
38.0 13.0 
38.0 13.0 
39.0 13.0 
39.0 13.0 
39.0 13.0 
39.0 13.0 
39.0 13.0 
39.0 13.0 
39.0 13.0 
39.0 13.0 
39.0 13.0 
39.0 13.0 
39.0 13.0 
39.0 13.0 
39.0 13.0 
39.0 13.0 
39.0 13.0 
39.0 13.0 
39.0 13.0 
39.0 13.0 
39.0 13.0 
39.0 13.0 
39.0 13.0 
39.0 13.0 
39.0 13.0 
39.0 13.0 
39.0 13.0 
39.0 13.0 
39.0 13.0 
39.0 13.0 
38.0 14.0 
39.0 13.0 
39.0 13.0 
39.0 13.0 
39.0 13.0 
39.0 13.0 
39.0 13.0 
39.0 13.0 
39.0 13.0 
39.0 13.0 
39.0 13.0 
38.0 14.0 
39.0 13.0 
39.0 13.0 
39.0 13.0 
39.0 13.0 
38.0 15.0 
38.0 15.0 
44.0 13.0 
44.0 13.0 
39.0 14.0 
39.0 14.0 
38.0 15.0 
39.0 14.0 
39.0 14.0 
39.0 14.0 
39.0 14.0 
39.0 14.0 
39.0 14.0 
39.0 14.0 
39.0 14.0 
39.0 14.0 
39.0 14.0 
39.0 14.0 
39.0 14.0 
39.0 14.0 
39.0 14.0 
39.0 14.0 
39.0 14.0 
39.0 14.0 
39.0 14.0 
39.0 14.0 
39.0 14.0 
39.0 14.0 
39.0 14.0 
39.0 14.0 
39.0 14.0 
