191.0 114.0 
327.0 133.0 
485.0 119.0 
374.0 132.0 
212.0 211.0 
212.0 211.0 
255.0 138.0 
237.0 144.0 
485.0 119.0 
224.0 198.0 
374.0 132.0 
360.0 139.0 
344.0 140.0 
301.0 142.0 
254.0 187.0 
257.0 163.0 
259.0 151.0 
251.0 207.0 
232.0 248.0 
240.0 208.0 
371.0 144.0 
388.0 142.0 
255.0 187.0 
264.0 158.0 
286.0 152.0 
261.0 165.0 
236.0 254.0 
248.0 233.0 
248.0 233.0 
243.0 244.0 
248.0 233.0 
405.0 144.0 
405.0 144.0 
256.0 219.0 
281.0 160.0 
298.0 152.0 
293.0 158.0 
293.0 158.0 
298.0 152.0 
262.0 172.0 
246.0 253.0 
246.0 253.0 
416.0 146.0 
261.0 221.0 
260.0 240.0 
287.0 161.0 
321.0 153.0 
304.0 160.0 
304.0 160.0 
266.0 179.0 
273.0 177.0 
262.0 191.0 
265.0 182.0 
457.0 152.0 
516.0 150.0 
289.0 167.0 
288.0 175.0 
323.0 158.0 
342.0 153.0 
263.0 202.0 
263.0 202.0 
262.0 244.0 
269.0 184.0 
459.0 152.0 
297.0 170.0 
291.0 183.0 
339.0 162.0 
372.0 157.0 
359.0 160.0 
448.0 154.0 
268.0 204.0 
262.0 252.0 
265.0 246.0 
269.0 187.0 
516.0 153.0 
516.0 153.0 
516.0 153.0 
516.0 153.0 
298.0 177.0 
301.0 173.0 
343.0 171.0 
443.0 158.0 
361.0 167.0 
364.0 160.0 
361.0 167.0 
262.0 254.0 
269.0 207.0 
276.0 187.0 
271.0 205.0 
451.0 158.0 
270.0 253.0 
272.0 207.0 
372.0 162.0 
271.0 248.0 
445.0 159.0 
359.0 173.0 
304.0 174.0 
285.0 192.0 
298.0 184.0 
278.0 201.0 
