39.0 25.0 
39.0 25.0 
39.0 25.0 
39.0 26.0 
40.0 26.0 
68.0 26.0 
68.0 26.0 
40.0 42.0 
68.0 26.0 
41.0 27.0 
68.0 26.0 
68.0 26.0 
40.0 49.0 
40.0 49.0 
40.0 49.0 
40.0 49.0 
40.0 49.0 
40.0 49.0 
40.0 49.0 
43.0 35.0 
46.0 28.0 
43.0 35.0 
50.0 27.0 
41.0 41.0 
69.0 26.0 
69.0 26.0 
69.0 26.0 
69.0 26.0 
69.0 26.0 
49.0 28.0 
46.0 32.0 
47.0 29.0 
46.0 32.0 
46.0 32.0 
43.0 36.0 
43.0 36.0 
53.0 27.0 
41.0 42.0 
41.0 42.0 
41.0 42.0 
41.0 42.0 
50.0 28.0 
50.0 28.0 
50.0 28.0 
50.0 28.0 
50.0 28.0 
50.0 28.0 
50.0 28.0 
50.0 28.0 
50.0 28.0 
49.0 29.0 
46.0 33.0 
46.0 33.0 
46.0 33.0 
46.0 33.0 
46.0 33.0 
47.0 32.0 
46.0 33.0 
46.0 33.0 
46.0 33.0 
46.0 33.0 
46.0 33.0 
46.0 33.0 
46.0 33.0 
46.0 33.0 
47.0 32.0 
46.0 33.0 
46.0 33.0 
44.0 37.0 
55.0 27.0 
55.0 27.0 
55.0 27.0 
41.0 43.0 
41.0 43.0 
41.0 43.0 
41.0 43.0 
41.0 43.0 
56.0 27.0 
41.0 50.0 
41.0 50.0 
45.0 38.0 
42.0 43.0 
54.0 28.0 
47.0 33.0 
50.0 29.0 
46.0 34.0 
42.0 43.0 
50.0 29.0 
50.0 29.0 
50.0 29.0 
50.0 29.0 
50.0 29.0 
50.0 29.0 
50.0 29.0 
50.0 29.0 
50.0 29.0 
50.0 29.0 
50.0 29.0 
50.0 29.0 
50.0 29.0 
