204.0 85.0 
211.0 78.0 
234.0 73.0 
279.0 71.0 
204.0 85.0 
199.0 99.0 
214.0 75.0 
211.0 81.0 
206.0 95.0 
208.0 85.0 
207.0 93.0 
200.0 101.0 
200.0 101.0 
205.0 100.0 
200.0 101.0 
200.0 101.0 
230.0 80.0 
255.0 75.0 
236.0 76.0 
235.0 79.0 
212.0 82.0 
211.0 83.0 
208.0 90.0 
203.0 102.0 
203.0 102.0 
265.0 76.0 
241.0 78.0 
237.0 81.0 
211.0 84.0 
219.0 83.0 
211.0 84.0 
211.0 84.0 
209.0 91.0 
208.0 92.0 
207.0 108.0 
271.0 76.0 
257.0 78.0 
243.0 81.0 
237.0 82.0 
233.0 83.0 
233.0 83.0 
233.0 83.0 
212.0 84.0 
211.0 91.0 
210.0 92.0 
209.0 100.0 
210.0 92.0 
345.0 77.0 
318.0 78.0 
318.0 78.0 
248.0 81.0 
239.0 82.0 
238.0 83.0 
215.0 84.0 
213.0 86.0 
214.0 85.0 
213.0 86.0 
214.0 85.0 
214.0 85.0 
214.0 85.0 
213.0 86.0 
215.0 84.0 
213.0 86.0 
210.0 93.0 
324.0 80.0 
255.0 81.0 
241.0 82.0 
216.0 84.0 
216.0 84.0 
214.0 87.0 
213.0 92.0 
211.0 94.0 
210.0 96.0 
211.0 94.0 
269.0 81.0 
256.0 83.0 
256.0 83.0 
256.0 83.0 
217.0 84.0 
216.0 85.0 
216.0 85.0 
216.0 85.0 
215.0 87.0 
214.0 89.0 
210.0 111.0 
211.0 95.0 
213.0 94.0 
260.0 83.0 
260.0 83.0 
212.0 103.0 
212.0 103.0 
275.0 83.0 
275.0 83.0 
224.0 84.0 
213.0 101.0 
214.0 92.0 
215.0 88.0 
220.0 85.0 
214.0 92.0 
216.0 86.0 
