67.0 25.0 
68.0 24.0 
68.0 24.0 
68.0 24.0 
68.0 24.0 
65.0 26.0 
68.0 24.0 
68.0 24.0 
67.0 25.0 
67.0 25.0 
66.0 31.0 
65.0 33.0 
66.0 31.0 
66.0 31.0 
66.0 31.0 
66.0 31.0 
69.0 24.0 
69.0 24.0 
69.0 24.0 
69.0 24.0 
69.0 24.0 
67.0 26.0 
68.0 25.0 
65.0 34.0 
65.0 34.0 
65.0 34.0 
70.0 24.0 
67.0 28.0 
67.0 28.0 
67.0 28.0 
69.0 26.0 
69.0 26.0 
69.0 26.0 
69.0 26.0 
69.0 26.0 
69.0 26.0 
69.0 26.0 
69.0 26.0 
69.0 26.0 
66.0 34.0 
66.0 34.0 
66.0 34.0 
66.0 34.0 
66.0 34.0 
66.0 34.0 
66.0 34.0 
66.0 34.0 
66.0 34.0 
65.0 35.0 
66.0 34.0 
66.0 34.0 
70.0 25.0 
74.0 24.0 
74.0 24.0 
70.0 25.0 
70.0 25.0 
74.0 24.0 
70.0 25.0 
67.0 30.0 
67.0 30.0 
69.0 28.0 
69.0 28.0 
69.0 28.0 
69.0 28.0 
65.0 42.0 
65.0 42.0 
65.0 42.0 
66.0 35.0 
75.0 24.0 
71.0 25.0 
70.0 26.0 
70.0 26.0 
70.0 26.0 
71.0 25.0 
67.0 32.0 
68.0 30.0 
67.0 32.0 
67.0 32.0 
68.0 30.0 
66.0 37.0 
76.0 24.0 
72.0 25.0 
67.0 33.0 
70.0 28.0 
71.0 27.0 
68.0 32.0 
69.0 30.0 
69.0 30.0 
70.0 28.0 
72.0 25.0 
71.0 27.0 
67.0 33.0 
68.0 32.0 
70.0 28.0 
71.0 27.0 
71.0 27.0 
68.0 32.0 
68.0 32.0 
68.0 32.0 
68.0 32.0 
