79.0 75.0 
87.0 36.0 
80.0 52.0 
85.0 39.0 
83.0 40.0 
85.0 39.0 
88.0 32.0 
82.0 48.0 
79.0 76.0 
80.0 59.0 
83.0 42.0 
83.0 42.0 
83.0 42.0 
86.0 39.0 
88.0 33.0 
82.0 51.0 
79.0 83.0 
81.0 60.0 
80.0 67.0 
83.0 43.0 
86.0 40.0 
88.0 37.0 
88.0 37.0 
96.0 33.0 
90.0 34.0 
82.0 52.0 
82.0 52.0 
81.0 64.0 
80.0 69.0 
83.0 47.0 
84.0 46.0 
83.0 47.0 
84.0 46.0 
83.0 47.0 
86.0 43.0 
87.0 41.0 
87.0 41.0 
89.0 39.0 
88.0 40.0 
98.0 33.0 
98.0 33.0 
91.0 34.0 
82.0 53.0 
81.0 67.0 
80.0 70.0 
85.0 47.0 
85.0 47.0 
85.0 47.0 
85.0 47.0 
86.0 46.0 
86.0 46.0 
88.0 44.0 
88.0 44.0 
89.0 40.0 
94.0 34.0 
94.0 34.0 
94.0 34.0 
91.0 36.0 
84.0 54.0 
84.0 54.0 
82.0 55.0 
81.0 71.0 
81.0 71.0 
85.0 50.0 
87.0 49.0 
89.0 43.0 
96.0 34.0 
92.0 36.0 
91.0 38.0 
82.0 61.0 
82.0 61.0 
82.0 61.0 
82.0 61.0 
84.0 56.0 
81.0 74.0 
99.0 34.0 
99.0 34.0 
83.0 69.0 
85.0 51.0 
96.0 35.0 
92.0 37.0 
84.0 60.0 
84.0 60.0 
88.0 49.0 
89.0 45.0 
91.0 40.0 
90.0 43.0 
88.0 49.0 
90.0 43.0 
92.0 37.0 
90.0 43.0 
90.0 43.0 
90.0 43.0 
90.0 43.0 
99.0 34.0 
99.0 34.0 
99.0 34.0 
99.0 34.0 
99.0 34.0 
99.0 34.0 
