82.0 42.0 
89.0 37.0 
118.0 35.0 
82.0 42.0 
82.0 42.0 
83.0 39.0 
82.0 42.0 
82.0 42.0 
82.0 42.0 
82.0 42.0 
82.0 42.0 
82.0 42.0 
82.0 42.0 
82.0 42.0 
113.0 36.0 
90.0 38.0 
90.0 38.0 
90.0 38.0 
90.0 38.0 
91.0 37.0 
90.0 38.0 
90.0 38.0 
90.0 38.0 
85.0 39.0 
83.0 40.0 
85.0 39.0 
85.0 39.0 
82.0 45.0 
82.0 45.0 
82.0 45.0 
82.0 45.0 
82.0 45.0 
116.0 36.0 
98.0 37.0 
98.0 37.0 
92.0 38.0 
92.0 38.0 
83.0 42.0 
83.0 42.0 
83.0 42.0 
83.0 42.0 
83.0 42.0 
83.0 42.0 
83.0 42.0 
83.0 42.0 
83.0 42.0 
83.0 42.0 
84.0 40.0 
86.0 39.0 
82.0 47.0 
82.0 47.0 
118.0 36.0 
118.0 36.0 
118.0 36.0 
115.0 37.0 
115.0 37.0 
115.0 37.0 
115.0 37.0 
115.0 37.0 
115.0 37.0 
115.0 37.0 
115.0 37.0 
115.0 37.0 
115.0 37.0 
115.0 37.0 
115.0 37.0 
94.0 38.0 
83.0 43.0 
83.0 43.0 
83.0 43.0 
83.0 43.0 
83.0 43.0 
84.0 42.0 
84.0 42.0 
84.0 42.0 
84.0 42.0 
84.0 42.0 
84.0 42.0 
87.0 39.0 
129.0 36.0 
129.0 36.0 
129.0 36.0 
129.0 36.0 
129.0 36.0 
83.0 44.0 
135.0 36.0 
98.0 38.0 
117.0 37.0 
117.0 37.0 
92.0 39.0 
87.0 40.0 
85.0 42.0 
85.0 42.0 
87.0 40.0 
84.0 43.0 
84.0 43.0 
117.0 37.0 
117.0 37.0 
117.0 37.0 
117.0 37.0 
