145.0 89.0 
159.0 53.0 
148.0 76.0 
149.0 66.0 
147.0 91.0 
145.0 93.0 
189.0 57.0 
166.0 58.0 
166.0 58.0 
164.0 61.0 
189.0 57.0 
148.0 90.0 
161.0 69.0 
155.0 74.0 
155.0 74.0 
151.0 76.0 
151.0 76.0 
151.0 76.0 
146.0 94.0 
167.0 59.0 
166.0 61.0 
166.0 61.0 
192.0 58.0 
148.0 91.0 
148.0 91.0 
148.0 91.0 
165.0 74.0 
155.0 76.0 
155.0 76.0 
155.0 76.0 
152.0 80.0 
146.0 97.0 
147.0 94.0 
147.0 94.0 
147.0 94.0 
147.0 94.0 
146.0 97.0 
147.0 94.0 
146.0 97.0 
168.0 60.0 
171.0 59.0 
168.0 60.0 
166.0 64.0 
166.0 64.0 
166.0 64.0 
167.0 62.0 
194.0 58.0 
194.0 58.0 
149.0 91.0 
159.0 77.0 
162.0 76.0 
152.0 81.0 
152.0 81.0 
154.0 80.0 
147.0 95.0 
147.0 95.0 
189.0 59.0 
168.0 61.0 
171.0 60.0 
150.0 92.0 
149.0 93.0 
151.0 91.0 
162.0 79.0 
154.0 85.0 
155.0 82.0 
148.0 96.0 
190.0 59.0 
169.0 61.0 
168.0 63.0 
149.0 94.0 
150.0 93.0 
149.0 94.0 
149.0 94.0 
151.0 92.0 
151.0 92.0 
151.0 92.0 
165.0 81.0 
165.0 81.0 
154.0 91.0 
164.0 82.0 
160.0 87.0 
160.0 87.0 
161.0 85.0 
160.0 87.0 
160.0 87.0 
164.0 82.0 
195.0 59.0 
195.0 59.0 
149.0 97.0 
149.0 97.0 
168.0 76.0 
173.0 61.0 
169.0 62.0 
161.0 86.0 
166.0 81.0 
157.0 91.0 
166.0 81.0 
173.0 61.0 
152.0 92.0 
160.0 88.0 
