451.0 173.0 
314.0 208.0 
482.0 171.0 
318.0 206.0 
1252.0 126.0 
482.0 171.0 
330.0 195.0 
327.0 196.0 
1102.0 129.0 
773.0 149.0 
1681.0 107.0 
318.0 206.0 
441.0 176.0 
1410.0 118.0 
864.0 145.0 
1544.0 112.0 
318.0 206.0 
334.0 193.0 
318.0 206.0 
421.0 184.0 
441.0 176.0 
614.0 159.0 
290.0 225.0 
1231.0 127.0 
1410.0 118.0 
1438.0 116.0 
1269.0 124.0 
451.0 173.0 
1002.0 136.0 
429.0 181.0 
303.0 209.0 
1091.0 131.0 
773.0 149.0 
973.0 138.0 
614.0 159.0 
1438.0 116.0 
520.0 164.0 
953.0 139.0 
362.0 192.0 
1279.0 120.0 
671.0 158.0 
441.0 176.0 
1258.0 125.0 
493.0 165.0 
425.0 182.0 
1231.0 127.0 
1458.0 113.0 
408.0 187.0 
1009.0 135.0 
1026.0 132.0 
773.0 149.0 
721.0 152.0 
318.0 206.0 
614.0 159.0 
614.0 159.0 
294.0 213.0 
1654.0 111.0 
873.0 141.0 
1410.0 118.0 
806.0 148.0 
369.0 189.0 
1793.0 108.0 
296.0 241.0 
296.0 241.0 
1104.0 129.0 
1271.0 126.0 
1674.0 111.0 
298.0 230.0 
1546.0 112.0 
615.0 159.0 
836.0 149.0 
599.0 164.0 
333.0 199.0 
299.0 221.0 
511.0 166.0 
755.0 152.0 
442.0 179.0 
733.0 157.0 
1311.0 123.0 
476.0 174.0 
341.0 193.0 
1780.0 110.0 
426.0 184.0 
1385.0 122.0 
1006.0 138.0 
953.0 143.0 
1487.0 114.0 
1086.0 135.0 
494.0 170.0 
396.0 191.0 
1057.0 136.0 
971.0 140.0 
882.0 145.0 
410.0 189.0 
308.0 213.0 
318.0 207.0 
306.0 215.0 
889.0 144.0 
1442.0 117.0 
318.0 207.0 
