19.0 24.0 
25.0 21.0 
28.0 15.0 
26.0 22.0 
28.0 19.0 
62.0 17.0 
28.0 19.0 
27.0 22.0 
28.0 20.0 
28.0 20.0 
28.0 20.0 
28.0 20.0 
28.0 20.0 
29.0 20.0 
28.0 22.0 
28.0 22.0 
29.0 21.0 
30.0 20.0 
28.0 34.0 
30.0 25.0 
31.0 20.0 
30.0 29.0 
30.0 29.0 
30.0 29.0 
31.0 22.0 
33.0 20.0 
31.0 22.0 
34.0 20.0 
31.0 23.0 
35.0 20.0 
33.0 23.0 
33.0 23.0 
33.0 23.0 
33.0 23.0 
33.0 23.0 
31.0 24.0 
33.0 23.0 
33.0 23.0 
33.0 23.0 
33.0 23.0 
33.0 23.0 
33.0 23.0 
31.0 24.0 
33.0 23.0 
33.0 23.0 
33.0 23.0 
33.0 23.0 
33.0 23.0 
37.0 21.0 
35.0 22.0 
32.0 24.0 
32.0 24.0 
31.0 27.0 
32.0 24.0 
32.0 24.0 
34.0 23.0 
34.0 23.0 
34.0 23.0 
34.0 23.0 
34.0 23.0 
54.0 21.0 
54.0 21.0 
54.0 21.0 
31.0 28.0 
31.0 28.0 
33.0 25.0 
33.0 25.0 
33.0 25.0 
33.0 25.0 
33.0 25.0 
33.0 25.0 
34.0 24.0 
34.0 24.0 
34.0 24.0 
35.0 23.0 
34.0 24.0 
34.0 24.0 
35.0 23.0 
34.0 24.0 
35.0 23.0 
35.0 23.0 
35.0 23.0 
34.0 24.0 
35.0 23.0 
58.0 22.0 
32.0 28.0 
33.0 26.0 
34.0 25.0 
36.0 23.0 
35.0 24.0 
35.0 24.0 
35.0 24.0 
35.0 24.0 
35.0 24.0 
35.0 24.0 
35.0 24.0 
35.0 24.0 
36.0 23.0 
32.0 30.0 
37.0 23.0 
