67.0 44.0 
45.0 63.0 
49.0 58.0 
101.0 31.0 
56.0 51.0 
80.0 38.0 
49.0 58.0 
78.0 40.0 
109.0 29.0 
80.0 38.0 
49.0 58.0 
51.0 56.0 
67.0 44.0 
109.0 29.0 
85.0 36.0 
62.0 49.0 
46.0 59.0 
56.0 51.0 
135.0 28.0 
45.0 63.0 
71.0 42.0 
63.0 46.0 
49.0 58.0 
105.0 35.0 
78.0 41.0 
78.0 41.0 
78.0 41.0 
83.0 38.0 
52.0 56.0 
68.0 44.0 
67.0 45.0 
68.0 44.0 
115.0 29.0 
111.0 30.0 
92.0 37.0 
92.0 37.0 
92.0 37.0 
96.0 36.0 
47.0 59.0 
47.0 59.0 
57.0 51.0 
57.0 51.0 
56.0 52.0 
56.0 52.0 
57.0 51.0 
139.0 28.0 
46.0 63.0 
46.0 63.0 
72.0 42.0 
65.0 47.0 
65.0 47.0 
65.0 47.0 
65.0 47.0 
63.0 50.0 
107.0 35.0 
79.0 41.0 
79.0 41.0 
79.0 41.0 
79.0 41.0 
79.0 41.0 
84.0 38.0 
84.0 38.0 
53.0 56.0 
68.0 45.0 
70.0 44.0 
70.0 44.0 
123.0 29.0 
123.0 29.0 
115.0 34.0 
115.0 34.0 
119.0 33.0 
119.0 33.0 
120.0 32.0 
119.0 33.0 
98.0 36.0 
48.0 59.0 
56.0 53.0 
59.0 51.0 
57.0 52.0 
154.0 28.0 
47.0 63.0 
77.0 42.0 
77.0 42.0 
75.0 43.0 
66.0 47.0 
66.0 47.0 
66.0 47.0 
66.0 47.0 
66.0 47.0 
66.0 47.0 
65.0 48.0 
66.0 47.0 
155.0 28.0 
47.0 65.0 
47.0 65.0 
56.0 56.0 
63.0 51.0 
125.0 29.0 
100.0 36.0 
49.0 59.0 
