67.0 44.0 
80.0 38.0 
109.0 29.0 
80.0 38.0 
51.0 56.0 
67.0 44.0 
109.0 29.0 
85.0 36.0 
71.0 42.0 
63.0 46.0 
71.0 42.0 
46.0 58.0 
80.0 38.0 
61.0 47.0 
61.0 47.0 
45.0 59.0 
80.0 38.0 
70.0 43.0 
47.0 57.0 
71.0 42.0 
52.0 52.0 
67.0 44.0 
109.0 29.0 
78.0 39.0 
53.0 51.0 
45.0 59.0 
80.0 38.0 
85.0 36.0 
105.0 30.0 
74.0 40.0 
97.0 31.0 
121.0 26.0 
59.0 48.0 
58.0 50.0 
46.0 58.0 
61.0 47.0 
65.0 46.0 
49.0 57.0 
49.0 57.0 
49.0 57.0 
72.0 42.0 
72.0 42.0 
72.0 42.0 
72.0 42.0 
72.0 42.0 
52.0 53.0 
68.0 44.0 
67.0 45.0 
68.0 44.0 
68.0 44.0 
68.0 44.0 
111.0 29.0 
79.0 39.0 
54.0 51.0 
45.0 63.0 
45.0 63.0 
45.0 63.0 
45.0 63.0 
83.0 38.0 
83.0 38.0 
83.0 38.0 
83.0 38.0 
86.0 36.0 
86.0 36.0 
86.0 36.0 
86.0 36.0 
106.0 30.0 
75.0 40.0 
97.0 32.0 
98.0 31.0 
134.0 28.0 
134.0 28.0 
59.0 50.0 
59.0 50.0 
59.0 50.0 
59.0 50.0 
46.0 59.0 
46.0 59.0 
47.0 58.0 
46.0 59.0 
62.0 48.0 
62.0 48.0 
62.0 48.0 
63.0 47.0 
63.0 47.0 
135.0 28.0 
135.0 28.0 
46.0 63.0 
46.0 63.0 
115.0 29.0 
98.0 34.0 
109.0 30.0 
52.0 55.0 
47.0 59.0 
73.0 42.0 
88.0 36.0 
73.0 42.0 
60.0 50.0 
66.0 46.0 
84.0 38.0 
