81.0 45.0 
62.0 65.0 
88.0 44.0 
74.0 63.0 
75.0 47.0 
69.0 67.0 
69.0 67.0 
63.0 74.0 
65.0 72.0 
96.0 45.0 
78.0 64.0 
95.0 52.0 
81.0 62.0 
90.0 54.0 
86.0 55.0 
70.0 68.0 
70.0 68.0 
63.0 86.0 
66.0 75.0 
65.0 78.0 
66.0 75.0 
96.0 46.0 
79.0 66.0 
84.0 63.0 
87.0 60.0 
87.0 60.0 
87.0 60.0 
90.0 59.0 
94.0 56.0 
94.0 56.0 
72.0 70.0 
71.0 71.0 
65.0 86.0 
99.0 51.0 
96.0 52.0 
96.0 52.0 
96.0 52.0 
106.0 46.0 
84.0 69.0 
85.0 68.0 
86.0 65.0 
87.0 61.0 
87.0 61.0 
87.0 61.0 
87.0 61.0 
90.0 60.0 
79.0 70.0 
77.0 71.0 
72.0 79.0 
76.0 75.0 
65.0 95.0 
66.0 88.0 
101.0 54.0 
96.0 56.0 
102.0 53.0 
106.0 52.0 
86.0 67.0 
89.0 61.0 
95.0 60.0 
84.0 70.0 
81.0 72.0 
73.0 84.0 
77.0 79.0 
80.0 76.0 
70.0 91.0 
70.0 91.0 
100.0 56.0 
96.0 57.0 
102.0 54.0 
102.0 54.0 
109.0 52.0 
92.0 61.0 
87.0 73.0 
83.0 74.0 
75.0 87.0 
76.0 86.0 
73.0 89.0 
82.0 83.0 
70.0 95.0 
97.0 57.0 
103.0 54.0 
111.0 53.0 
95.0 62.0 
93.0 63.0 
92.0 64.0 
96.0 61.0 
70.0 109.0 
107.0 54.0 
77.0 87.0 
83.0 80.0 
73.0 90.0 
92.0 70.0 
86.0 74.0 
93.0 65.0 
96.0 62.0 
84.0 76.0 
100.0 57.0 
74.0 89.0 
104.0 55.0 
103.0 56.0 
