113.0 131.0 
127.0 110.0 
150.0 73.0 
130.0 104.0 
144.0 74.0 
130.0 104.0 
171.0 72.0 
132.0 76.0 
122.0 131.0 
149.0 74.0 
130.0 117.0 
136.0 76.0 
134.0 91.0 
132.0 104.0 
125.0 161.0 
123.0 165.0 
158.0 75.0 
131.0 117.0 
131.0 117.0 
138.0 76.0 
134.0 100.0 
134.0 100.0 
130.0 196.0 
127.0 221.0 
159.0 75.0 
132.0 161.0 
131.0 167.0 
132.0 161.0 
139.0 77.0 
136.0 146.0 
138.0 132.0 
130.0 214.0 
134.0 161.0 
133.0 172.0 
157.0 77.0 
139.0 96.0 
145.0 79.0 
157.0 77.0 
140.0 93.0 
141.0 92.0 
130.0 215.0 
136.0 172.0 
139.0 100.0 
145.0 88.0 
155.0 79.0 
150.0 80.0 
163.0 77.0 
163.0 77.0 
159.0 78.0 
163.0 77.0 
130.0 224.0 
130.0 224.0 
130.0 224.0 
130.0 224.0 
130.0 224.0 
130.0 224.0 
134.0 215.0 
134.0 215.0 
130.0 224.0 
131.0 217.0 
137.0 173.0 
136.0 213.0 
139.0 115.0 
142.0 104.0 
146.0 88.0 
145.0 92.0 
150.0 82.0 
153.0 80.0 
160.0 79.0 
164.0 78.0 
164.0 78.0 
174.0 77.0 
135.0 219.0 
135.0 219.0 
134.0 221.0 
135.0 219.0 
138.0 174.0 
137.0 180.0 
138.0 174.0 
138.0 174.0 
139.0 122.0 
143.0 114.0 
146.0 90.0 
146.0 90.0 
149.0 88.0 
146.0 90.0 
148.0 89.0 
145.0 103.0 
145.0 103.0 
158.0 81.0 
154.0 82.0 
166.0 80.0 
166.0 80.0 
166.0 80.0 
171.0 79.0 
166.0 80.0 
176.0 77.0 
137.0 209.0 
137.0 209.0 
179.0 77.0 
