179.0 77.0 
175.0 95.0 
188.0 75.0 
177.0 78.0 
185.0 77.0 
199.0 75.0 
179.0 89.0 
183.0 82.0 
187.0 81.0 
194.0 80.0 
187.0 81.0 
213.0 77.0 
201.0 78.0 
179.0 97.0 
184.0 87.0 
198.0 80.0 
187.0 84.0 
189.0 83.0 
228.0 77.0 
228.0 77.0 
210.0 78.0 
180.0 103.0 
180.0 103.0 
186.0 87.0 
184.0 99.0 
184.0 99.0 
186.0 87.0 
198.0 81.0 
187.0 85.0 
190.0 84.0 
194.0 83.0 
214.0 79.0 
252.0 78.0 
252.0 78.0 
184.0 102.0 
186.0 91.0 
205.0 82.0 
209.0 81.0 
189.0 85.0 
189.0 85.0 
188.0 90.0 
194.0 84.0 
197.0 83.0 
218.0 79.0 
218.0 79.0 
218.0 79.0 
186.0 106.0 
187.0 91.0 
210.0 81.0 
190.0 85.0 
205.0 83.0 
205.0 83.0 
197.0 84.0 
223.0 80.0 
243.0 79.0 
188.0 95.0 
189.0 93.0 
188.0 95.0 
217.0 81.0 
192.0 87.0 
206.0 83.0 
206.0 83.0 
200.0 84.0 
226.0 80.0 
191.0 94.0 
188.0 100.0 
190.0 95.0 
189.0 96.0 
190.0 95.0 
188.0 100.0 
196.0 87.0 
194.0 89.0 
194.0 89.0 
192.0 90.0 
212.0 83.0 
206.0 85.0 
206.0 85.0 
230.0 81.0 
226.0 82.0 
189.0 97.0 
188.0 101.0 
205.0 87.0 
198.0 89.0 
193.0 92.0 
194.0 91.0 
192.0 95.0 
194.0 91.0 
214.0 83.0 
208.0 86.0 
190.0 97.0 
188.0 107.0 
189.0 102.0 
215.0 83.0 
190.0 98.0 
190.0 98.0 
194.0 94.0 
198.0 90.0 
195.0 91.0 
203.0 89.0 
208.0 87.0 
