12.0 11.0 
11.0 18.0 
25.0 5.0 
23.0 8.0 
13.0 10.0 
12.0 11.0 
25.0 5.0 
25.0 5.0 
12.0 11.0 
19.0 10.0 
26.0 7.0 
13.0 13.0 
12.0 15.0 
13.0 13.0 
12.0 15.0 
13.0 13.0 
20.0 10.0 
20.0 10.0 
20.0 10.0 
19.0 11.0 
20.0 10.0 
20.0 10.0 
20.0 10.0 
30.0 7.0 
12.0 16.0 
13.0 14.0 
13.0 14.0 
13.0 14.0 
13.0 14.0 
14.0 13.0 
13.0 14.0 
13.0 14.0 
22.0 10.0 
22.0 10.0 
21.0 11.0 
20.0 12.0 
31.0 8.0 
31.0 8.0 
12.0 19.0 
19.0 13.0 
14.0 14.0 
13.0 16.0 
29.0 10.0 
22.0 11.0 
22.0 11.0 
22.0 11.0 
22.0 11.0 
22.0 11.0 
22.0 11.0 
20.0 13.0 
15.0 14.0 
13.0 17.0 
13.0 17.0 
13.0 17.0 
13.0 17.0 
13.0 17.0 
23.0 11.0 
22.0 12.0 
20.0 14.0 
20.0 14.0 
20.0 14.0 
16.0 15.0 
20.0 14.0 
20.0 14.0 
16.0 15.0 
20.0 14.0 
20.0 14.0 
20.0 14.0 
16.0 15.0 
16.0 15.0 
20.0 14.0 
20.0 14.0 
16.0 15.0 
20.0 14.0 
20.0 14.0 
13.0 20.0 
13.0 20.0 
13.0 20.0 
13.0 20.0 
13.0 20.0 
14.0 17.0 
27.0 11.0 
22.0 13.0 
22.0 13.0 
23.0 12.0 
22.0 13.0 
16.0 16.0 
19.0 15.0 
21.0 14.0 
13.0 21.0 
15.0 17.0 
15.0 17.0 
15.0 17.0 
15.0 17.0 
28.0 11.0 
28.0 11.0 
13.0 22.0 
13.0 22.0 
15.0 18.0 
18.0 16.0 
