289.0 209.0 
1660.0 94.0 
289.0 209.0 
1660.0 94.0 
333.0 168.0 
1228.0 109.0 
375.0 154.0 
372.0 167.0 
560.0 142.0 
480.0 147.0 
295.0 198.0 
310.0 181.0 
1552.0 98.0 
1335.0 107.0 
1443.0 103.0 
308.0 188.0 
1498.0 99.0 
1363.0 104.0 
290.0 200.0 
310.0 181.0 
770.0 130.0 
692.0 133.0 
986.0 119.0 
642.0 136.0 
308.0 188.0 
642.0 136.0 
933.0 122.0 
958.0 121.0 
1010.0 117.0 
1631.0 95.0 
905.0 124.0 
459.0 151.0 
535.0 143.0 
1066.0 116.0 
1172.0 112.0 
535.0 143.0 
430.0 152.0 
1606.0 96.0 
1120.0 115.0 
1066.0 116.0 
852.0 125.0 
770.0 130.0 
1172.0 112.0 
692.0 133.0 
430.0 152.0 
1469.0 101.0 
1335.0 107.0 
799.0 128.0 
1145.0 114.0 
1147.0 113.0 
1469.0 101.0 
668.0 135.0 
851.0 126.0 
1606.0 96.0 
799.0 128.0 
1363.0 104.0 
827.0 127.0 
905.0 124.0 
1120.0 115.0 
1010.0 117.0 
827.0 127.0 
668.0 135.0 
459.0 151.0 
375.0 154.0 
290.0 200.0 
372.0 167.0 
852.0 125.0 
289.0 209.0 
310.0 181.0 
308.0 188.0 
1606.0 96.0 
1066.0 116.0 
770.0 130.0 
1469.0 101.0 
1363.0 104.0 
1335.0 107.0 
1172.0 112.0 
905.0 124.0 
1120.0 115.0 
827.0 127.0 
668.0 135.0 
375.0 154.0 
290.0 200.0 
289.0 209.0 
310.0 181.0 
308.0 188.0 
1469.0 101.0 
1335.0 107.0 
1172.0 112.0 
1606.0 96.0 
1120.0 115.0 
827.0 127.0 
668.0 135.0 
289.0 209.0 
668.0 135.0 
308.0 188.0 
1469.0 101.0 
1172.0 112.0 
1120.0 115.0 
289.0 209.0 
