88.0 34.0 
70.0 40.0 
70.0 40.0 
88.0 34.0 
85.0 36.0 
75.0 37.0 
85.0 36.0 
75.0 37.0 
72.0 39.0 
73.0 38.0 
73.0 38.0 
72.0 39.0 
70.0 40.0 
88.0 34.0 
75.0 37.0 
72.0 39.0 
85.0 36.0 
85.0 36.0 
85.0 36.0 
85.0 36.0 
85.0 36.0 
85.0 36.0 
85.0 36.0 
72.0 39.0 
88.0 34.0 
88.0 34.0 
85.0 36.0 
85.0 36.0 
75.0 37.0 
72.0 39.0 
85.0 36.0 
88.0 34.0 
88.0 34.0 
75.0 37.0 
85.0 36.0 
85.0 36.0 
85.0 36.0 
85.0 36.0 
72.0 39.0 
72.0 39.0 
85.0 36.0 
72.0 39.0 
75.0 37.0 
72.0 39.0 
72.0 39.0 
72.0 39.0 
75.0 37.0 
85.0 36.0 
85.0 36.0 
85.0 36.0 
88.0 34.0 
88.0 34.0 
88.0 34.0 
72.0 39.0 
85.0 36.0 
88.0 34.0 
72.0 39.0 
72.0 39.0 
88.0 34.0 
88.0 34.0 
88.0 34.0 
70.0 40.0 
75.0 37.0 
85.0 36.0 
72.0 39.0 
72.0 39.0 
85.0 36.0 
88.0 34.0 
85.0 36.0 
88.0 34.0 
88.0 34.0 
85.0 36.0 
88.0 34.0 
72.0 39.0 
88.0 34.0 
72.0 39.0 
72.0 39.0 
72.0 39.0 
75.0 37.0 
72.0 39.0 
70.0 40.0 
88.0 34.0 
85.0 36.0 
88.0 34.0 
85.0 36.0 
88.0 34.0 
85.0 36.0 
72.0 39.0 
85.0 36.0 
88.0 34.0 
72.0 39.0 
70.0 40.0 
88.0 34.0 
72.0 39.0 
70.0 40.0 
75.0 37.0 
85.0 36.0 
85.0 36.0 
85.0 36.0 
70.0 40.0 
