431.0 293.0 
480.0 282.0 
1165.0 216.0 
431.0 293.0 
753.0 237.0 
1065.0 220.0 
1777.0 197.0 
1606.0 208.0 
2012.0 191.0 
480.0 282.0 
1032.0 227.0 
1770.0 198.0 
720.0 246.0 
1666.0 207.0 
972.0 233.0 
491.0 248.0 
2012.0 191.0 
1346.0 219.0 
437.0 295.0 
811.0 241.0 
1136.0 221.0 
1101.0 223.0 
1065.0 225.0 
1949.0 197.0 
1621.0 211.0 
1059.0 227.0 
1059.0 227.0 
1895.0 202.0 
1895.0 202.0 
1895.0 202.0 
1718.0 209.0 
982.0 234.0 
982.0 234.0 
555.0 263.0 
526.0 267.0 
506.0 278.0 
550.0 265.0 
781.0 255.0 
784.0 251.0 
599.0 257.0 
526.0 267.0 
555.0 263.0 
496.0 285.0 
2146.0 196.0 
1460.0 220.0 
1597.0 219.0 
443.0 314.0 
466.0 308.0 
491.0 304.0 
491.0 304.0 
491.0 304.0 
858.0 247.0 
878.0 245.0 
878.0 245.0 
955.0 241.0 
840.0 250.0 
922.0 242.0 
1166.0 223.0 
1137.0 224.0 
1107.0 226.0 
2105.0 198.0 
2105.0 198.0 
2018.0 199.0 
1644.0 216.0 
1089.0 229.0 
1956.0 205.0 
1935.0 206.0 
1956.0 205.0 
1783.0 209.0 
1783.0 209.0 
1026.0 236.0 
1020.0 238.0 
1074.0 235.0 
513.0 278.0 
790.0 252.0 
627.0 259.0 
758.0 258.0 
546.0 273.0 
546.0 273.0 
546.0 273.0 
615.0 264.0 
562.0 266.0 
559.0 267.0 
615.0 264.0 
502.0 298.0 
496.0 302.0 
454.0 325.0 
2148.0 202.0 
1495.0 222.0 
1719.0 218.0 
863.0 247.0 
521.0 284.0 
1280.0 223.0 
1108.0 231.0 
1007.0 241.0 
1800.0 209.0 
811.0 255.0 
509.0 298.0 
2068.0 203.0 
629.0 264.0 
