1759.0 100.0 
237.0 191.0 
266.0 170.0 
255.0 181.0 
1552.0 109.0 
1651.0 104.0 
1611.0 106.0 
906.0 130.0 
1714.0 101.0 
1208.0 121.0 
847.0 134.0 
1117.0 123.0 
713.0 140.0 
629.0 145.0 
248.0 189.0 
384.0 165.0 
978.0 128.0 
792.0 138.0 
691.0 144.0 
315.0 168.0 
1273.0 118.0 
605.0 150.0 
553.0 152.0 
1040.0 127.0 
407.0 163.0 
478.0 159.0 
1046.0 126.0 
499.0 157.0 
1381.0 115.0 
1343.0 117.0 
251.0 184.0 
553.0 152.0 
505.0 155.0 
819.0 136.0 
1424.0 114.0 
1104.0 125.0 
432.0 162.0 
609.0 147.0 
1476.0 112.0 
740.0 139.0 
1424.0 114.0 
1266.0 119.0 
1507.0 111.0 
1476.0 112.0 
344.0 167.0 
1507.0 111.0 
821.0 135.0 
344.0 167.0 
505.0 155.0 
944.0 129.0 
944.0 129.0 
1239.0 120.0 
1115.0 124.0 
266.0 170.0 
740.0 139.0 
1370.0 116.0 
1343.0 117.0 
1239.0 120.0 
451.0 160.0 
691.0 144.0 
609.0 147.0 
605.0 150.0 
254.0 183.0 
444.0 161.0 
1370.0 116.0 
1104.0 125.0 
451.0 160.0 
444.0 161.0 
251.0 184.0 
254.0 183.0 
553.0 152.0 
1424.0 114.0 
1476.0 112.0 
1507.0 111.0 
451.0 160.0 
505.0 155.0 
1239.0 120.0 
740.0 139.0 
691.0 144.0 
609.0 147.0 
1370.0 116.0 
266.0 170.0 
1104.0 125.0 
344.0 167.0 
254.0 183.0 
505.0 155.0 
451.0 160.0 
1424.0 114.0 
1507.0 111.0 
1476.0 112.0 
1239.0 120.0 
740.0 139.0 
691.0 144.0 
1370.0 116.0 
1104.0 125.0 
344.0 167.0 
505.0 155.0 
451.0 160.0 
1507.0 111.0 
1104.0 125.0 
