1281.0 198.0 
414.0 246.0 
455.0 236.0 
457.0 234.0 
915.0 209.0 
414.0 246.0 
915.0 209.0 
1343.0 186.0 
430.0 239.0 
915.0 209.0 
1394.0 180.0 
1251.0 199.0 
1618.0 177.0 
704.0 227.0 
2013.0 166.0 
2050.0 163.0 
714.0 210.0 
942.0 206.0 
372.0 262.0 
365.0 276.0 
1118.0 200.0 
455.0 236.0 
1320.0 196.0 
1986.0 170.0 
597.0 233.0 
1901.0 173.0 
463.0 235.0 
463.0 235.0 
1343.0 187.0 
444.0 241.0 
436.0 246.0 
436.0 246.0 
432.0 250.0 
1424.0 182.0 
1796.0 177.0 
1796.0 177.0 
1796.0 177.0 
1622.0 178.0 
2019.0 169.0 
2019.0 169.0 
880.0 211.0 
730.0 222.0 
1114.0 208.0 
945.0 210.0 
382.0 262.0 
382.0 262.0 
365.0 278.0 
366.0 277.0 
1120.0 203.0 
1288.0 202.0 
1316.0 200.0 
460.0 240.0 
1995.0 171.0 
1972.0 173.0 
470.0 235.0 
470.0 235.0 
1344.0 189.0 
1344.0 189.0 
1399.0 188.0 
452.0 243.0 
438.0 248.0 
438.0 248.0 
434.0 253.0 
1960.0 177.0 
1734.0 179.0 
2137.0 170.0 
2137.0 170.0 
885.0 214.0 
882.0 217.0 
911.0 212.0 
882.0 217.0 
749.0 223.0 
749.0 223.0 
1079.0 211.0 
1092.0 210.0 
406.0 268.0 
424.0 264.0 
411.0 265.0 
392.0 274.0 
365.0 280.0 
365.0 280.0 
371.0 278.0 
1139.0 203.0 
1139.0 203.0 
464.0 241.0 
1990.0 173.0 
1986.0 175.0 
1990.0 173.0 
373.0 283.0 
1998.0 176.0 
1998.0 176.0 
1353.0 192.0 
632.0 239.0 
459.0 243.0 
1699.0 188.0 
761.0 229.0 
1144.0 203.0 
1777.0 181.0 
437.0 254.0 
1139.0 211.0 
