714.0 209.0 
579.0 217.0 
1825.0 162.0 
714.0 209.0 
821.0 206.0 
1525.0 167.0 
1825.0 162.0 
846.0 201.0 
346.0 251.0 
1065.0 191.0 
579.0 217.0 
504.0 221.0 
1039.0 192.0 
766.0 208.0 
446.0 223.0 
346.0 251.0 
632.0 216.0 
356.0 237.0 
1906.0 161.0 
1714.0 163.0 
1186.0 183.0 
409.0 234.0 
714.0 209.0 
1237.0 181.0 
883.0 200.0 
846.0 201.0 
2006.0 157.0 
1066.0 187.0 
413.0 231.0 
1261.0 173.0 
843.0 207.0 
1606.0 168.0 
1606.0 168.0 
1842.0 162.0 
630.0 218.0 
630.0 218.0 
539.0 221.0 
1043.0 199.0 
839.0 208.0 
503.0 226.0 
505.0 223.0 
447.0 227.0 
710.0 216.0 
395.0 243.0 
386.0 249.0 
372.0 262.0 
359.0 270.0 
359.0 270.0 
395.0 243.0 
373.0 252.0 
395.0 243.0 
1735.0 164.0 
1726.0 165.0 
714.0 210.0 
714.0 210.0 
1251.0 185.0 
1251.0 185.0 
992.0 200.0 
851.0 206.0 
883.0 202.0 
2044.0 157.0 
2044.0 157.0 
1108.0 188.0 
1108.0 188.0 
1081.0 196.0 
423.0 236.0 
432.0 234.0 
1391.0 177.0 
1300.0 180.0 
1448.0 173.0 
363.0 277.0 
363.0 277.0 
2045.0 159.0 
1111.0 188.0 
808.0 210.0 
999.0 200.0 
1954.0 162.0 
1549.0 177.0 
375.0 262.0 
665.0 219.0 
884.0 203.0 
1742.0 165.0 
1257.0 186.0 
654.0 223.0 
1416.0 179.0 
522.0 224.0 
1617.0 169.0 
1685.0 168.0 
1307.0 184.0 
377.0 254.0 
1348.0 181.0 
455.0 228.0 
447.0 232.0 
505.0 226.0 
440.0 237.0 
1742.0 165.0 
1394.0 180.0 
383.0 252.0 
402.0 249.0 
1617.0 169.0 
