130.0 173.0 
138.0 87.0 
131.0 144.0 
145.0 74.0 
138.0 124.0 
143.0 111.0 
133.0 169.0 
132.0 207.0 
137.0 148.0 
146.0 86.0 
152.0 74.0 
145.0 105.0 
143.0 124.0 
135.0 172.0 
137.0 160.0 
150.0 89.0 
148.0 96.0 
157.0 84.0 
157.0 84.0 
161.0 74.0 
159.0 78.0 
146.0 105.0 
146.0 105.0 
143.0 151.0 
135.0 193.0 
137.0 174.0 
154.0 90.0 
161.0 77.0 
164.0 74.0 
160.0 78.0 
160.0 78.0 
148.0 106.0 
143.0 153.0 
143.0 153.0 
138.0 175.0 
154.0 93.0 
155.0 91.0 
154.0 93.0 
182.0 74.0 
165.0 77.0 
162.0 79.0 
150.0 124.0 
153.0 111.0 
143.0 172.0 
144.0 156.0 
140.0 205.0 
140.0 205.0 
156.0 92.0 
154.0 105.0 
155.0 99.0 
154.0 105.0 
155.0 99.0 
186.0 74.0 
163.0 79.0 
151.0 150.0 
153.0 118.0 
147.0 158.0 
144.0 163.0 
144.0 163.0 
140.0 210.0 
162.0 92.0 
160.0 93.0 
158.0 94.0 
188.0 78.0 
165.0 82.0 
175.0 79.0 
164.0 84.0 
175.0 79.0 
153.0 131.0 
154.0 122.0 
155.0 118.0 
144.0 190.0 
152.0 170.0 
145.0 181.0 
140.0 211.0 
159.0 94.0 
159.0 94.0 
158.0 107.0 
164.0 85.0 
180.0 80.0 
175.0 83.0 
180.0 80.0 
175.0 83.0 
183.0 79.0 
177.0 81.0 
153.0 139.0 
155.0 120.0 
142.0 214.0 
191.0 79.0 
155.0 134.0 
177.0 83.0 
166.0 86.0 
183.0 80.0 
150.0 181.0 
154.0 161.0 
158.0 112.0 
162.0 94.0 
160.0 95.0 
148.0 191.0 
144.0 197.0 
