63.0 37.0 
81.0 30.0 
81.0 30.0 
63.0 37.0 
63.0 37.0 
81.0 30.0 
63.0 37.0 
63.0 37.0 
63.0 37.0 
63.0 37.0 
81.0 30.0 
63.0 37.0 
63.0 37.0 
81.0 30.0 
63.0 37.0 
81.0 30.0 
81.0 30.0 
63.0 37.0 
68.0 33.0 
63.0 37.0 
68.0 33.0 
63.0 37.0 
81.0 30.0 
63.0 37.0 
63.0 37.0 
63.0 37.0 
81.0 30.0 
63.0 37.0 
63.0 37.0 
63.0 37.0 
81.0 30.0 
81.0 30.0 
63.0 37.0 
63.0 37.0 
81.0 30.0 
63.0 37.0 
81.0 30.0 
63.0 37.0 
63.0 37.0 
63.0 37.0 
81.0 30.0 
63.0 37.0 
68.0 33.0 
63.0 37.0 
63.0 37.0 
63.0 37.0 
63.0 37.0 
63.0 37.0 
63.0 37.0 
63.0 37.0 
81.0 30.0 
81.0 30.0 
68.0 33.0 
63.0 37.0 
81.0 30.0 
63.0 37.0 
81.0 30.0 
63.0 37.0 
63.0 37.0 
81.0 30.0 
81.0 30.0 
63.0 37.0 
81.0 30.0 
63.0 37.0 
63.0 37.0 
81.0 30.0 
63.0 37.0 
63.0 37.0 
68.0 33.0 
63.0 37.0 
63.0 37.0 
63.0 37.0 
81.0 30.0 
63.0 38.0 
63.0 38.0 
82.0 31.0 
82.0 31.0 
69.0 34.0 
69.0 34.0 
69.0 34.0 
69.0 34.0 
69.0 34.0 
69.0 34.0 
69.0 34.0 
69.0 34.0 
69.0 34.0 
69.0 34.0 
69.0 34.0 
69.0 34.0 
69.0 34.0 
69.0 34.0 
69.0 34.0 
69.0 34.0 
69.0 34.0 
69.0 34.0 
69.0 34.0 
69.0 34.0 
69.0 34.0 
69.0 34.0 
69.0 34.0 
