1698.0 270.0 
729.0 331.0 
1698.0 270.0 
946.0 303.0 
787.0 327.0 
982.0 301.0 
610.0 338.0 
1756.0 263.0 
1173.0 272.0 
787.0 327.0 
1145.0 292.0 
1851.0 261.0 
1875.0 246.0 
1752.0 268.0 
596.0 370.0 
1018.0 296.0 
813.0 310.0 
587.0 375.0 
784.0 329.0 
740.0 336.0 
764.0 332.0 
634.0 348.0 
707.0 341.0 
623.0 352.0 
663.0 345.0 
1567.0 273.0 
1186.0 282.0 
1465.0 274.0 
1451.0 280.0 
1179.0 292.0 
1864.0 264.0 
1893.0 248.0 
1854.0 272.0 
615.0 370.0 
1022.0 297.0 
863.0 310.0 
828.0 318.0 
845.0 311.0 
595.0 377.0 
816.0 340.0 
816.0 340.0 
643.0 351.0 
643.0 351.0 
744.0 344.0 
745.0 342.0 
628.0 364.0 
632.0 362.0 
721.0 345.0 
696.0 346.0 
1843.0 273.0 
1441.0 289.0 
1441.0 289.0 
1212.0 291.0 
1572.0 274.0 
1572.0 274.0 
1568.0 288.0 
1568.0 288.0 
1893.0 271.0 
1920.0 267.0 
1941.0 249.0 
1074.0 304.0 
1074.0 304.0 
1176.0 300.0 
1004.0 314.0 
1003.0 322.0 
871.0 328.0 
871.0 328.0 
847.0 333.0 
1042.0 311.0 
913.0 326.0 
854.0 329.0 
609.0 377.0 
840.0 341.0 
644.0 351.0 
787.0 342.0 
631.0 368.0 
638.0 365.0 
696.0 349.0 
1561.0 290.0 
1232.0 291.0 
1587.0 275.0 
2008.0 249.0 
1133.0 304.0 
1190.0 303.0 
850.0 340.0 
850.0 340.0 
1069.0 318.0 
930.0 332.0 
955.0 331.0 
925.0 335.0 
904.0 336.0 
627.0 378.0 
626.0 403.0 
2067.0 267.0 
2067.0 267.0 
627.0 404.0 
1648.0 292.0 
1347.0 295.0 
1768.0 275.0 
2033.0 272.0 
