3565.0 678.0 
2524.0 771.0 
2757.0 690.0 
2466.0 816.0 
2619.0 758.0 
2651.0 715.0 
2466.0 816.0 
2629.0 751.0 
3157.0 688.0 
3571.0 686.0 
3621.0 682.0 
2616.0 772.0 
2616.0 772.0 
2541.0 775.0 
2527.0 794.0 
2812.0 701.0 
3023.0 692.0 
2941.0 700.0 
3023.0 692.0 
3023.0 692.0 
2627.0 769.0 
2733.0 719.0 
2733.0 719.0 
2793.0 716.0 
2669.0 740.0 
2756.0 718.0 
2504.0 851.0 
2526.0 818.0 
2525.0 830.0 
2644.0 751.0 
3276.0 691.0 
2625.0 772.0 
2582.0 789.0 
2600.0 777.0 
2582.0 789.0 
2541.0 797.0 
2841.0 703.0 
2866.0 701.0 
2832.0 712.0 
3071.0 693.0 
2738.0 725.0 
2749.0 723.0 
2721.0 742.0 
2696.0 743.0 
2521.0 858.0 
2524.0 852.0 
2538.0 849.0 
2660.0 759.0 
2660.0 759.0 
2661.0 755.0 
3356.0 691.0 
2605.0 780.0 
2615.0 777.0 
2592.0 792.0 
2552.0 839.0 
2589.0 826.0 
2950.0 712.0 
2845.0 718.0 
3074.0 698.0 
2740.0 725.0 
2740.0 725.0 
2704.0 748.0 
2696.0 753.0 
2521.0 896.0 
2535.0 856.0 
2679.0 755.0 
2678.0 758.0 
2663.0 762.0 
2678.0 758.0 
3659.0 691.0 
3358.0 694.0 
2611.0 780.0 
2598.0 824.0 
2605.0 806.0 
2609.0 793.0 
2605.0 806.0 
2562.0 849.0 
2567.0 841.0 
2597.0 831.0 
2963.0 714.0 
2900.0 718.0 
2880.0 720.0 
3111.0 701.0 
2835.0 725.0 
2742.0 726.0 
2711.0 750.0 
2523.0 905.0 
2539.0 868.0 
2541.0 856.0 
2675.0 764.0 
3364.0 694.0 
2538.0 927.0 
3675.0 694.0 
3401.0 697.0 
3176.0 705.0 
2544.0 856.0 
3048.0 717.0 
3663.0 696.0 
2608.0 816.0 
2895.0 720.0 
