1874.0 510.0 
1972.0 487.0 
1874.0 510.0 
1825.0 561.0 
1899.0 501.0 
1789.0 569.0 
1899.0 501.0 
1898.0 502.0 
1972.0 487.0 
1981.0 484.0 
2014.0 482.0 
1833.0 516.0 
1976.0 486.0 
1782.0 574.0 
1817.0 563.0 
1831.0 525.0 
1910.0 490.0 
1829.0 558.0 
1899.0 501.0 
1808.0 565.0 
2014.0 482.0 
1901.0 498.0 
1825.0 561.0 
1878.0 504.0 
1789.0 569.0 
1898.0 502.0 
1884.0 503.0 
1934.0 488.0 
1782.0 574.0 
1875.0 514.0 
1875.0 514.0 
1876.0 513.0 
1975.0 487.0 
1981.0 485.0 
1981.0 485.0 
1981.0 485.0 
1981.0 485.0 
1986.0 484.0 
1835.0 522.0 
1835.0 522.0 
1835.0 522.0 
1843.0 517.0 
1835.0 522.0 
1835.0 522.0 
1817.0 564.0 
1916.0 497.0 
1926.0 494.0 
1813.0 566.0 
1914.0 500.0 
1914.0 500.0 
1914.0 500.0 
1910.0 501.0 
1914.0 500.0 
1883.0 505.0 
1883.0 505.0 
1881.0 507.0 
1878.0 511.0 
1881.0 507.0 
1878.0 511.0 
1795.0 569.0 
1795.0 569.0 
1795.0 569.0 
1795.0 569.0 
1795.0 569.0 
1791.0 570.0 
1795.0 569.0 
1889.0 504.0 
1898.0 503.0 
1936.0 488.0 
2002.0 484.0 
2002.0 484.0 
1795.0 573.0 
1795.0 573.0 
1836.0 527.0 
1825.0 564.0 
1936.0 489.0 
1981.0 487.0 
1875.0 515.0 
1851.0 517.0 
1933.0 496.0 
1815.0 567.0 
1798.0 569.0 
1911.0 502.0 
1985.0 485.0 
1891.0 504.0 
1839.0 523.0 
1916.0 498.0 
1881.0 508.0 
1850.0 520.0 
1817.0 565.0 
1919.0 497.0 
1886.0 505.0 
1902.0 503.0 
1883.0 507.0 
1902.0 503.0 
1875.0 515.0 
1839.0 523.0 
1982.0 486.0 
1881.0 508.0 
1850.0 520.0 
