1867.0 474.0 
1774.0 530.0 
1707.0 545.0 
1824.0 488.0 
1774.0 530.0 
1776.0 529.0 
1834.0 479.0 
1734.0 533.0 
1707.0 545.0 
1943.0 462.0 
1774.0 530.0 
1781.0 510.0 
1897.0 465.0 
1776.0 529.0 
1867.0 474.0 
1881.0 467.0 
1791.0 490.0 
1774.0 530.0 
1854.0 479.0 
1847.0 487.0 
1854.0 479.0 
1849.0 483.0 
1842.0 488.0 
1854.0 479.0 
1850.0 481.0 
1750.0 536.0 
1760.0 534.0 
1707.0 551.0 
1707.0 551.0 
1707.0 551.0 
1707.0 551.0 
1707.0 551.0 
1707.0 551.0 
1707.0 551.0 
1707.0 551.0 
1707.0 551.0 
1707.0 551.0 
1721.0 548.0 
1709.0 549.0 
1707.0 551.0 
1959.0 462.0 
1784.0 510.0 
1784.0 510.0 
1947.0 465.0 
1947.0 465.0 
1947.0 465.0 
1947.0 465.0 
1947.0 465.0 
1947.0 465.0 
1935.0 466.0 
1874.0 475.0 
1914.0 467.0 
1892.0 474.0 
1892.0 474.0 
1914.0 467.0 
1897.0 470.0 
1892.0 474.0 
1791.0 493.0 
1791.0 493.0 
1831.0 492.0 
1833.0 491.0 
1841.0 490.0 
1709.0 550.0 
1963.0 463.0 
1963.0 463.0 
1800.0 521.0 
1756.0 536.0 
1804.0 500.0 
1820.0 494.0 
1750.0 537.0 
1710.0 549.0 
1750.0 537.0 
1900.0 472.0 
1710.0 549.0 
1937.0 466.0 
1866.0 479.0 
1806.0 497.0 
1841.0 492.0 
1882.0 475.0 
1863.0 480.0 
1923.0 469.0 
1882.0 475.0 
1859.0 486.0 
1906.0 470.0 
1937.0 466.0 
1852.0 487.0 
1923.0 469.0 
1845.0 488.0 
1804.0 500.0 
1842.0 491.0 
1906.0 470.0 
1859.0 486.0 
1845.0 488.0 
1842.0 491.0 
1750.0 537.0 
1750.0 537.0 
1710.0 549.0 
1937.0 466.0 
1937.0 466.0 
1804.0 500.0 
