111.0 115.0 
166.0 81.0 
192.0 50.0 
119.0 111.0 
146.0 88.0 
179.0 77.0 
126.0 90.0 
117.0 115.0 
117.0 115.0 
170.0 85.0 
223.0 53.0 
132.0 111.0 
132.0 111.0 
145.0 92.0 
135.0 100.0 
122.0 129.0 
123.0 117.0 
125.0 115.0 
119.0 143.0 
207.0 86.0 
202.0 87.0 
240.0 82.0 
246.0 71.0 
148.0 94.0 
187.0 93.0 
187.0 93.0 
139.0 110.0 
126.0 115.0 
214.0 86.0 
266.0 77.0 
260.0 80.0 
186.0 97.0 
155.0 108.0 
163.0 100.0 
188.0 96.0 
127.0 115.0 
232.0 87.0 
228.0 95.0 
298.0 84.0 
155.0 113.0 
162.0 108.0 
161.0 110.0 
166.0 100.0 
189.0 96.0 
129.0 115.0 
128.0 166.0 
266.0 87.0 
239.0 88.0 
167.0 107.0 
177.0 105.0 
182.0 104.0 
196.0 97.0 
132.0 117.0 
279.0 87.0 
244.0 96.0 
244.0 96.0 
251.0 92.0 
170.0 112.0 
171.0 109.0 
170.0 112.0 
194.0 104.0 
185.0 108.0 
210.0 97.0 
197.0 99.0 
198.0 98.0 
134.0 136.0 
139.0 132.0 
141.0 117.0 
132.0 181.0 
302.0 89.0 
255.0 92.0 
181.0 109.0 
172.0 113.0 
190.0 108.0 
224.0 103.0 
211.0 107.0 
233.0 101.0 
219.0 104.0 
138.0 152.0 
166.0 123.0 
160.0 125.0 
151.0 126.0 
145.0 139.0 
278.0 92.0 
255.0 97.0 
182.0 112.0 
177.0 113.0 
173.0 118.0 
190.0 109.0 
196.0 108.0 
233.0 102.0 
223.0 107.0 
227.0 104.0 
138.0 166.0 
291.0 97.0 
291.0 97.0 
151.0 127.0 
143.0 153.0 
263.0 99.0 
149.0 139.0 
