323.0 200.0 
704.0 153.0 
704.0 153.0 
302.0 213.0 
1525.0 117.0 
704.0 153.0 
308.0 201.0 
822.0 142.0 
704.0 153.0 
308.0 201.0 
302.0 213.0 
308.0 201.0 
302.0 213.0 
1230.0 126.0 
718.0 152.0 
584.0 158.0 
302.0 213.0 
565.0 163.0 
302.0 213.0 
420.0 175.0 
1525.0 117.0 
614.0 156.0 
584.0 158.0 
677.0 155.0 
381.0 177.0 
822.0 142.0 
1012.0 132.0 
361.0 190.0 
289.0 234.0 
420.0 175.0 
1525.0 117.0 
385.0 176.0 
1525.0 117.0 
1257.0 124.0 
451.0 164.0 
822.0 142.0 
337.0 191.0 
361.0 190.0 
704.0 153.0 
1144.0 128.0 
729.0 147.0 
985.0 134.0 
328.0 192.0 
1762.0 108.0 
308.0 201.0 
385.0 176.0 
693.0 154.0 
1282.0 123.0 
369.0 187.0 
868.0 135.0 
801.0 145.0 
1469.0 118.0 
451.0 164.0 
565.0 163.0 
1033.0 131.0 
440.0 165.0 
985.0 134.0 
1762.0 108.0 
1230.0 126.0 
328.0 192.0 
822.0 142.0 
677.0 155.0 
721.0 149.0 
1607.0 112.0 
288.0 235.0 
451.0 164.0 
1655.0 109.0 
290.0 214.0 
855.0 141.0 
1329.0 120.0 
420.0 175.0 
1767.0 108.0 
290.0 233.0 
1608.0 114.0 
300.0 214.0 
566.0 163.0 
1283.0 123.0 
1171.0 128.0 
387.0 177.0 
370.0 188.0 
1443.0 121.0 
985.0 135.0 
1144.0 129.0 
855.0 143.0 
298.0 227.0 
619.0 156.0 
700.0 155.0 
1655.0 110.0 
422.0 175.0 
455.0 165.0 
309.0 201.0 
586.0 159.0 
879.0 136.0 
1038.0 131.0 
330.0 197.0 
1281.0 124.0 
1764.0 109.0 
1500.0 119.0 
809.0 145.0 
1500.0 119.0 
