179.0 83.0 
187.0 111.0 
182.0 117.0 
212.0 96.0 
217.0 93.0 
206.0 113.0 
193.0 122.0 
185.0 134.0 
247.0 98.0 
230.0 104.0 
209.0 121.0 
223.0 115.0 
199.0 128.0 
188.0 153.0 
241.0 105.0 
240.0 111.0 
210.0 122.0 
236.0 115.0 
205.0 132.0 
199.0 141.0 
192.0 154.0 
191.0 192.0 
253.0 108.0 
277.0 106.0 
253.0 108.0 
249.0 114.0 
217.0 122.0 
210.0 124.0 
238.0 118.0 
201.0 155.0 
257.0 114.0 
210.0 140.0 
231.0 132.0 
247.0 121.0 
242.0 129.0 
244.0 126.0 
259.0 114.0 
210.0 170.0 
210.0 170.0 
213.0 140.0 
231.0 137.0 
232.0 133.0 
249.0 122.0 
279.0 115.0 
275.0 118.0 
214.0 158.0 
220.0 140.0 
214.0 158.0 
236.0 138.0 
250.0 134.0 
271.0 122.0 
264.0 126.0 
262.0 129.0 
262.0 129.0 
301.0 117.0 
301.0 117.0 
229.0 153.0 
229.0 153.0 
230.0 148.0 
224.0 161.0 
216.0 164.0 
251.0 135.0 
290.0 123.0 
263.0 131.0 
285.0 129.0 
276.0 130.0 
262.0 133.0 
387.0 121.0 
310.0 122.0 
240.0 149.0 
237.0 156.0 
244.0 148.0 
219.0 173.0 
225.0 172.0 
218.0 175.0 
229.0 164.0 
226.0 167.0 
253.0 142.0 
292.0 130.0 
284.0 132.0 
263.0 133.0 
263.0 133.0 
444.0 128.0 
316.0 129.0 
240.0 150.0 
237.0 161.0 
238.0 157.0 
224.0 173.0 
221.0 184.0 
223.0 179.0 
227.0 172.0 
229.0 171.0 
254.0 144.0 
258.0 142.0 
268.0 134.0 
389.0 130.0 
371.0 132.0 
229.0 178.0 
323.0 135.0 
269.0 137.0 
