21.0 20.0 
32.0 13.0 
33.0 11.0 
27.0 14.0 
21.0 20.0 
25.0 17.0 
21.0 20.0 
33.0 11.0 
21.0 20.0 
22.0 18.0 
27.0 14.0 
33.0 11.0 
26.0 17.0 
21.0 21.0 
24.0 18.0 
22.0 19.0 
24.0 18.0 
28.0 16.0 
28.0 16.0 
28.0 16.0 
30.0 14.0 
28.0 16.0 
54.0 13.0 
62.0 11.0 
57.0 12.0 
21.0 25.0 
22.0 20.0 
25.0 18.0 
32.0 14.0 
28.0 17.0 
61.0 13.0 
21.0 28.0 
21.0 28.0 
21.0 28.0 
23.0 20.0 
22.0 22.0 
23.0 20.0 
23.0 20.0 
25.0 19.0 
27.0 18.0 
32.0 15.0 
55.0 14.0 
32.0 15.0 
62.0 13.0 
62.0 13.0 
21.0 29.0 
21.0 29.0 
21.0 29.0 
21.0 29.0 
21.0 29.0 
21.0 29.0 
21.0 29.0 
21.0 29.0 
21.0 29.0 
22.0 26.0 
23.0 21.0 
23.0 21.0 
26.0 19.0 
26.0 19.0 
26.0 19.0 
25.0 20.0 
25.0 20.0 
25.0 20.0 
25.0 20.0 
25.0 20.0 
26.0 19.0 
28.0 18.0 
28.0 18.0 
28.0 18.0 
32.0 16.0 
35.0 15.0 
35.0 15.0 
63.0 13.0 
21.0 30.0 
22.0 28.0 
22.0 28.0 
23.0 22.0 
24.0 21.0 
23.0 22.0 
27.0 19.0 
27.0 19.0 
27.0 19.0 
30.0 18.0 
33.0 17.0 
33.0 17.0 
33.0 17.0 
47.0 15.0 
41.0 16.0 
67.0 13.0 
63.0 14.0 
21.0 31.0 
21.0 31.0 
80.0 13.0 
52.0 15.0 
66.0 14.0 
23.0 23.0 
22.0 29.0 
35.0 17.0 
28.0 20.0 
32.0 18.0 
