133.0 115.0 
184.0 107.0 
187.0 85.0 
148.0 108.0 
141.0 116.0 
208.0 104.0 
205.0 112.0 
147.0 140.0 
188.0 117.0 
147.0 140.0 
146.0 145.0 
168.0 124.0 
173.0 123.0 
151.0 125.0 
287.0 105.0 
210.0 112.0 
191.0 120.0 
154.0 153.0 
186.0 125.0 
163.0 140.0 
322.0 106.0 
322.0 106.0 
292.0 113.0 
281.0 117.0 
207.0 122.0 
162.0 179.0 
194.0 126.0 
193.0 133.0 
204.0 125.0 
178.0 152.0 
186.0 140.0 
183.0 141.0 
308.0 114.0 
199.0 138.0 
230.0 127.0 
212.0 135.0 
219.0 128.0 
244.0 125.0 
180.0 156.0 
178.0 157.0 
197.0 146.0 
319.0 116.0 
208.0 139.0 
238.0 128.0 
220.0 132.0 
246.0 127.0 
190.0 162.0 
178.0 176.0 
200.0 147.0 
197.0 150.0 
211.0 139.0 
231.0 133.0 
267.0 129.0 
267.0 129.0 
258.0 130.0 
195.0 199.0 
200.0 157.0 
219.0 143.0 
213.0 148.0 
240.0 133.0 
234.0 136.0 
278.0 131.0 
207.0 159.0 
204.0 165.0 
224.0 144.0 
215.0 150.0 
246.0 133.0 
236.0 137.0 
234.0 142.0 
281.0 131.0 
212.0 161.0 
204.0 168.0 
229.0 147.0 
231.0 144.0 
217.0 154.0 
226.0 150.0 
217.0 154.0 
254.0 134.0 
244.0 143.0 
294.0 133.0 
208.0 190.0 
210.0 185.0 
207.0 199.0 
238.0 146.0 
238.0 146.0 
235.0 149.0 
227.0 159.0 
228.0 154.0 
228.0 154.0 
223.0 170.0 
221.0 184.0 
255.0 135.0 
366.0 133.0 
211.0 188.0 
217.0 187.0 
323.0 135.0 
211.0 190.0 
263.0 136.0 
229.0 171.0 
230.0 155.0 
