29.0 11.0 
28.0 12.0 
34.0 6.0 
33.0 11.0 
34.0 8.0 
36.0 7.0 
46.0 6.0 
33.0 14.0 
33.0 14.0 
35.0 8.0 
35.0 8.0 
34.0 9.0 
40.0 7.0 
35.0 10.0 
37.0 9.0 
35.0 10.0 
37.0 9.0 
50.0 8.0 
35.0 11.0 
35.0 11.0 
38.0 9.0 
55.0 8.0 
36.0 12.0 
36.0 12.0 
36.0 12.0 
36.0 12.0 
35.0 15.0 
36.0 12.0 
35.0 15.0 
36.0 12.0 
36.0 12.0 
36.0 12.0 
36.0 12.0 
40.0 10.0 
40.0 10.0 
40.0 10.0 
42.0 9.0 
36.0 17.0 
37.0 13.0 
36.0 17.0 
40.0 11.0 
42.0 10.0 
46.0 9.0 
38.0 13.0 
37.0 14.0 
38.0 13.0 
41.0 12.0 
44.0 11.0 
47.0 9.0 
37.0 15.0 
38.0 14.0 
38.0 14.0 
43.0 12.0 
46.0 11.0 
51.0 9.0 
51.0 9.0 
48.0 10.0 
48.0 10.0 
51.0 9.0 
48.0 10.0 
51.0 9.0 
48.0 10.0 
48.0 10.0 
37.0 19.0 
38.0 15.0 
39.0 14.0 
39.0 14.0 
43.0 13.0 
45.0 12.0 
43.0 13.0 
45.0 12.0 
53.0 9.0 
50.0 10.0 
40.0 15.0 
44.0 13.0 
48.0 12.0 
48.0 12.0 
48.0 12.0 
48.0 12.0 
48.0 12.0 
54.0 9.0 
54.0 9.0 
50.0 11.0 
40.0 16.0 
41.0 15.0 
45.0 14.0 
45.0 14.0 
46.0 13.0 
56.0 9.0 
56.0 9.0 
56.0 9.0 
54.0 10.0 
51.0 11.0 
40.0 21.0 
60.0 9.0 
56.0 10.0 
42.0 16.0 
41.0 19.0 
52.0 11.0 
51.0 12.0 
