234.0 98.0 
211.0 105.0 
233.0 100.0 
211.0 105.0 
207.0 109.0 
274.0 99.0 
236.0 104.0 
256.0 102.0 
212.0 105.0 
212.0 105.0 
277.0 99.0 
260.0 104.0 
272.0 103.0 
221.0 112.0 
258.0 105.0 
227.0 106.0 
278.0 102.0 
226.0 115.0 
222.0 118.0 
271.0 105.0 
266.0 106.0 
244.0 107.0 
230.0 109.0 
283.0 103.0 
222.0 123.0 
226.0 122.0 
277.0 105.0 
247.0 108.0 
265.0 107.0 
237.0 111.0 
241.0 109.0 
235.0 116.0 
230.0 119.0 
236.0 114.0 
284.0 103.0 
225.0 126.0 
224.0 150.0 
224.0 150.0 
282.0 106.0 
260.0 108.0 
242.0 110.0 
231.0 120.0 
240.0 114.0 
239.0 116.0 
294.0 103.0 
285.0 104.0 
229.0 135.0 
226.0 150.0 
284.0 106.0 
262.0 109.0 
258.0 110.0 
248.0 113.0 
234.0 128.0 
236.0 120.0 
241.0 116.0 
294.0 104.0 
294.0 104.0 
232.0 145.0 
287.0 106.0 
275.0 109.0 
261.0 111.0 
263.0 110.0 
263.0 110.0 
251.0 113.0 
234.0 138.0 
236.0 129.0 
238.0 121.0 
237.0 126.0 
243.0 116.0 
299.0 105.0 
299.0 105.0 
363.0 104.0 
293.0 106.0 
293.0 106.0 
289.0 107.0 
262.0 112.0 
279.0 110.0 
264.0 111.0 
279.0 110.0 
264.0 111.0 
264.0 111.0 
279.0 110.0 
257.0 113.0 
255.0 114.0 
255.0 114.0 
236.0 132.0 
240.0 121.0 
238.0 126.0 
250.0 116.0 
249.0 119.0 
383.0 106.0 
239.0 133.0 
239.0 133.0 
299.0 107.0 
242.0 128.0 
244.0 121.0 
265.0 112.0 
275.0 111.0 
256.0 115.0 
289.0 109.0 
