164.0 99.0 
138.0 126.0 
164.0 99.0 
139.0 110.0 
187.0 89.0 
194.0 76.0 
169.0 100.0 
182.0 99.0 
149.0 119.0 
146.0 173.0 
194.0 98.0 
196.0 93.0 
303.0 80.0 
175.0 114.0 
175.0 114.0 
181.0 100.0 
176.0 109.0 
189.0 99.0 
160.0 123.0 
169.0 122.0 
151.0 128.0 
150.0 150.0 
208.0 93.0 
200.0 95.0 
309.0 88.0 
188.0 102.0 
182.0 105.0 
178.0 119.0 
179.0 118.0 
199.0 99.0 
152.0 129.0 
150.0 203.0 
151.0 179.0 
218.0 94.0 
200.0 98.0 
216.0 97.0 
193.0 102.0 
186.0 109.0 
192.0 108.0 
179.0 121.0 
179.0 121.0 
153.0 158.0 
162.0 145.0 
176.0 131.0 
156.0 146.0 
322.0 94.0 
211.0 100.0 
218.0 97.0 
205.0 102.0 
197.0 107.0 
186.0 111.0 
153.0 173.0 
177.0 131.0 
164.0 148.0 
160.0 151.0 
344.0 94.0 
220.0 99.0 
210.0 103.0 
219.0 102.0 
201.0 110.0 
192.0 113.0 
187.0 118.0 
154.0 176.0 
153.0 183.0 
159.0 174.0 
178.0 135.0 
185.0 132.0 
173.0 152.0 
171.0 158.0 
165.0 159.0 
348.0 95.0 
223.0 101.0 
235.0 100.0 
242.0 99.0 
211.0 103.0 
211.0 103.0 
194.0 113.0 
190.0 131.0 
192.0 120.0 
158.0 177.0 
155.0 194.0 
178.0 146.0 
173.0 157.0 
174.0 156.0 
168.0 161.0 
165.0 168.0 
351.0 97.0 
337.0 102.0 
158.0 186.0 
158.0 186.0 
388.0 100.0 
311.0 103.0 
211.0 105.0 
190.0 145.0 
202.0 115.0 
174.0 160.0 
192.0 124.0 
172.0 171.0 
178.0 150.0 
162.0 177.0 
