1496.0 118.0 
359.0 189.0 
1148.0 133.0 
1230.0 129.0 
1331.0 125.0 
1550.0 116.0 
557.0 169.0 
1056.0 135.0 
1116.0 134.0 
496.0 174.0 
1018.0 136.0 
835.0 147.0 
1550.0 116.0 
1230.0 129.0 
797.0 151.0 
577.0 163.0 
1253.0 127.0 
1236.0 128.0 
1496.0 118.0 
344.0 190.0 
1550.0 116.0 
1148.0 133.0 
1476.0 120.0 
509.0 171.0 
1720.0 110.0 
341.0 192.0 
617.0 161.0 
317.0 202.0 
1116.0 134.0 
1550.0 116.0 
392.0 180.0 
1434.0 121.0 
1713.0 111.0 
359.0 189.0 
1230.0 129.0 
1317.0 126.0 
797.0 151.0 
974.0 138.0 
389.0 186.0 
398.0 176.0 
617.0 161.0 
1018.0 136.0 
500.0 173.0 
774.0 153.0 
424.0 175.0 
1720.0 110.0 
1317.0 126.0 
941.0 143.0 
838.0 145.0 
642.0 160.0 
674.0 156.0 
791.0 152.0 
1207.0 132.0 
1545.0 117.0 
328.0 194.0 
312.0 222.0 
390.0 185.0 
1720.0 111.0 
315.0 227.0 
315.0 227.0 
318.0 223.0 
1671.0 116.0 
321.0 202.0 
683.0 156.0 
1501.0 118.0 
399.0 176.0 
627.0 162.0 
349.0 190.0 
1430.0 125.0 
780.0 155.0 
839.0 146.0 
1082.0 135.0 
501.0 175.0 
802.0 152.0 
1047.0 136.0 
527.0 171.0 
1003.0 139.0 
947.0 144.0 
1261.0 129.0 
1222.0 132.0 
393.0 185.0 
1332.0 126.0 
1718.0 112.0 
1314.0 127.0 
390.0 186.0 
985.0 141.0 
1154.0 134.0 
604.0 164.0 
579.0 166.0 
341.0 195.0 
1159.0 133.0 
1442.0 123.0 
835.0 149.0 
1468.0 121.0 
336.0 198.0 
570.0 169.0 
1236.0 130.0 
504.0 174.0 
949.0 143.0 
1488.0 120.0 
