2496.0 552.0 
2073.0 670.0 
2219.0 610.0 
2105.0 642.0 
2231.0 609.0 
2384.0 570.0 
2316.0 602.0 
2073.0 670.0 
2152.0 614.0 
2463.0 562.0 
2137.0 625.0 
2274.0 604.0 
2384.0 570.0 
2526.0 557.0 
2120.0 646.0 
2119.0 668.0 
2249.0 611.0 
2075.0 688.0 
2117.0 670.0 
2075.0 688.0 
2077.0 674.0 
2198.0 618.0 
2191.0 622.0 
2496.0 562.0 
2164.0 629.0 
2149.0 637.0 
2279.0 606.0 
2307.0 605.0 
2396.0 589.0 
2387.0 593.0 
2414.0 580.0 
2123.0 662.0 
2252.0 617.0 
2116.0 691.0 
2080.0 751.0 
2080.0 751.0 
2093.0 741.0 
2097.0 733.0 
2116.0 691.0 
2119.0 680.0 
2120.0 678.0 
2080.0 751.0 
2098.0 695.0 
2080.0 751.0 
2096.0 739.0 
2229.0 619.0 
2246.0 618.0 
2212.0 624.0 
2199.0 628.0 
2576.0 569.0 
2521.0 570.0 
2604.0 563.0 
2187.0 635.0 
2157.0 648.0 
2157.0 648.0 
2172.0 638.0 
2281.0 607.0 
2401.0 601.0 
2438.0 583.0 
2438.0 583.0 
2472.0 580.0 
2128.0 668.0 
2128.0 668.0 
2128.0 668.0 
2128.0 668.0 
2124.0 688.0 
2124.0 688.0 
2104.0 703.0 
2103.0 719.0 
2118.0 701.0 
2095.0 772.0 
2265.0 618.0 
2255.0 620.0 
2252.0 625.0 
2252.0 625.0 
2241.0 626.0 
2226.0 631.0 
2521.0 571.0 
2633.0 568.0 
2837.0 563.0 
2201.0 636.0 
2166.0 648.0 
2166.0 648.0 
2173.0 641.0 
2287.0 616.0 
2288.0 613.0 
2287.0 616.0 
2331.0 608.0 
2406.0 603.0 
2479.0 584.0 
2108.0 747.0 
2842.0 565.0 
2547.0 571.0 
2739.0 570.0 
2331.0 610.0 
2121.0 705.0 
2496.0 597.0 
2142.0 672.0 
2168.0 648.0 
2258.0 623.0 
