1795.0 461.0 
1795.0 461.0 
1813.0 444.0 
1795.0 461.0 
1667.0 539.0 
1667.0 539.0 
1795.0 461.0 
1686.0 531.0 
1687.0 529.0 
1732.0 474.0 
1774.0 462.0 
1682.0 532.0 
1726.0 482.0 
1657.0 545.0 
1846.0 428.0 
1804.0 445.0 
1795.0 461.0 
1707.0 486.0 
1688.0 520.0 
1751.0 473.0 
1773.0 463.0 
1667.0 539.0 
1826.0 444.0 
1737.0 476.0 
1737.0 476.0 
1737.0 476.0 
1733.0 479.0 
1785.0 462.0 
1859.0 440.0 
1865.0 433.0 
1865.0 433.0 
1863.0 436.0 
1859.0 440.0 
1887.0 432.0 
1859.0 440.0 
1865.0 433.0 
1887.0 432.0 
1865.0 433.0 
1814.0 448.0 
1715.0 513.0 
1715.0 513.0 
1715.0 513.0 
1715.0 513.0 
1715.0 513.0 
1718.0 488.0 
1715.0 513.0 
1718.0 488.0 
1707.0 518.0 
1715.0 513.0 
1718.0 488.0 
1692.0 525.0 
1690.0 531.0 
1696.0 523.0 
1667.0 540.0 
1667.0 540.0 
1826.0 445.0 
1752.0 476.0 
1734.0 486.0 
1734.0 486.0 
1734.0 486.0 
1741.0 479.0 
1741.0 479.0 
1738.0 480.0 
1789.0 466.0 
1789.0 466.0 
1785.0 473.0 
1795.0 462.0 
1864.0 440.0 
1866.0 433.0 
1814.0 453.0 
1820.0 448.0 
1817.0 451.0 
1820.0 448.0 
1708.0 521.0 
1717.0 519.0 
1717.0 519.0 
1721.0 489.0 
1721.0 489.0 
1718.0 515.0 
1718.0 515.0 
1718.0 515.0 
1718.0 515.0 
1718.0 515.0 
1718.0 515.0 
1692.0 534.0 
1705.0 525.0 
1707.0 524.0 
1667.0 542.0 
1899.0 433.0 
1899.0 433.0 
1672.0 596.0 
1673.0 573.0 
1790.0 469.0 
1692.0 538.0 
1866.0 437.0 
1831.0 445.0 
1739.0 485.0 
1722.0 490.0 
1721.0 512.0 
1692.0 538.0 
