14.0 12.0 
14.0 12.0 
21.0 8.0 
14.0 12.0 
14.0 12.0 
15.0 9.0 
21.0 8.0 
13.0 13.0 
22.0 7.0 
15.0 10.0 
18.0 9.0 
14.0 17.0 
14.0 17.0 
27.0 7.0 
27.0 7.0 
27.0 7.0 
27.0 7.0 
27.0 7.0 
22.0 8.0 
16.0 10.0 
15.0 11.0 
21.0 9.0 
14.0 19.0 
14.0 19.0 
27.0 8.0 
27.0 8.0 
27.0 8.0 
27.0 8.0 
27.0 8.0 
27.0 8.0 
19.0 10.0 
15.0 12.0 
16.0 11.0 
16.0 11.0 
22.0 9.0 
22.0 9.0 
28.0 8.0 
28.0 8.0 
28.0 8.0 
20.0 10.0 
15.0 13.0 
15.0 13.0 
19.0 11.0 
16.0 12.0 
16.0 12.0 
19.0 11.0 
19.0 11.0 
16.0 12.0 
25.0 9.0 
25.0 9.0 
29.0 8.0 
29.0 8.0 
21.0 10.0 
21.0 10.0 
15.0 14.0 
20.0 11.0 
20.0 11.0 
20.0 11.0 
16.0 13.0 
16.0 13.0 
16.0 13.0 
16.0 13.0 
17.0 12.0 
16.0 13.0 
16.0 13.0 
16.0 13.0 
16.0 13.0 
16.0 13.0 
27.0 9.0 
27.0 9.0 
27.0 9.0 
27.0 9.0 
27.0 9.0 
32.0 8.0 
32.0 8.0 
15.0 18.0 
15.0 18.0 
28.0 9.0 
28.0 9.0 
22.0 10.0 
18.0 12.0 
16.0 14.0 
21.0 11.0 
21.0 11.0 
16.0 14.0 
17.0 13.0 
17.0 13.0 
15.0 18.0 
15.0 18.0 
15.0 18.0 
15.0 18.0 
15.0 18.0 
15.0 18.0 
15.0 18.0 
21.0 11.0 
21.0 11.0 
16.0 14.0 
16.0 14.0 
16.0 14.0 
16.0 14.0 
