65.0 68.0 
141.0 45.0 
86.0 62.0 
141.0 45.0 
68.0 71.0 
78.0 70.0 
103.0 63.0 
92.0 68.0 
107.0 62.0 
150.0 54.0 
164.0 46.0 
72.0 74.0 
93.0 68.0 
109.0 64.0 
131.0 63.0 
152.0 57.0 
152.0 57.0 
189.0 54.0 
165.0 55.0 
95.0 69.0 
95.0 69.0 
143.0 65.0 
139.0 66.0 
135.0 67.0 
164.0 64.0 
165.0 62.0 
165.0 62.0 
169.0 57.0 
204.0 56.0 
102.0 69.0 
96.0 70.0 
95.0 74.0 
139.0 67.0 
167.0 62.0 
165.0 65.0 
171.0 57.0 
224.0 56.0 
138.0 69.0 
100.0 71.0 
96.0 78.0 
97.0 76.0 
146.0 67.0 
146.0 67.0 
168.0 64.0 
189.0 62.0 
191.0 57.0 
230.0 56.0 
230.0 56.0 
230.0 56.0 
110.0 75.0 
114.0 74.0 
117.0 73.0 
104.0 76.0 
104.0 76.0 
104.0 76.0 
102.0 79.0 
147.0 71.0 
158.0 67.0 
147.0 71.0 
168.0 66.0 
189.0 63.0 
191.0 59.0 
194.0 58.0 
222.0 57.0 
240.0 56.0 
127.0 74.0 
120.0 76.0 
104.0 77.0 
164.0 70.0 
153.0 71.0 
149.0 72.0 
173.0 68.0 
173.0 68.0 
177.0 66.0 
189.0 64.0 
193.0 61.0 
202.0 59.0 
232.0 57.0 
253.0 56.0 
108.0 77.0 
108.0 77.0 
104.0 92.0 
169.0 70.0 
169.0 70.0 
169.0 70.0 
156.0 73.0 
154.0 74.0 
176.0 68.0 
177.0 67.0 
193.0 66.0 
194.0 61.0 
213.0 59.0 
260.0 57.0 
260.0 57.0 
110.0 83.0 
233.0 59.0 
111.0 77.0 
194.0 63.0 
177.0 68.0 
154.0 75.0 
