47.0 52.0 
125.0 24.0 
47.0 52.0 
125.0 24.0 
122.0 26.0 
112.0 28.0 
66.0 42.0 
60.0 43.0 
116.0 27.0 
106.0 29.0 
116.0 27.0 
104.0 30.0 
100.0 31.0 
77.0 39.0 
96.0 32.0 
73.0 40.0 
92.0 33.0 
92.0 33.0 
112.0 28.0 
88.0 34.0 
96.0 32.0 
100.0 31.0 
69.0 41.0 
73.0 40.0 
69.0 41.0 
88.0 34.0 
85.0 35.0 
66.0 42.0 
106.0 29.0 
85.0 35.0 
59.0 44.0 
51.0 49.0 
81.0 37.0 
79.0 38.0 
124.0 25.0 
83.0 36.0 
53.0 48.0 
57.0 45.0 
55.0 46.0 
49.0 50.0 
77.0 39.0 
51.0 49.0 
79.0 38.0 
81.0 37.0 
122.0 26.0 
57.0 45.0 
83.0 36.0 
104.0 30.0 
60.0 43.0 
55.0 46.0 
49.0 50.0 
54.0 47.0 
48.0 51.0 
48.0 51.0 
54.0 47.0 
59.0 44.0 
53.0 48.0 
124.0 25.0 
47.0 52.0 
125.0 24.0 
116.0 27.0 
73.0 40.0 
92.0 33.0 
100.0 31.0 
112.0 28.0 
96.0 32.0 
88.0 34.0 
69.0 41.0 
66.0 42.0 
106.0 29.0 
85.0 35.0 
51.0 49.0 
122.0 26.0 
104.0 30.0 
57.0 45.0 
77.0 39.0 
81.0 37.0 
79.0 38.0 
83.0 36.0 
60.0 43.0 
55.0 46.0 
49.0 50.0 
53.0 48.0 
54.0 47.0 
48.0 51.0 
124.0 25.0 
59.0 44.0 
125.0 24.0 
47.0 52.0 
116.0 27.0 
73.0 40.0 
100.0 31.0 
96.0 32.0 
112.0 28.0 
92.0 33.0 
69.0 41.0 
88.0 34.0 
66.0 42.0 
106.0 29.0 
85.0 35.0 
