96.0 49.0 
78.0 55.0 
103.0 55.0 
79.0 61.0 
90.0 57.0 
81.0 58.0 
80.0 59.0 
79.0 62.0 
111.0 57.0 
103.0 60.0 
87.0 62.0 
81.0 65.0 
87.0 62.0 
115.0 59.0 
83.0 65.0 
88.0 63.0 
117.0 62.0 
117.0 62.0 
117.0 62.0 
86.0 73.0 
98.0 65.0 
102.0 64.0 
93.0 67.0 
90.0 75.0 
98.0 66.0 
105.0 65.0 
90.0 80.0 
94.0 78.0 
97.0 76.0 
100.0 67.0 
100.0 67.0 
100.0 67.0 
98.0 68.0 
100.0 67.0 
100.0 67.0 
119.0 66.0 
97.0 80.0 
99.0 75.0 
105.0 67.0 
100.0 74.0 
101.0 70.0 
102.0 69.0 
103.0 68.0 
99.0 76.0 
110.0 67.0 
103.0 70.0 
100.0 76.0 
112.0 68.0 
103.0 72.0 
103.0 72.0 
111.0 70.0 
101.0 79.0 
118.0 69.0 
104.0 72.0 
103.0 76.0 
111.0 71.0 
101.0 81.0 
123.0 69.0 
120.0 70.0 
105.0 74.0 
103.0 78.0 
112.0 71.0 
102.0 82.0 
105.0 75.0 
112.0 72.0 
102.0 86.0 
109.0 75.0 
105.0 85.0 
107.0 77.0 
114.0 72.0 
112.0 73.0 
111.0 75.0 
108.0 78.0 
107.0 83.0 
110.0 77.0 
115.0 72.0 
111.0 76.0 
113.0 75.0 
109.0 82.0 
107.0 89.0 
108.0 86.0 
110.0 79.0 
110.0 79.0 
116.0 72.0 
116.0 72.0 
115.0 74.0 
112.0 76.0 
114.0 75.0 
109.0 85.0 
108.0 90.0 
111.0 81.0 
110.0 84.0 
116.0 74.0 
113.0 80.0 
115.0 78.0 
112.0 83.0 
110.0 85.0 
119.0 74.0 
116.0 77.0 
111.0 89.0 
