1948.0 562.0 
1921.0 567.0 
1847.0 601.0 
1955.0 528.0 
1918.0 574.0 
1888.0 583.0 
1936.0 565.0 
2043.0 512.0 
1998.0 527.0 
1955.0 528.0 
1948.0 562.0 
2024.0 523.0 
1954.0 556.0 
1880.0 595.0 
1945.0 563.0 
1922.0 569.0 
1873.0 620.0 
1875.0 607.0 
1850.0 623.0 
1919.0 575.0 
1895.0 591.0 
1916.0 583.0 
2062.0 516.0 
2054.0 520.0 
1994.0 528.0 
1994.0 528.0 
1977.0 534.0 
1957.0 547.0 
1888.0 597.0 
1888.0 597.0 
1884.0 606.0 
1945.0 564.0 
1945.0 564.0 
1945.0 564.0 
1945.0 564.0 
1949.0 563.0 
1943.0 573.0 
1941.0 574.0 
1878.0 617.0 
1878.0 617.0 
1876.0 618.0 
1880.0 611.0 
1855.0 663.0 
1868.0 625.0 
1863.0 658.0 
1868.0 625.0 
1923.0 576.0 
1923.0 576.0 
1897.0 592.0 
1897.0 592.0 
2191.0 519.0 
2091.0 524.0 
2100.0 522.0 
1997.0 529.0 
1997.0 529.0 
1961.0 555.0 
1961.0 555.0 
1888.0 604.0 
1952.0 565.0 
1950.0 568.0 
1948.0 575.0 
1948.0 575.0 
1948.0 575.0 
1881.0 615.0 
1869.0 626.0 
1869.0 626.0 
1868.0 672.0 
1923.0 583.0 
1924.0 577.0 
1920.0 593.0 
1902.0 594.0 
1920.0 593.0 
1920.0 593.0 
2207.0 521.0 
2236.0 520.0 
2196.0 526.0 
2103.0 527.0 
2196.0 526.0 
2012.0 529.0 
2010.0 532.0 
1997.0 554.0 
2000.0 538.0 
1974.0 555.0 
1961.0 557.0 
1974.0 555.0 
1890.0 610.0 
1892.0 605.0 
1959.0 565.0 
1959.0 565.0 
1953.0 568.0 
1952.0 569.0 
1870.0 666.0 
2210.0 522.0 
2148.0 527.0 
2018.0 529.0 
1871.0 637.0 
2001.0 540.0 
2207.0 526.0 
1925.0 578.0 
1987.0 556.0 
