4097.0 847.0 
4097.0 847.0 
2764.0 1078.0 
2999.0 866.0 
3970.0 861.0 
2804.0 962.0 
2607.0 1089.0 
4097.0 847.0 
4097.0 847.0 
2933.0 944.0 
2781.0 1073.0 
2607.0 1089.0 
4097.0 847.0 
2921.0 959.0 
2792.0 994.0 
3019.0 870.0 
2757.0 1154.0 
2987.0 988.0 
2795.0 1030.0 
2935.0 1000.0 
2865.0 1001.0 
3060.0 895.0 
4149.0 871.0 
4149.0 871.0 
4130.0 876.0 
3918.0 882.0 
3019.0 963.0 
3899.0 894.0 
2828.0 1049.0 
2795.0 1118.0 
2888.0 1016.0 
3145.0 950.0 
3122.0 957.0 
3521.0 914.0 
3280.0 921.0 
3621.0 900.0 
4152.0 879.0 
3953.0 885.0 
3109.0 972.0 
3031.0 973.0 
2868.0 1057.0 
2823.0 1173.0 
3020.0 1021.0 
2983.0 1038.0 
3122.0 958.0 
3424.0 932.0 
3403.0 954.0 
3526.0 931.0 
3754.0 920.0 
3823.0 915.0 
3957.0 891.0 
3112.0 999.0 
3078.0 1002.0 
2869.0 1070.0 
2887.0 1057.0 
2852.0 1220.0 
3026.0 1030.0 
3367.0 960.0 
3185.0 967.0 
3141.0 990.0 
3480.0 949.0 
3450.0 954.0 
3774.0 944.0 
3857.0 919.0 
3846.0 935.0 
4067.0 915.0 
4193.0 894.0 
3081.0 1024.0 
2871.0 1156.0 
2872.0 1152.0 
2943.0 1078.0 
2940.0 1082.0 
2904.0 1094.0 
3024.0 1061.0 
3031.0 1036.0 
3430.0 965.0 
3300.0 988.0 
3368.0 981.0 
3385.0 977.0 
3151.0 1004.0 
3189.0 990.0 
3514.0 956.0 
3990.0 920.0 
3857.0 929.0 
3092.0 1034.0 
2871.0 1187.0 
2881.0 1154.0 
2981.0 1080.0 
2960.0 1086.0 
2914.0 1129.0 
2914.0 1129.0 
2937.0 1122.0 
3067.0 1057.0 
3049.0 1059.0 
3032.0 1074.0 
4160.0 922.0 
2899.0 1167.0 
3868.0 954.0 
3873.0 931.0 
3569.0 966.0 
