199.0 189.0 
260.0 150.0 
251.0 162.0 
260.0 150.0 
199.0 197.0 
259.0 187.0 
259.0 187.0 
251.0 194.0 
260.0 174.0 
268.0 156.0 
266.0 162.0 
208.0 198.0 
265.0 177.0 
292.0 169.0 
276.0 171.0 
297.0 163.0 
253.0 223.0 
244.0 224.0 
257.0 220.0 
260.0 218.0 
237.0 238.0 
244.0 224.0 
263.0 210.0 
268.0 208.0 
270.0 190.0 
294.0 181.0 
299.0 166.0 
315.0 164.0 
299.0 166.0 
261.0 218.0 
239.0 240.0 
263.0 215.0 
277.0 193.0 
273.0 210.0 
294.0 184.0 
408.0 166.0 
301.0 167.0 
255.0 244.0 
243.0 263.0 
248.0 251.0 
267.0 215.0 
263.0 223.0 
280.0 193.0 
280.0 193.0 
273.0 212.0 
297.0 186.0 
344.0 167.0 
324.0 169.0 
262.0 250.0 
244.0 309.0 
246.0 267.0 
261.0 264.0 
268.0 221.0 
288.0 202.0 
286.0 213.0 
275.0 219.0 
448.0 168.0 
338.0 174.0 
331.0 176.0 
366.0 171.0 
324.0 190.0 
266.0 260.0 
251.0 269.0 
268.0 231.0 
288.0 204.0 
288.0 204.0 
288.0 204.0 
279.0 225.0 
280.0 221.0 
287.0 220.0 
467.0 169.0 
350.0 175.0 
333.0 187.0 
391.0 173.0 
325.0 197.0 
267.0 265.0 
257.0 269.0 
254.0 279.0 
255.0 273.0 
269.0 254.0 
274.0 242.0 
268.0 263.0 
291.0 216.0 
298.0 205.0 
285.0 235.0 
289.0 229.0 
356.0 177.0 
353.0 178.0 
352.0 180.0 
346.0 187.0 
328.0 198.0 
325.0 204.0 
258.0 315.0 
394.0 181.0 
394.0 181.0 
266.0 273.0 
304.0 205.0 
331.0 201.0 
270.0 255.0 
343.0 198.0 
