70.0 36.0 
48.0 44.0 
70.0 36.0 
50.0 37.0 
70.0 36.0 
50.0 37.0 
70.0 36.0 
48.0 44.0 
50.0 38.0 
50.0 38.0 
50.0 38.0 
50.0 38.0 
52.0 37.0 
50.0 38.0 
50.0 38.0 
50.0 38.0 
50.0 38.0 
50.0 38.0 
50.0 38.0 
50.0 38.0 
50.0 38.0 
50.0 38.0 
50.0 38.0 
52.0 37.0 
50.0 38.0 
50.0 38.0 
50.0 38.0 
50.0 38.0 
50.0 38.0 
50.0 38.0 
50.0 38.0 
50.0 38.0 
50.0 38.0 
50.0 38.0 
52.0 37.0 
48.0 45.0 
48.0 45.0 
48.0 45.0 
48.0 45.0 
48.0 45.0 
48.0 45.0 
48.0 45.0 
48.0 45.0 
48.0 45.0 
48.0 45.0 
48.0 45.0 
51.0 38.0 
51.0 38.0 
50.0 39.0 
51.0 38.0 
51.0 38.0 
51.0 38.0 
51.0 38.0 
51.0 38.0 
51.0 38.0 
50.0 39.0 
51.0 38.0 
50.0 39.0 
51.0 38.0 
51.0 38.0 
51.0 38.0 
58.0 37.0 
48.0 46.0 
48.0 46.0 
49.0 45.0 
49.0 45.0 
48.0 46.0 
49.0 45.0 
48.0 46.0 
48.0 46.0 
49.0 45.0 
49.0 45.0 
48.0 46.0 
48.0 46.0 
49.0 45.0 
51.0 39.0 
51.0 39.0 
70.0 37.0 
70.0 37.0 
52.0 38.0 
52.0 38.0 
52.0 38.0 
51.0 39.0 
52.0 38.0 
52.0 38.0 
52.0 38.0 
52.0 38.0 
52.0 38.0 
52.0 38.0 
52.0 38.0 
52.0 38.0 
52.0 38.0 
52.0 38.0 
52.0 38.0 
52.0 38.0 
52.0 38.0 
52.0 38.0 
52.0 38.0 
52.0 38.0 
52.0 38.0 
