123.0 24.0 
45.0 53.0 
123.0 24.0 
45.0 53.0 
80.0 37.0 
59.0 43.0 
120.0 26.0 
114.0 27.0 
114.0 27.0 
108.0 28.0 
77.0 38.0 
72.0 39.0 
108.0 28.0 
72.0 39.0 
63.0 42.0 
88.0 34.0 
104.0 29.0 
100.0 30.0 
68.0 40.0 
84.0 35.0 
104.0 29.0 
100.0 30.0 
96.0 31.0 
57.0 45.0 
96.0 31.0 
84.0 35.0 
48.0 52.0 
66.0 41.0 
93.0 32.0 
93.0 32.0 
81.0 36.0 
63.0 42.0 
90.0 33.0 
77.0 38.0 
90.0 33.0 
59.0 43.0 
68.0 40.0 
54.0 48.0 
122.0 25.0 
51.0 50.0 
120.0 26.0 
57.0 45.0 
88.0 34.0 
66.0 41.0 
49.0 51.0 
52.0 49.0 
49.0 51.0 
81.0 36.0 
52.0 49.0 
56.0 46.0 
55.0 47.0 
55.0 47.0 
56.0 46.0 
51.0 50.0 
122.0 25.0 
48.0 52.0 
54.0 48.0 
45.0 53.0 
123.0 24.0 
114.0 27.0 
108.0 28.0 
72.0 39.0 
100.0 30.0 
104.0 29.0 
96.0 31.0 
84.0 35.0 
77.0 38.0 
63.0 42.0 
93.0 32.0 
59.0 43.0 
68.0 40.0 
120.0 26.0 
66.0 41.0 
88.0 34.0 
57.0 45.0 
81.0 36.0 
52.0 49.0 
48.0 52.0 
122.0 25.0 
55.0 47.0 
51.0 50.0 
56.0 46.0 
54.0 48.0 
123.0 24.0 
45.0 53.0 
114.0 27.0 
108.0 28.0 
81.0 36.0 
72.0 39.0 
77.0 38.0 
104.0 29.0 
100.0 30.0 
84.0 35.0 
96.0 31.0 
68.0 40.0 
59.0 43.0 
57.0 45.0 
120.0 26.0 
48.0 52.0 
66.0 41.0 
