268.0 209.0 
1652.0 97.0 
268.0 209.0 
531.0 151.0 
478.0 155.0 
341.0 174.0 
348.0 164.0 
374.0 157.0 
1085.0 120.0 
336.0 175.0 
296.0 196.0 
797.0 136.0 
291.0 203.0 
335.0 182.0 
312.0 189.0 
589.0 150.0 
348.0 164.0 
478.0 155.0 
371.0 158.0 
1632.0 101.0 
882.0 134.0 
904.0 130.0 
1146.0 119.0 
856.0 135.0 
1605.0 102.0 
1551.0 104.0 
327.0 185.0 
311.0 193.0 
694.0 143.0 
642.0 146.0 
1067.0 123.0 
694.0 143.0 
774.0 139.0 
959.0 128.0 
1551.0 104.0 
748.0 141.0 
612.0 148.0 
986.0 126.0 
1605.0 102.0 
282.0 206.0 
774.0 139.0 
282.0 206.0 
319.0 186.0 
929.0 129.0 
296.0 196.0 
291.0 203.0 
642.0 146.0 
986.0 126.0 
639.0 147.0 
1013.0 125.0 
1443.0 108.0 
1524.0 105.0 
1470.0 107.0 
1416.0 109.0 
1173.0 118.0 
721.0 142.0 
1200.0 117.0 
1389.0 110.0 
1308.0 113.0 
1362.0 111.0 
1335.0 112.0 
1281.0 114.0 
1497.0 106.0 
1040.0 124.0 
1227.0 116.0 
1254.0 115.0 
1173.0 118.0 
1524.0 105.0 
721.0 142.0 
1497.0 106.0 
1146.0 119.0 
1470.0 107.0 
1281.0 114.0 
1335.0 112.0 
1443.0 108.0 
1308.0 113.0 
1389.0 110.0 
959.0 128.0 
1362.0 111.0 
1040.0 124.0 
1013.0 125.0 
1200.0 117.0 
1416.0 109.0 
1227.0 116.0 
1254.0 115.0 
748.0 141.0 
856.0 135.0 
311.0 193.0 
335.0 182.0 
929.0 129.0 
797.0 136.0 
612.0 148.0 
371.0 158.0 
589.0 150.0 
904.0 130.0 
882.0 134.0 
1632.0 101.0 
1067.0 123.0 
319.0 186.0 
639.0 147.0 
