666.0 225.0 
369.0 290.0 
788.0 214.0 
1390.0 187.0 
1018.0 197.0 
494.0 234.0 
666.0 225.0 
400.0 276.0 
1826.0 170.0 
400.0 276.0 
369.0 290.0 
1494.0 183.0 
552.0 229.0 
1010.0 209.0 
1017.0 199.0 
552.0 229.0 
1516.0 177.0 
1826.0 170.0 
1480.0 186.0 
432.0 242.0 
457.0 239.0 
1890.0 166.0 
1128.0 194.0 
1727.0 174.0 
1494.0 183.0 
714.0 215.0 
459.0 236.0 
1018.0 197.0 
408.0 270.0 
1842.0 167.0 
369.0 290.0 
369.0 290.0 
578.0 226.0 
943.0 214.0 
943.0 214.0 
1405.0 187.0 
517.0 235.0 
697.0 225.0 
1010.0 212.0 
554.0 229.0 
1547.0 177.0 
1516.0 180.0 
1488.0 186.0 
1488.0 186.0 
436.0 244.0 
436.0 244.0 
449.0 242.0 
458.0 239.0 
458.0 239.0 
1240.0 194.0 
1240.0 194.0 
1240.0 194.0 
1240.0 194.0 
1198.0 196.0 
1240.0 194.0 
1240.0 194.0 
1786.0 174.0 
742.0 215.0 
715.0 219.0 
514.0 236.0 
512.0 238.0 
1143.0 197.0 
1134.0 198.0 
1022.0 201.0 
1143.0 197.0 
417.0 270.0 
409.0 289.0 
416.0 274.0 
1854.0 169.0 
1848.0 173.0 
375.0 295.0 
662.0 227.0 
1882.0 169.0 
1882.0 169.0 
391.0 314.0 
1409.0 189.0 
411.0 289.0 
766.0 218.0 
1565.0 177.0 
1786.0 176.0 
1009.0 215.0 
429.0 272.0 
1541.0 184.0 
436.0 253.0 
1186.0 198.0 
1246.0 194.0 
1086.0 202.0 
638.0 233.0 
1028.0 204.0 
480.0 239.0 
567.0 238.0 
718.0 220.0 
421.0 279.0 
654.0 230.0 
568.0 235.0 
1015.0 212.0 
701.0 227.0 
1240.0 197.0 
450.0 245.0 
443.0 248.0 
