1881.0 208.0 
407.0 295.0 
609.0 277.0 
908.0 250.0 
652.0 272.0 
424.0 292.0 
1217.0 249.0 
555.0 281.0 
1599.0 222.0 
407.0 295.0 
520.0 285.0 
818.0 261.0 
652.0 272.0 
399.0 302.0 
833.0 260.0 
473.0 287.0 
1861.0 214.0 
725.0 262.0 
402.0 299.0 
523.0 284.0 
520.0 285.0 
1634.0 219.0 
876.0 253.0 
1241.0 229.0 
673.0 264.0 
1933.0 211.0 
609.0 280.0 
614.0 279.0 
1185.0 250.0 
445.0 292.0 
432.0 294.0 
445.0 292.0 
1618.0 222.0 
409.0 295.0 
409.0 295.0 
657.0 275.0 
666.0 273.0 
400.0 305.0 
1886.0 218.0 
402.0 300.0 
588.0 284.0 
522.0 286.0 
1732.0 219.0 
1732.0 219.0 
1732.0 219.0 
1732.0 219.0 
1732.0 219.0 
876.0 254.0 
1135.0 253.0 
1270.0 235.0 
1270.0 235.0 
1611.0 230.0 
1270.0 235.0 
1513.0 234.0 
748.0 271.0 
829.0 268.0 
856.0 267.0 
1945.0 214.0 
623.0 283.0 
656.0 281.0 
445.0 293.0 
1719.0 224.0 
1627.0 226.0 
1719.0 224.0 
1719.0 224.0 
415.0 295.0 
698.0 278.0 
720.0 277.0 
725.0 273.0 
1928.0 218.0 
405.0 306.0 
411.0 301.0 
405.0 306.0 
411.0 301.0 
528.0 286.0 
522.0 292.0 
1786.0 222.0 
1796.0 221.0 
1822.0 220.0 
952.0 255.0 
908.0 265.0 
922.0 260.0 
1023.0 254.0 
1616.0 231.0 
1611.0 232.0 
1616.0 231.0 
1285.0 250.0 
1275.0 253.0 
1287.0 236.0 
1604.0 234.0 
841.0 271.0 
887.0 267.0 
859.0 270.0 
1945.0 216.0 
1945.0 216.0 
407.0 307.0 
407.0 307.0 
535.0 286.0 
889.0 268.0 
1290.0 253.0 
