39.0 8.0 
32.0 9.0 
20.0 11.0 
35.0 10.0 
37.0 9.0 
35.0 10.0 
32.0 11.0 
23.0 12.0 
39.0 9.0 
39.0 9.0 
36.0 10.0 
36.0 10.0 
36.0 10.0 
26.0 12.0 
24.0 14.0 
41.0 10.0 
41.0 10.0 
39.0 11.0 
35.0 13.0 
37.0 12.0 
37.0 12.0 
37.0 12.0 
28.0 15.0 
28.0 15.0 
27.0 16.0 
42.0 11.0 
35.0 14.0 
39.0 13.0 
30.0 15.0 
28.0 16.0 
45.0 11.0 
45.0 11.0 
37.0 14.0 
37.0 14.0 
44.0 13.0 
33.0 15.0 
32.0 18.0 
31.0 22.0 
30.0 23.0 
46.0 11.0 
46.0 11.0 
46.0 11.0 
45.0 13.0 
45.0 13.0 
45.0 13.0 
45.0 13.0 
45.0 13.0 
33.0 16.0 
33.0 16.0 
34.0 15.0 
32.0 20.0 
32.0 20.0 
46.0 12.0 
48.0 11.0 
33.0 18.0 
34.0 16.0 
38.0 15.0 
34.0 16.0 
46.0 13.0 
49.0 12.0 
33.0 20.0 
45.0 15.0 
35.0 16.0 
35.0 16.0 
35.0 16.0 
35.0 16.0 
34.0 17.0 
35.0 16.0 
48.0 13.0 
46.0 14.0 
46.0 14.0 
46.0 14.0 
46.0 14.0 
46.0 14.0 
46.0 14.0 
46.0 14.0 
46.0 14.0 
48.0 13.0 
46.0 14.0 
46.0 14.0 
46.0 14.0 
46.0 14.0 
46.0 14.0 
46.0 14.0 
33.0 25.0 
34.0 19.0 
35.0 17.0 
36.0 16.0 
49.0 13.0 
47.0 14.0 
46.0 15.0 
47.0 14.0 
34.0 21.0 
35.0 20.0 
36.0 17.0 
38.0 16.0 
36.0 17.0 
36.0 17.0 
51.0 13.0 
51.0 13.0 
