31.0 4.0 
25.0 5.0 
31.0 4.0 
21.0 7.0 
25.0 6.0 
26.0 5.0 
22.0 7.0 
27.0 5.0 
24.0 13.0 
24.0 13.0 
24.0 13.0 
24.0 13.0 
24.0 13.0 
25.0 7.0 
28.0 5.0 
27.0 7.0 
25.0 8.0 
27.0 7.0 
30.0 5.0 
29.0 6.0 
29.0 6.0 
30.0 5.0 
25.0 13.0 
25.0 13.0 
25.0 13.0 
25.0 13.0 
26.0 11.0 
26.0 11.0 
28.0 7.0 
27.0 8.0 
27.0 8.0 
27.0 8.0 
28.0 7.0 
28.0 7.0 
28.0 7.0 
32.0 5.0 
30.0 6.0 
30.0 6.0 
30.0 6.0 
30.0 6.0 
30.0 6.0 
30.0 6.0 
30.0 6.0 
30.0 6.0 
30.0 6.0 
30.0 6.0 
30.0 6.0 
32.0 5.0 
32.0 5.0 
30.0 6.0 
30.0 6.0 
30.0 6.0 
27.0 9.0 
27.0 9.0 
29.0 7.0 
29.0 7.0 
28.0 8.0 
29.0 7.0 
28.0 8.0 
31.0 6.0 
31.0 6.0 
31.0 6.0 
31.0 6.0 
31.0 6.0 
31.0 6.0 
31.0 6.0 
31.0 6.0 
31.0 6.0 
31.0 6.0 
31.0 6.0 
31.0 6.0 
31.0 6.0 
31.0 6.0 
31.0 6.0 
27.0 10.0 
30.0 7.0 
30.0 7.0 
30.0 7.0 
30.0 7.0 
28.0 9.0 
28.0 9.0 
28.0 9.0 
28.0 9.0 
28.0 9.0 
28.0 9.0 
28.0 9.0 
29.0 8.0 
28.0 9.0 
32.0 6.0 
32.0 6.0 
27.0 11.0 
27.0 11.0 
30.0 8.0 
28.0 10.0 
31.0 7.0 
31.0 7.0 
29.0 9.0 
29.0 9.0 
32.0 6.0 
32.0 6.0 
