314.0 286.0 
318.0 283.0 
314.0 286.0 
318.0 283.0 
309.0 296.0 
1696.0 130.0 
447.0 203.0 
309.0 296.0 
833.0 175.0 
425.0 208.0 
309.0 296.0 
352.0 257.0 
996.0 159.0 
500.0 201.0 
419.0 211.0 
309.0 296.0 
425.0 208.0 
523.0 191.0 
1696.0 130.0 
392.0 240.0 
314.0 286.0 
1174.0 155.0 
1845.0 121.0 
833.0 175.0 
1527.0 132.0 
1696.0 130.0 
419.0 211.0 
584.0 186.0 
314.0 286.0 
363.0 247.0 
500.0 201.0 
991.0 160.0 
593.0 179.0 
870.0 166.0 
341.0 261.0 
1202.0 152.0 
397.0 233.0 
902.0 162.0 
574.0 190.0 
338.0 274.0 
401.0 213.0 
1203.0 145.0 
1086.0 157.0 
318.0 283.0 
467.0 205.0 
432.0 209.0 
524.0 197.0 
1195.0 155.0 
1847.0 121.0 
849.0 178.0 
1689.0 133.0 
1537.0 139.0 
1533.0 143.0 
1537.0 139.0 
1533.0 143.0 
1613.0 136.0 
1537.0 139.0 
1559.0 137.0 
1696.0 131.0 
1725.0 130.0 
592.0 187.0 
314.0 287.0 
314.0 287.0 
380.0 249.0 
370.0 254.0 
392.0 247.0 
507.0 202.0 
511.0 201.0 
1081.0 160.0 
625.0 183.0 
593.0 186.0 
771.0 180.0 
898.0 168.0 
349.0 271.0 
345.0 272.0 
345.0 272.0 
353.0 264.0 
354.0 263.0 
368.0 261.0 
397.0 238.0 
913.0 167.0 
933.0 163.0 
1007.0 162.0 
577.0 195.0 
587.0 190.0 
339.0 278.0 
343.0 276.0 
415.0 230.0 
1466.0 145.0 
1466.0 145.0 
1236.0 153.0 
1419.0 146.0 
1380.0 149.0 
1419.0 146.0 
1159.0 157.0 
328.0 283.0 
319.0 284.0 
1903.0 125.0 
1903.0 125.0 
346.0 280.0 
