9.0 3.0 
9.0 3.0 
9.0 3.0 
9.0 3.0 
9.0 3.0 
9.0 3.0 
9.0 3.0 
9.0 3.0 
9.0 4.0 
9.0 4.0 
9.0 4.0 
11.0 3.0 
9.0 4.0 
12.0 3.0 
12.0 3.0 
12.0 3.0 
12.0 3.0 
9.0 5.0 
9.0 5.0 
9.0 5.0 
9.0 5.0 
10.0 4.0 
23.0 3.0 
9.0 6.0 
9.0 6.0 
9.0 6.0 
9.0 6.0 
9.0 6.0 
9.0 6.0 
11.0 4.0 
11.0 4.0 
11.0 4.0 
11.0 4.0 
11.0 4.0 
11.0 4.0 
11.0 4.0 
11.0 4.0 
11.0 4.0 
11.0 4.0 
10.0 5.0 
10.0 5.0 
10.0 5.0 
11.0 4.0 
11.0 4.0 
11.0 4.0 
10.0 5.0 
11.0 4.0 
25.0 3.0 
25.0 3.0 
9.0 7.0 
12.0 4.0 
11.0 5.0 
11.0 5.0 
11.0 5.0 
11.0 5.0 
11.0 5.0 
11.0 5.0 
11.0 5.0 
11.0 5.0 
11.0 5.0 
11.0 5.0 
11.0 5.0 
11.0 5.0 
11.0 5.0 
11.0 5.0 
26.0 3.0 
9.0 8.0 
10.0 7.0 
9.0 8.0 
13.0 4.0 
13.0 4.0 
12.0 5.0 
11.0 6.0 
11.0 6.0 
11.0 6.0 
11.0 6.0 
12.0 5.0 
12.0 5.0 
11.0 6.0 
11.0 6.0 
11.0 6.0 
11.0 6.0 
12.0 5.0 
11.0 6.0 
11.0 6.0 
11.0 6.0 
11.0 6.0 
9.0 9.0 
9.0 9.0 
14.0 4.0 
10.0 8.0 
10.0 8.0 
13.0 5.0 
13.0 5.0 
11.0 7.0 
12.0 6.0 
11.0 7.0 
12.0 6.0 
10.0 8.0 
10.0 8.0 
