83.0 49.0 
83.0 49.0 
79.0 51.0 
115.0 40.0 
83.0 49.0 
132.0 33.0 
87.0 46.0 
126.0 35.0 
131.0 34.0 
119.0 37.0 
99.0 44.0 
179.0 32.0 
55.0 67.0 
61.0 58.0 
55.0 67.0 
72.0 52.0 
115.0 40.0 
56.0 60.0 
132.0 33.0 
102.0 42.0 
102.0 42.0 
83.0 49.0 
85.0 47.0 
64.0 55.0 
119.0 37.0 
79.0 51.0 
54.0 69.0 
91.0 46.0 
91.0 46.0 
129.0 35.0 
63.0 59.0 
73.0 53.0 
58.0 66.0 
58.0 66.0 
56.0 67.0 
59.0 61.0 
58.0 66.0 
56.0 67.0 
58.0 66.0 
56.0 67.0 
134.0 34.0 
102.0 44.0 
107.0 42.0 
102.0 44.0 
84.0 49.0 
83.0 50.0 
89.0 47.0 
89.0 47.0 
65.0 56.0 
64.0 57.0 
65.0 56.0 
123.0 39.0 
126.0 38.0 
81.0 51.0 
92.0 46.0 
130.0 37.0 
130.0 37.0 
63.0 60.0 
73.0 55.0 
60.0 62.0 
59.0 63.0 
59.0 63.0 
56.0 69.0 
56.0 69.0 
57.0 67.0 
56.0 69.0 
56.0 69.0 
134.0 36.0 
137.0 35.0 
109.0 43.0 
116.0 42.0 
105.0 45.0 
105.0 45.0 
106.0 44.0 
105.0 45.0 
106.0 44.0 
87.0 49.0 
86.0 50.0 
91.0 47.0 
91.0 47.0 
64.0 59.0 
64.0 59.0 
65.0 57.0 
69.0 56.0 
125.0 40.0 
125.0 40.0 
129.0 38.0 
83.0 52.0 
84.0 51.0 
81.0 54.0 
84.0 51.0 
57.0 70.0 
173.0 35.0 
141.0 36.0 
130.0 38.0 
85.0 51.0 
94.0 46.0 
64.0 61.0 
115.0 43.0 
107.0 45.0 
