13.0 11.0 
22.0 7.0 
22.0 7.0 
13.0 11.0 
22.0 7.0 
29.0 6.0 
22.0 7.0 
22.0 7.0 
13.0 11.0 
22.0 7.0 
32.0 6.0 
32.0 6.0 
18.0 11.0 
15.0 12.0 
24.0 7.0 
19.0 11.0 
16.0 16.0 
16.0 16.0 
16.0 16.0 
18.0 13.0 
29.0 8.0 
25.0 10.0 
29.0 8.0 
31.0 7.0 
31.0 7.0 
23.0 11.0 
19.0 12.0 
18.0 17.0 
28.0 10.0 
30.0 9.0 
30.0 9.0 
30.0 9.0 
36.0 7.0 
36.0 7.0 
36.0 7.0 
36.0 7.0 
31.0 8.0 
19.0 13.0 
29.0 10.0 
29.0 10.0 
29.0 10.0 
37.0 7.0 
31.0 9.0 
27.0 13.0 
21.0 14.0 
29.0 12.0 
29.0 12.0 
30.0 11.0 
37.0 8.0 
32.0 9.0 
31.0 10.0 
28.0 13.0 
23.0 15.0 
23.0 15.0 
21.0 16.0 
38.0 8.0 
35.0 9.0 
31.0 11.0 
31.0 11.0 
34.0 10.0 
34.0 10.0 
34.0 10.0 
29.0 13.0 
25.0 15.0 
25.0 15.0 
25.0 15.0 
25.0 15.0 
21.0 19.0 
24.0 18.0 
40.0 8.0 
40.0 8.0 
40.0 8.0 
40.0 8.0 
40.0 8.0 
40.0 8.0 
40.0 8.0 
40.0 8.0 
40.0 8.0 
40.0 8.0 
37.0 9.0 
31.0 12.0 
31.0 12.0 
31.0 12.0 
32.0 11.0 
35.0 10.0 
25.0 16.0 
25.0 16.0 
41.0 8.0 
41.0 8.0 
26.0 15.0 
40.0 9.0 
30.0 13.0 
30.0 13.0 
36.0 10.0 
33.0 11.0 
36.0 10.0 
32.0 12.0 
33.0 11.0 
32.0 12.0 
30.0 13.0 
