129.0 36.0 
80.0 57.0 
54.0 64.0 
57.0 58.0 
84.0 46.0 
119.0 40.0 
88.0 41.0 
86.0 43.0 
128.0 37.0 
56.0 63.0 
119.0 40.0 
153.0 36.0 
153.0 36.0 
153.0 36.0 
54.0 65.0 
71.0 58.0 
59.0 60.0 
84.0 50.0 
90.0 45.0 
88.0 46.0 
86.0 49.0 
131.0 39.0 
128.0 40.0 
153.0 38.0 
167.0 36.0 
167.0 36.0 
155.0 37.0 
153.0 38.0 
58.0 69.0 
72.0 58.0 
67.0 64.0 
70.0 63.0 
65.0 65.0 
85.0 50.0 
100.0 46.0 
91.0 48.0 
100.0 46.0 
90.0 49.0 
90.0 49.0 
132.0 39.0 
132.0 39.0 
175.0 37.0 
154.0 38.0 
154.0 38.0 
63.0 73.0 
63.0 73.0 
72.0 62.0 
70.0 65.0 
68.0 66.0 
66.0 67.0 
85.0 51.0 
87.0 50.0 
106.0 46.0 
100.0 48.0 
91.0 49.0 
133.0 42.0 
136.0 39.0 
160.0 38.0 
63.0 78.0 
76.0 62.0 
76.0 62.0 
73.0 64.0 
74.0 63.0 
67.0 68.0 
85.0 52.0 
85.0 52.0 
88.0 51.0 
106.0 47.0 
106.0 47.0 
106.0 47.0 
107.0 46.0 
91.0 50.0 
91.0 50.0 
134.0 42.0 
134.0 42.0 
140.0 41.0 
142.0 40.0 
142.0 40.0 
167.0 38.0 
75.0 65.0 
74.0 66.0 
83.0 63.0 
80.0 64.0 
69.0 68.0 
67.0 69.0 
67.0 69.0 
67.0 69.0 
90.0 52.0 
88.0 54.0 
106.0 49.0 
110.0 46.0 
97.0 50.0 
92.0 51.0 
135.0 42.0 
135.0 42.0 
141.0 41.0 
147.0 40.0 
178.0 38.0 
67.0 70.0 
111.0 46.0 
