349.0 186.0 
349.0 186.0 
318.0 202.0 
318.0 202.0 
318.0 202.0 
318.0 202.0 
1711.0 111.0 
594.0 166.0 
1711.0 111.0 
1291.0 126.0 
1320.0 125.0 
656.0 156.0 
1101.0 133.0 
1711.0 111.0 
403.0 171.0 
597.0 164.0 
351.0 180.0 
330.0 188.0 
301.0 207.0 
1451.0 119.0 
1101.0 133.0 
356.0 176.0 
594.0 166.0 
1451.0 119.0 
733.0 152.0 
1365.0 123.0 
1439.0 121.0 
301.0 207.0 
853.0 147.0 
357.0 174.0 
641.0 157.0 
396.0 173.0 
972.0 139.0 
1726.0 110.0 
1711.0 111.0 
760.0 151.0 
597.0 164.0 
707.0 155.0 
1041.0 137.0 
1709.0 112.0 
1101.0 133.0 
641.0 157.0 
1711.0 111.0 
340.0 187.0 
1225.0 129.0 
1623.0 114.0 
972.0 139.0 
301.0 207.0 
1291.0 126.0 
941.0 140.0 
1711.0 111.0 
321.0 194.0 
1351.0 124.0 
858.0 146.0 
795.0 149.0 
329.0 189.0 
399.0 172.0 
601.0 163.0 
304.0 203.0 
876.0 143.0 
842.0 148.0 
349.0 186.0 
1079.0 136.0 
1445.0 120.0 
1149.0 131.0 
1120.0 132.0 
1451.0 119.0 
355.0 179.0 
1232.0 128.0 
606.0 162.0 
396.0 173.0 
330.0 188.0 
720.0 154.0 
1400.0 122.0 
301.0 207.0 
301.0 207.0 
613.0 158.0 
869.0 145.0 
1451.0 119.0 
1320.0 125.0 
426.0 167.0 
1599.0 115.0 
301.0 207.0 
941.0 140.0 
329.0 189.0 
1623.0 114.0 
842.0 148.0 
321.0 194.0 
1079.0 136.0 
972.0 139.0 
1120.0 132.0 
1451.0 119.0 
357.0 174.0 
1729.0 110.0 
1729.0 110.0 
301.0 208.0 
301.0 208.0 
333.0 189.0 
1239.0 130.0 
797.0 149.0 
