81.0 46.0 
65.0 147.0 
69.0 82.0 
68.0 114.0 
71.0 49.0 
83.0 39.0 
81.0 47.0 
67.0 155.0 
70.0 91.0 
69.0 107.0 
68.0 116.0 
71.0 57.0 
77.0 51.0 
72.0 52.0 
79.0 49.0 
85.0 39.0 
83.0 42.0 
67.0 162.0 
67.0 162.0 
69.0 108.0 
68.0 138.0 
71.0 72.0 
71.0 72.0 
72.0 57.0 
72.0 57.0 
72.0 57.0 
80.0 53.0 
89.0 40.0 
110.0 39.0 
84.0 46.0 
83.0 47.0 
86.0 42.0 
70.0 122.0 
68.0 139.0 
71.0 118.0 
71.0 118.0 
71.0 118.0 
71.0 118.0 
73.0 57.0 
72.0 62.0 
73.0 57.0 
81.0 53.0 
96.0 40.0 
83.0 49.0 
86.0 43.0 
86.0 43.0 
70.0 133.0 
69.0 140.0 
71.0 120.0 
71.0 120.0 
71.0 120.0 
72.0 79.0 
73.0 58.0 
83.0 50.0 
87.0 44.0 
86.0 46.0 
89.0 43.0 
69.0 141.0 
71.0 121.0 
71.0 121.0 
71.0 121.0 
72.0 83.0 
74.0 59.0 
73.0 82.0 
73.0 82.0 
84.0 55.0 
85.0 51.0 
84.0 55.0 
86.0 49.0 
87.0 48.0 
88.0 47.0 
90.0 43.0 
90.0 43.0 
90.0 43.0 
69.0 157.0 
71.0 126.0 
71.0 126.0 
78.0 60.0 
76.0 61.0 
80.0 59.0 
75.0 71.0 
73.0 83.0 
85.0 52.0 
87.0 51.0 
87.0 51.0 
88.0 48.0 
95.0 43.0 
90.0 44.0 
90.0 44.0 
90.0 44.0 
90.0 44.0 
69.0 170.0 
102.0 43.0 
71.0 129.0 
73.0 84.0 
70.0 162.0 
95.0 44.0 
90.0 45.0 
82.0 59.0 
76.0 62.0 
