84.0 30.0 
84.0 30.0 
84.0 30.0 
84.0 30.0 
84.0 30.0 
84.0 30.0 
84.0 30.0 
84.0 30.0 
84.0 30.0 
84.0 30.0 
84.0 30.0 
108.0 27.0 
84.0 30.0 
84.0 30.0 
84.0 30.0 
84.0 30.0 
84.0 30.0 
84.0 30.0 
84.0 30.0 
84.0 30.0 
84.0 30.0 
84.0 30.0 
84.0 30.0 
84.0 30.0 
84.0 30.0 
84.0 30.0 
84.0 30.0 
84.0 30.0 
84.0 30.0 
84.0 30.0 
84.0 30.0 
88.0 28.0 
84.0 30.0 
108.0 27.0 
84.0 30.0 
84.0 30.0 
84.0 30.0 
84.0 30.0 
84.0 30.0 
84.0 30.0 
84.0 30.0 
84.0 30.0 
84.0 30.0 
84.0 30.0 
84.0 30.0 
84.0 30.0 
84.0 30.0 
108.0 27.0 
84.0 30.0 
84.0 30.0 
84.0 30.0 
84.0 30.0 
84.0 30.0 
84.0 30.0 
84.0 30.0 
84.0 30.0 
90.0 28.0 
90.0 28.0 
84.0 31.0 
84.0 31.0 
90.0 28.0 
90.0 28.0 
90.0 28.0 
90.0 28.0 
90.0 28.0 
90.0 28.0 
90.0 28.0 
90.0 28.0 
90.0 28.0 
90.0 28.0 
90.0 28.0 
90.0 28.0 
90.0 28.0 
90.0 28.0 
90.0 28.0 
90.0 28.0 
90.0 28.0 
90.0 28.0 
90.0 28.0 
90.0 28.0 
90.0 28.0 
90.0 28.0 
90.0 28.0 
90.0 28.0 
90.0 28.0 
90.0 28.0 
90.0 28.0 
90.0 28.0 
90.0 28.0 
90.0 28.0 
90.0 28.0 
90.0 28.0 
90.0 28.0 
90.0 28.0 
90.0 28.0 
90.0 28.0 
90.0 28.0 
90.0 28.0 
90.0 28.0 
90.0 28.0 
