67.0 46.0 
56.0 47.0 
70.0 43.0 
67.0 48.0 
63.0 50.0 
104.0 45.0 
75.0 46.0 
74.0 50.0 
64.0 67.0 
68.0 52.0 
66.0 54.0 
78.0 47.0 
68.0 53.0 
66.0 63.0 
82.0 49.0 
90.0 48.0 
68.0 56.0 
76.0 53.0 
68.0 56.0 
67.0 66.0 
82.0 52.0 
86.0 49.0 
107.0 48.0 
107.0 48.0 
80.0 53.0 
76.0 55.0 
75.0 56.0 
72.0 62.0 
67.0 99.0 
68.0 68.0 
101.0 49.0 
91.0 51.0 
114.0 48.0 
114.0 48.0 
80.0 54.0 
86.0 53.0 
77.0 58.0 
76.0 59.0 
73.0 64.0 
68.0 104.0 
68.0 104.0 
69.0 68.0 
104.0 52.0 
131.0 49.0 
115.0 50.0 
80.0 57.0 
82.0 55.0 
98.0 54.0 
78.0 58.0 
77.0 62.0 
77.0 62.0 
76.0 66.0 
70.0 87.0 
70.0 87.0 
70.0 87.0 
69.0 88.0 
72.0 78.0 
74.0 69.0 
109.0 52.0 
195.0 50.0 
152.0 51.0 
195.0 50.0 
83.0 55.0 
80.0 58.0 
78.0 60.0 
77.0 63.0 
69.0 96.0 
71.0 88.0 
69.0 96.0 
73.0 80.0 
74.0 70.0 
194.0 52.0 
159.0 53.0 
211.0 51.0 
83.0 56.0 
97.0 55.0 
79.0 62.0 
82.0 60.0 
82.0 60.0 
79.0 62.0 
82.0 60.0 
82.0 60.0 
77.0 69.0 
72.0 91.0 
69.0 105.0 
74.0 84.0 
75.0 72.0 
163.0 54.0 
163.0 54.0 
70.0 123.0 
70.0 123.0 
186.0 54.0 
123.0 55.0 
73.0 99.0 
74.0 85.0 
86.0 56.0 
77.0 70.0 
79.0 65.0 
84.0 60.0 
78.0 69.0 
