6149.0 1322.0 
7187.0 1289.0 
5872.0 1553.0 
6012.0 1359.0 
6516.0 1329.0 
6494.0 1459.0 
6024.0 1619.0 
6182.0 1516.0 
7211.0 1374.0 
6597.0 1379.0 
6597.0 1379.0 
7234.0 1367.0 
6185.0 1518.0 
7002.0 1386.0 
6597.0 1391.0 
7246.0 1368.0 
6265.0 1522.0 
6728.0 1495.0 
6760.0 1412.0 
6702.0 1503.0 
6762.0 1409.0 
7414.0 1395.0 
7373.0 1400.0 
6283.0 1690.0 
6630.0 1539.0 
6296.0 1566.0 
6635.0 1536.0 
7190.0 1409.0 
6793.0 1440.0 
7041.0 1420.0 
7854.0 1395.0 
6327.0 1675.0 
6614.0 1652.0 
6656.0 1574.0 
6888.0 1440.0 
6833.0 1443.0 
7605.0 1436.0 
7947.0 1416.0 
6474.0 1725.0 
6621.0 1686.0 
6621.0 1686.0 
6683.0 1574.0 
6661.0 1595.0 
6867.0 1573.0 
6891.0 1444.0 
8038.0 1430.0 
8130.0 1429.0 
6775.0 1586.0 
6722.0 1659.0 
7906.0 1447.0 
6985.0 1481.0 
7149.0 1450.0 
6909.0 1489.0 
8066.0 1441.0 
8260.0 1434.0 
6891.0 1766.0 
6751.0 1825.0 
7181.0 1465.0 
7935.0 1461.0 
7242.0 1464.0 
7496.0 1463.0 
6932.0 1583.0 
6995.0 1516.0 
8072.0 1447.0 
8169.0 1446.0 
7412.0 1484.0 
7961.0 1463.0 
6945.0 1762.0 
7100.0 1570.0 
7409.0 1521.0 
7252.0 1532.0 
7022.0 1636.0 
8215.0 1455.0 
7490.0 1489.0 
7762.0 1484.0 
6986.0 1794.0 
7101.0 1607.0 
7174.0 1604.0 
7489.0 1527.0 
7328.0 1566.0 
7283.0 1600.0 
7382.0 1563.0 
7440.0 1535.0 
7434.0 1545.0 
7027.0 1770.0 
8475.0 1477.0 
8238.0 1483.0 
7492.0 1490.0 
8159.0 1488.0 
7156.0 1616.0 
7133.0 1667.0 
7338.0 1602.0 
7412.0 1569.0 
7129.0 1887.0 
9302.0 1485.0 
8602.0 1489.0 
8602.0 1489.0 
7175.0 1835.0 
7210.0 1642.0 
7656.0 1490.0 
