3059.0 901.0 
2940.0 907.0 
2940.0 907.0 
3106.0 882.0 
2840.0 917.0 
2808.0 920.0 
2787.0 933.0 
2987.0 907.0 
2954.0 913.0 
3106.0 899.0 
3107.0 898.0 
2905.0 917.0 
2825.0 929.0 
2846.0 921.0 
2973.0 913.0 
3395.0 898.0 
2861.0 923.0 
2947.0 922.0 
2861.0 923.0 
2851.0 936.0 
2985.0 915.0 
3294.0 913.0 
2980.0 920.0 
3460.0 901.0 
3460.0 901.0 
3472.0 899.0 
2970.0 922.0 
2932.0 925.0 
2896.0 934.0 
2913.0 926.0 
2864.0 939.0 
2872.0 936.0 
2872.0 936.0 
2872.0 936.0 
2989.0 917.0 
3108.0 916.0 
3529.0 913.0 
3628.0 901.0 
3514.0 914.0 
2970.0 924.0 
2955.0 930.0 
2943.0 935.0 
2906.0 937.0 
2879.0 941.0 
3022.0 922.0 
3022.0 922.0 
3035.0 918.0 
3032.0 921.0 
3461.0 916.0 
3659.0 909.0 
3568.0 915.0 
3568.0 915.0 
3568.0 915.0 
2993.0 924.0 
2971.0 934.0 
2906.0 942.0 
2888.0 945.0 
2916.0 941.0 
2881.0 948.0 
3029.0 922.0 
3405.0 919.0 
3180.0 920.0 
3680.0 910.0 
3712.0 909.0 
3680.0 910.0 
3008.0 939.0 
2900.0 951.0 
2933.0 948.0 
3033.0 932.0 
3126.0 922.0 
3085.0 926.0 
3194.0 921.0 
3729.0 918.0 
3031.0 941.0 
2919.0 954.0 
2937.0 951.0 
2987.0 950.0 
3040.0 939.0 
3051.0 932.0 
3156.0 922.0 
3113.0 927.0 
2920.0 960.0 
2946.0 951.0 
3041.0 944.0 
3059.0 942.0 
3074.0 941.0 
3970.0 922.0 
3277.0 923.0 
3210.0 929.0 
3157.0 933.0 
2946.0 955.0 
2957.0 951.0 
3972.0 922.0 
2961.0 955.0 
3638.0 923.0 
3443.0 925.0 
3236.0 930.0 
3169.0 939.0 
3306.0 928.0 
3029.0 952.0 
