2184.0 594.0 
2099.0 631.0 
2162.0 607.0 
2136.0 613.0 
2199.0 589.0 
2184.0 594.0 
2184.0 594.0 
2162.0 607.0 
2207.0 587.0 
2091.0 632.0 
2168.0 606.0 
2176.0 595.0 
2161.0 608.0 
2184.0 594.0 
2184.0 594.0 
2117.0 628.0 
2143.0 612.0 
2175.0 597.0 
2122.0 624.0 
2136.0 615.0 
2139.0 614.0 
2202.0 590.0 
2166.0 607.0 
2166.0 607.0 
2166.0 607.0 
2166.0 607.0 
2215.0 588.0 
2092.0 632.0 
2091.0 633.0 
2091.0 633.0 
2091.0 633.0 
2178.0 595.0 
2161.0 610.0 
2163.0 608.0 
2120.0 630.0 
2121.0 629.0 
2120.0 630.0 
2145.0 613.0 
2145.0 613.0 
2145.0 613.0 
2175.0 605.0 
2137.0 615.0 
2141.0 614.0 
2207.0 590.0 
2203.0 593.0 
2091.0 638.0 
2097.0 633.0 
2095.0 637.0 
2095.0 637.0 
2091.0 638.0 
2095.0 637.0 
2097.0 633.0 
2184.0 595.0 
2184.0 595.0 
2184.0 595.0 
2183.0 599.0 
2184.0 595.0 
2180.0 601.0 
2165.0 608.0 
2163.0 611.0 
2122.0 629.0 
2151.0 613.0 
2175.0 606.0 
2176.0 605.0 
2140.0 615.0 
2137.0 616.0 
2140.0 615.0 
2137.0 616.0 
2145.0 614.0 
2145.0 614.0 
2145.0 614.0 
2145.0 614.0 
2145.0 614.0 
2145.0 614.0 
2216.0 591.0 
2216.0 591.0 
2209.0 592.0 
2094.0 639.0 
2091.0 641.0 
2095.0 638.0 
2095.0 638.0 
2098.0 636.0 
2097.0 637.0 
2099.0 633.0 
2098.0 636.0 
2183.0 600.0 
2183.0 600.0 
2183.0 600.0 
2186.0 596.0 
2207.0 595.0 
2185.0 598.0 
2182.0 601.0 
2165.0 609.0 
2173.0 608.0 
2127.0 631.0 
2163.0 613.0 
2163.0 613.0 
2213.0 592.0 
2095.0 639.0 
2128.0 631.0 
