2330.0 674.0 
2455.0 673.0 
2100.0 677.0 
2571.0 651.0 
2533.0 654.0 
2633.0 629.0 
2525.0 659.0 
2330.0 674.0 
2605.0 643.0 
2585.0 647.0 
2324.0 677.0 
2246.0 679.0 
2112.0 748.0 
2127.0 731.0 
2112.0 748.0 
2156.0 688.0 
2196.0 681.0 
2559.0 658.0 
2668.0 634.0 
2668.0 634.0 
2676.0 633.0 
2668.0 634.0 
2547.0 665.0 
2525.0 672.0 
2400.0 675.0 
2368.0 676.0 
2607.0 644.0 
2597.0 649.0 
2587.0 657.0 
2255.0 680.0 
2143.0 735.0 
2113.0 754.0 
2124.0 752.0 
2171.0 689.0 
2234.0 684.0 
2571.0 658.0 
2561.0 659.0 
2680.0 643.0 
2688.0 634.0 
2551.0 666.0 
2646.0 644.0 
2613.0 652.0 
2617.0 651.0 
2595.0 657.0 
2473.0 680.0 
2342.0 681.0 
2330.0 683.0 
2146.0 756.0 
2138.0 758.0 
2146.0 756.0 
2131.0 765.0 
2129.0 773.0 
2176.0 698.0 
2195.0 693.0 
2253.0 688.0 
2253.0 688.0 
2257.0 684.0 
2239.0 692.0 
2575.0 659.0 
2572.0 665.0 
2689.0 638.0 
2731.0 636.0 
2558.0 670.0 
2558.0 670.0 
2683.0 645.0 
2683.0 645.0 
2674.0 654.0 
2611.0 658.0 
2615.0 657.0 
2406.0 681.0 
2137.0 769.0 
2137.0 769.0 
2137.0 769.0 
2181.0 716.0 
2189.0 702.0 
2188.0 703.0 
2231.0 694.0 
2231.0 694.0 
2220.0 701.0 
2220.0 701.0 
2354.0 685.0 
2302.0 686.0 
2268.0 688.0 
2606.0 661.0 
2598.0 663.0 
2595.0 668.0 
2589.0 669.0 
2722.0 639.0 
2733.0 637.0 
2558.0 671.0 
2703.0 650.0 
2678.0 656.0 
2638.0 658.0 
2622.0 660.0 
2635.0 659.0 
2150.0 773.0 
2150.0 773.0 
2748.0 639.0 
2560.0 674.0 
2186.0 757.0 
