124.0 24.0 
45.0 52.0 
45.0 52.0 
124.0 24.0 
86.0 34.0 
79.0 35.0 
114.0 27.0 
122.0 25.0 
108.0 28.0 
116.0 26.0 
79.0 35.0 
108.0 28.0 
71.0 37.0 
104.0 29.0 
100.0 30.0 
96.0 31.0 
75.0 36.0 
104.0 29.0 
92.0 32.0 
100.0 30.0 
71.0 37.0 
96.0 31.0 
67.0 38.0 
75.0 36.0 
67.0 38.0 
92.0 32.0 
89.0 33.0 
89.0 33.0 
86.0 34.0 
64.0 39.0 
116.0 26.0 
64.0 39.0 
62.0 40.0 
60.0 41.0 
52.0 47.0 
50.0 48.0 
58.0 42.0 
114.0 27.0 
60.0 41.0 
122.0 25.0 
48.0 49.0 
50.0 48.0 
58.0 42.0 
56.0 43.0 
62.0 40.0 
56.0 43.0 
48.0 49.0 
55.0 44.0 
47.0 50.0 
53.0 46.0 
54.0 45.0 
46.0 51.0 
47.0 50.0 
53.0 46.0 
46.0 51.0 
52.0 47.0 
54.0 45.0 
55.0 44.0 
124.0 24.0 
45.0 52.0 
79.0 35.0 
108.0 28.0 
75.0 36.0 
104.0 29.0 
96.0 31.0 
100.0 30.0 
71.0 37.0 
92.0 32.0 
67.0 38.0 
89.0 33.0 
86.0 34.0 
116.0 26.0 
64.0 39.0 
60.0 41.0 
50.0 48.0 
58.0 42.0 
122.0 25.0 
62.0 40.0 
114.0 27.0 
48.0 49.0 
56.0 43.0 
47.0 50.0 
52.0 47.0 
55.0 44.0 
46.0 51.0 
53.0 46.0 
54.0 45.0 
124.0 24.0 
45.0 52.0 
79.0 35.0 
108.0 28.0 
96.0 31.0 
104.0 29.0 
100.0 30.0 
71.0 37.0 
75.0 36.0 
92.0 32.0 
67.0 38.0 
86.0 34.0 
89.0 33.0 
