99.0 32.0 
99.0 32.0 
99.0 32.0 
99.0 32.0 
99.0 32.0 
114.0 28.0 
99.0 32.0 
118.0 26.0 
67.0 43.0 
99.0 32.0 
99.0 32.0 
114.0 28.0 
99.0 32.0 
67.0 43.0 
102.0 31.0 
99.0 32.0 
99.0 32.0 
81.0 38.0 
68.0 42.0 
99.0 32.0 
99.0 32.0 
99.0 32.0 
99.0 32.0 
99.0 32.0 
68.0 42.0 
123.0 25.0 
68.0 42.0 
70.0 41.0 
67.0 43.0 
114.0 28.0 
99.0 32.0 
47.0 51.0 
89.0 36.0 
118.0 26.0 
102.0 31.0 
99.0 32.0 
99.0 32.0 
104.0 30.0 
89.0 36.0 
62.0 44.0 
99.0 32.0 
118.0 26.0 
86.0 37.0 
67.0 43.0 
58.0 47.0 
47.0 51.0 
124.0 24.0 
94.0 35.0 
49.0 50.0 
99.0 32.0 
107.0 29.0 
58.0 47.0 
86.0 37.0 
124.0 24.0 
114.0 28.0 
114.0 28.0 
77.0 39.0 
47.0 51.0 
58.0 47.0 
67.0 43.0 
68.0 42.0 
107.0 29.0 
99.0 32.0 
67.0 43.0 
68.0 42.0 
89.0 36.0 
86.0 37.0 
94.0 35.0 
58.0 47.0 
104.0 30.0 
81.0 38.0 
124.0 24.0 
124.0 24.0 
99.0 32.0 
123.0 25.0 
94.0 35.0 
86.0 37.0 
54.0 48.0 
60.0 46.0 
46.0 54.0 
89.0 36.0 
75.0 40.0 
125.0 24.0 
125.0 24.0 
46.0 55.0 
116.0 28.0 
63.0 44.0 
108.0 29.0 
52.0 50.0 
123.0 26.0 
82.0 38.0 
95.0 35.0 
88.0 37.0 
99.0 34.0 
57.0 48.0 
69.0 42.0 
48.0 52.0 
69.0 42.0 
105.0 30.0 
76.0 40.0 
