69.0 21.0 
78.0 19.0 
59.0 24.0 
69.0 21.0 
78.0 19.0 
78.0 19.0 
69.0 21.0 
69.0 21.0 
59.0 24.0 
81.0 18.0 
78.0 19.0 
69.0 21.0 
81.0 18.0 
78.0 19.0 
69.0 21.0 
69.0 21.0 
59.0 24.0 
78.0 19.0 
75.0 20.0 
59.0 24.0 
69.0 21.0 
78.0 19.0 
78.0 19.0 
65.0 22.0 
69.0 21.0 
69.0 21.0 
62.0 23.0 
69.0 21.0 
81.0 18.0 
62.0 23.0 
78.0 19.0 
78.0 19.0 
69.0 21.0 
65.0 22.0 
75.0 20.0 
69.0 21.0 
69.0 21.0 
59.0 26.0 
82.0 18.0 
82.0 18.0 
70.0 21.0 
76.0 20.0 
60.0 24.0 
66.0 22.0 
63.0 23.0 
63.0 23.0 
79.0 19.0 
79.0 19.0 
66.0 22.0 
76.0 20.0 
60.0 24.0 
60.0 24.0 
60.0 24.0 
60.0 24.0 
60.0 24.0 
60.0 24.0 
82.0 18.0 
82.0 18.0 
82.0 18.0 
82.0 18.0 
82.0 18.0 
82.0 18.0 
82.0 18.0 
63.0 23.0 
63.0 23.0 
63.0 23.0 
63.0 23.0 
63.0 23.0 
63.0 23.0 
63.0 23.0 
63.0 23.0 
63.0 23.0 
63.0 23.0 
63.0 23.0 
63.0 23.0 
63.0 23.0 
63.0 23.0 
63.0 23.0 
63.0 23.0 
63.0 23.0 
63.0 23.0 
63.0 23.0 
63.0 23.0 
63.0 23.0 
63.0 23.0 
63.0 23.0 
63.0 23.0 
63.0 23.0 
63.0 23.0 
63.0 23.0 
63.0 23.0 
63.0 23.0 
63.0 23.0 
63.0 23.0 
63.0 23.0 
63.0 23.0 
63.0 23.0 
63.0 23.0 
63.0 23.0 
63.0 23.0 
