4194.0 921.0 
3274.0 1102.0 
3472.0 1062.0 
3497.0 1035.0 
3150.0 1126.0 
3932.0 956.0 
3399.0 1084.0 
3311.0 1085.0 
4012.0 953.0 
4193.0 935.0 
3501.0 959.0 
4268.0 926.0 
3489.0 1078.0 
3226.0 1133.0 
3226.0 1133.0 
3334.0 1094.0 
3397.0 1085.0 
3334.0 1094.0 
3325.0 1131.0 
4089.0 954.0 
3768.0 980.0 
3632.0 1003.0 
4019.0 960.0 
3523.0 1005.0 
3768.0 980.0 
3632.0 1003.0 
3458.0 1107.0 
3496.0 1105.0 
3333.0 1149.0 
4156.0 968.0 
3618.0 1026.0 
3547.0 1050.0 
3610.0 1036.0 
3542.0 1087.0 
3801.0 985.0 
3867.0 980.0 
3634.0 1015.0 
3471.0 1137.0 
3371.0 1152.0 
3371.0 1152.0 
4195.0 968.0 
3560.0 1068.0 
3556.0 1099.0 
3545.0 1105.0 
3804.0 1006.0 
3815.0 989.0 
3804.0 1006.0 
3804.0 1006.0 
3899.0 987.0 
3767.0 1020.0 
3740.0 1028.0 
3658.0 1045.0 
3642.0 1060.0 
3488.0 1186.0 
3539.0 1178.0 
3425.0 1287.0 
4539.0 979.0 
4539.0 979.0 
5140.0 973.0 
3590.0 1089.0 
3546.0 1122.0 
3815.0 992.0 
4003.0 991.0 
4003.0 991.0 
3768.0 1027.0 
3745.0 1044.0 
3704.0 1047.0 
3662.0 1049.0 
3542.0 1199.0 
3542.0 1199.0 
3542.0 1199.0 
3632.0 1101.0 
3632.0 1101.0 
3597.0 1178.0 
3593.0 1196.0 
3608.0 1149.0 
3607.0 1175.0 
3991.0 993.0 
3907.0 995.0 
3842.0 1028.0 
3695.0 1071.0 
3695.0 1071.0 
3807.0 1062.0 
3824.0 1057.0 
3709.0 1066.0 
3633.0 1105.0 
3601.0 1207.0 
3601.0 1207.0 
3616.0 1184.0 
3612.0 1200.0 
4103.0 996.0 
4385.0 995.0 
4003.0 1005.0 
3857.0 1034.0 
3861.0 1028.0 
3733.0 1079.0 
3710.0 1089.0 
3617.0 1203.0 
4479.0 1002.0 
3740.0 1081.0 
