2429.0 616.0 
2389.0 632.0 
2086.0 805.0 
2178.0 730.0 
2368.0 639.0 
2347.0 663.0 
2285.0 669.0 
2165.0 750.0 
2391.0 624.0 
2169.0 738.0 
2202.0 685.0 
2111.0 763.0 
2453.0 615.0 
2091.0 790.0 
2429.0 616.0 
2104.0 779.0 
2076.0 806.0 
2316.0 668.0 
2181.0 733.0 
2181.0 733.0 
2387.0 652.0 
2312.0 680.0 
2399.0 624.0 
2174.0 749.0 
2232.0 714.0 
2274.0 694.0 
2223.0 732.0 
2223.0 732.0 
2224.0 721.0 
2237.0 703.0 
2138.0 763.0 
2112.0 795.0 
2082.0 806.0 
2082.0 806.0 
2316.0 669.0 
2183.0 734.0 
2416.0 626.0 
2401.0 666.0 
2406.0 643.0 
2297.0 698.0 
2292.0 702.0 
2228.0 733.0 
2228.0 733.0 
2244.0 724.0 
2255.0 715.0 
2273.0 714.0 
2283.0 706.0 
2142.0 765.0 
2139.0 790.0 
2130.0 797.0 
2102.0 806.0 
2098.0 834.0 
2098.0 834.0 
2101.0 825.0 
2336.0 674.0 
2317.0 684.0 
2398.0 669.0 
2186.0 741.0 
2186.0 741.0 
2212.0 739.0 
2478.0 631.0 
2429.0 635.0 
2418.0 640.0 
2414.0 648.0 
2309.0 704.0 
2239.0 738.0 
2247.0 725.0 
2256.0 719.0 
2256.0 719.0 
2290.0 711.0 
2157.0 766.0 
2151.0 773.0 
2153.0 769.0 
2145.0 792.0 
2145.0 792.0 
2142.0 802.0 
2107.0 813.0 
2103.0 834.0 
2354.0 674.0 
2354.0 674.0 
2323.0 689.0 
2319.0 701.0 
2348.0 687.0 
2400.0 670.0 
2744.0 632.0 
2111.0 814.0 
2203.0 751.0 
2155.0 769.0 
2543.0 640.0 
2489.0 641.0 
2251.0 730.0 
2146.0 799.0 
2645.0 638.0 
2648.0 633.0 
2422.0 651.0 
2417.0 654.0 
2325.0 689.0 
2298.0 712.0 
2144.0 811.0 
2319.0 710.0 
