2150.0 569.0 
2316.0 500.0 
2168.0 552.0 
1992.0 626.0 
2427.0 491.0 
2283.0 502.0 
2294.0 501.0 
2316.0 500.0 
2283.0 502.0 
2162.0 554.0 
2277.0 512.0 
2253.0 513.0 
2071.0 599.0 
2283.0 502.0 
2150.0 569.0 
2294.0 501.0 
1960.0 634.0 
2201.0 525.0 
2071.0 599.0 
2294.0 501.0 
2423.0 496.0 
1978.0 628.0 
2206.0 522.0 
2162.0 554.0 
2322.0 498.0 
2195.0 533.0 
1992.0 626.0 
2079.0 585.0 
2011.0 612.0 
2132.0 584.0 
2150.0 569.0 
2182.0 537.0 
2433.0 495.0 
2321.0 500.0 
2321.0 500.0 
2271.0 517.0 
2271.0 517.0 
2271.0 517.0 
2271.0 517.0 
2271.0 517.0 
2271.0 517.0 
2271.0 517.0 
2271.0 517.0 
2271.0 517.0 
2271.0 517.0 
2281.0 514.0 
2288.0 512.0 
2288.0 512.0 
2310.0 501.0 
2303.0 503.0 
2295.0 504.0 
1981.0 630.0 
1988.0 628.0 
2246.0 522.0 
2211.0 525.0 
2166.0 561.0 
2166.0 561.0 
2166.0 561.0 
2166.0 561.0 
2166.0 561.0 
2415.0 498.0 
2082.0 586.0 
2055.0 612.0 
2055.0 612.0 
2055.0 612.0 
2014.0 613.0 
2055.0 612.0 
2161.0 570.0 
2161.0 570.0 
2164.0 569.0 
2154.0 571.0 
2197.0 541.0 
2196.0 550.0 
2197.0 541.0 
2192.0 553.0 
2204.0 537.0 
2187.0 556.0 
2476.0 495.0 
1990.0 633.0 
1990.0 633.0 
2381.0 501.0 
2083.0 586.0 
2163.0 576.0 
2060.0 613.0 
2168.0 561.0 
2322.0 502.0 
2205.0 541.0 
2196.0 552.0 
2269.0 524.0 
2018.0 619.0 
2003.0 629.0 
2213.0 526.0 
2273.0 518.0 
2301.0 511.0 
2083.0 586.0 
2217.0 525.0 
2292.0 513.0 
2035.0 616.0 
2060.0 613.0 
2035.0 616.0 
