2843.0 824.0 
3193.0 792.0 
2712.0 883.0 
3188.0 793.0 
2734.0 866.0 
3054.0 799.0 
2864.0 830.0 
3229.0 798.0 
2753.0 999.0 
3079.0 800.0 
3079.0 800.0 
3074.0 851.0 
2913.0 887.0 
2872.0 932.0 
2963.0 874.0 
2934.0 881.0 
2966.0 867.0 
3301.0 799.0 
2830.0 1011.0 
2830.0 1011.0 
2871.0 1006.0 
3166.0 815.0 
3088.0 827.0 
3148.0 826.0 
3190.0 811.0 
3190.0 811.0 
3241.0 800.0 
3083.0 838.0 
3150.0 820.0 
3148.0 826.0 
2889.0 937.0 
2946.0 920.0 
3014.0 882.0 
2987.0 887.0 
2864.0 1028.0 
3179.0 818.0 
3088.0 833.0 
3090.0 827.0 
3191.0 811.0 
3191.0 811.0 
3086.0 840.0 
2895.0 983.0 
2932.0 966.0 
3014.0 885.0 
2882.0 1085.0 
3099.0 828.0 
3191.0 816.0 
3191.0 816.0 
3191.0 816.0 
3191.0 816.0 
3192.0 811.0 
3093.0 843.0 
2900.0 987.0 
2935.0 966.0 
2935.0 966.0 
3030.0 899.0 
3028.0 905.0 
3024.0 908.0 
3092.0 889.0 
3092.0 889.0 
3034.0 895.0 
3021.0 945.0 
3020.0 961.0 
3022.0 913.0 
3021.0 945.0 
3136.0 828.0 
3135.0 829.0 
3131.0 831.0 
3401.0 817.0 
3401.0 817.0 
3401.0 817.0 
3428.0 812.0 
3217.0 819.0 
3401.0 817.0 
3100.0 846.0 
2944.0 978.0 
2955.0 968.0 
2943.0 1012.0 
2939.0 1041.0 
3032.0 908.0 
3087.0 899.0 
3037.0 905.0 
3087.0 899.0 
3168.0 829.0 
3141.0 835.0 
3273.0 824.0 
3273.0 824.0 
3264.0 825.0 
3412.0 817.0 
3412.0 817.0 
3410.0 823.0 
3117.0 854.0 
3112.0 859.0 
2941.0 1045.0 
2941.0 1045.0 
3281.0 827.0 
3281.0 827.0 
3034.0 954.0 
3123.0 881.0 
3076.0 905.0 
