379.0 178.0 
355.0 202.0 
459.0 173.0 
379.0 178.0 
379.0 178.0 
359.0 200.0 
1141.0 130.0 
379.0 178.0 
379.0 178.0 
723.0 153.0 
1606.0 119.0 
459.0 173.0 
517.0 169.0 
716.0 154.0 
723.0 153.0 
431.0 175.0 
483.0 172.0 
1141.0 130.0 
459.0 173.0 
355.0 202.0 
744.0 151.0 
1141.0 130.0 
821.0 145.0 
587.0 161.0 
359.0 200.0 
716.0 154.0 
355.0 202.0 
817.0 148.0 
1606.0 119.0 
431.0 175.0 
625.0 159.0 
560.0 163.0 
1641.0 113.0 
1289.0 127.0 
1614.0 118.0 
431.0 175.0 
1627.0 114.0 
1087.0 131.0 
773.0 149.0 
821.0 145.0 
1033.0 134.0 
587.0 161.0 
379.0 178.0 
1470.0 120.0 
1141.0 130.0 
532.0 165.0 
366.0 185.0 
355.0 202.0 
669.0 155.0 
1467.0 121.0 
364.0 195.0 
929.0 141.0 
1606.0 119.0 
365.0 191.0 
981.0 136.0 
1303.0 126.0 
1250.0 128.0 
517.0 169.0 
1362.0 124.0 
1627.0 114.0 
923.0 143.0 
716.0 154.0 
821.0 145.0 
1033.0 134.0 
915.0 144.0 
625.0 159.0 
588.0 160.0 
1666.0 113.0 
1666.0 113.0 
357.0 212.0 
357.0 212.0 
930.0 141.0 
1618.0 118.0 
360.0 200.0 
514.0 173.0 
861.0 145.0 
359.0 207.0 
1471.0 120.0 
1389.0 124.0 
1292.0 127.0 
365.0 192.0 
1362.0 125.0 
1200.0 130.0 
1468.0 121.0 
379.0 179.0 
533.0 166.0 
615.0 160.0 
371.0 185.0 
820.0 150.0 
774.0 151.0 
590.0 161.0 
1043.0 135.0 
981.0 137.0 
1087.0 132.0 
821.0 146.0 
1630.0 115.0 
747.0 153.0 
1257.0 129.0 
460.0 174.0 
669.0 158.0 
