1030.0 335.0 
1226.0 316.0 
2066.0 276.0 
724.0 352.0 
753.0 346.0 
1226.0 316.0 
1956.0 300.0 
647.0 356.0 
2009.0 284.0 
607.0 422.0 
1029.0 342.0 
1837.0 314.0 
1921.0 301.0 
857.0 345.0 
1094.0 340.0 
794.0 346.0 
772.0 352.0 
756.0 354.0 
1355.0 339.0 
1701.0 319.0 
1355.0 339.0 
1539.0 325.0 
1355.0 339.0 
654.0 360.0 
654.0 360.0 
2245.0 295.0 
2101.0 300.0 
1038.0 342.0 
1936.0 308.0 
1963.0 307.0 
2016.0 301.0 
864.0 350.0 
1022.0 346.0 
867.0 349.0 
952.0 347.0 
793.0 353.0 
792.0 356.0 
1887.0 319.0 
1736.0 331.0 
1474.0 340.0 
660.0 362.0 
786.0 361.0 
786.0 361.0 
658.0 366.0 
1040.0 342.0 
1943.0 308.0 
2084.0 303.0 
904.0 352.0 
1000.0 350.0 
881.0 354.0 
827.0 355.0 
814.0 358.0 
816.0 357.0 
1850.0 341.0 
1896.0 340.0 
661.0 376.0 
777.0 367.0 
714.0 371.0 
658.0 406.0 
777.0 367.0 
1041.0 342.0 
1041.0 342.0 
1961.0 316.0 
1952.0 323.0 
1961.0 316.0 
1961.0 316.0 
1952.0 323.0 
2093.0 306.0 
2189.0 305.0 
1022.0 353.0 
1022.0 353.0 
918.0 356.0 
828.0 359.0 
704.0 392.0 
774.0 386.0 
744.0 390.0 
775.0 381.0 
718.0 391.0 
689.0 413.0 
801.0 372.0 
796.0 375.0 
1044.0 342.0 
2026.0 319.0 
1952.0 324.0 
1967.0 323.0 
2256.0 309.0 
692.0 437.0 
2585.0 309.0 
1851.0 343.0 
1051.0 345.0 
2097.0 321.0 
714.0 406.0 
842.0 361.0 
1047.0 347.0 
1991.0 324.0 
1956.0 341.0 
773.0 392.0 
823.0 372.0 
724.0 397.0 
797.0 378.0 
