25.0 20.0 
35.0 29.0 
38.0 27.0 
42.0 26.0 
35.0 29.0 
34.0 32.0 
35.0 29.0 
39.0 27.0 
49.0 26.0 
35.0 30.0 
40.0 29.0 
41.0 28.0 
37.0 30.0 
45.0 29.0 
45.0 29.0 
37.0 31.0 
40.0 30.0 
52.0 29.0 
39.0 31.0 
43.0 30.0 
44.0 30.0 
43.0 32.0 
51.0 30.0 
46.0 31.0 
46.0 31.0 
46.0 31.0 
46.0 31.0 
43.0 37.0 
52.0 30.0 
46.0 32.0 
46.0 32.0 
52.0 31.0 
52.0 31.0 
46.0 33.0 
49.0 32.0 
54.0 31.0 
46.0 34.0 
49.0 33.0 
46.0 37.0 
46.0 37.0 
47.0 34.0 
47.0 34.0 
46.0 37.0 
46.0 37.0 
46.0 37.0 
46.0 37.0 
52.0 33.0 
47.0 36.0 
47.0 36.0 
49.0 35.0 
46.0 38.0 
46.0 38.0 
46.0 38.0 
46.0 38.0 
46.0 38.0 
46.0 38.0 
46.0 38.0 
46.0 38.0 
46.0 38.0 
52.0 34.0 
53.0 33.0 
52.0 34.0 
49.0 36.0 
49.0 36.0 
49.0 36.0 
47.0 38.0 
46.0 42.0 
54.0 33.0 
52.0 35.0 
50.0 36.0 
50.0 36.0 
50.0 36.0 
47.0 40.0 
47.0 40.0 
47.0 40.0 
48.0 38.0 
57.0 34.0 
53.0 35.0 
53.0 35.0 
51.0 37.0 
48.0 39.0 
50.0 38.0 
67.0 34.0 
54.0 36.0 
55.0 35.0 
52.0 37.0 
49.0 39.0 
48.0 40.0 
56.0 35.0 
55.0 36.0 
54.0 37.0 
50.0 39.0 
49.0 41.0 
49.0 41.0 
57.0 35.0 
49.0 43.0 
49.0 43.0 
59.0 35.0 
59.0 35.0 
55.0 37.0 
