1936.0 108.0 
278.0 204.0 
1936.0 108.0 
1702.0 112.0 
290.0 193.0 
1855.0 111.0 
1132.0 133.0 
324.0 189.0 
285.0 202.0 
328.0 181.0 
1459.0 122.0 
1351.0 125.0 
1503.0 120.0 
726.0 151.0 
1675.0 115.0 
630.0 158.0 
435.0 172.0 
1209.0 131.0 
1557.0 118.0 
1027.0 137.0 
963.0 138.0 
831.0 145.0 
488.0 168.0 
855.0 142.0 
461.0 169.0 
1314.0 127.0 
391.0 173.0 
514.0 165.0 
290.0 193.0 
324.0 189.0 
786.0 147.0 
1314.0 127.0 
593.0 159.0 
963.0 138.0 
1909.0 109.0 
780.0 150.0 
1855.0 111.0 
1621.0 116.0 
909.0 139.0 
335.0 177.0 
1209.0 131.0 
1101.0 135.0 
1270.0 129.0 
558.0 162.0 
646.0 156.0 
699.0 152.0 
882.0 140.0 
1909.0 109.0 
1395.0 124.0 
1071.0 136.0 
1270.0 129.0 
1027.0 137.0 
514.0 165.0 
855.0 142.0 
697.0 154.0 
1422.0 123.0 
540.0 163.0 
370.0 176.0 
387.0 175.0 
1243.0 130.0 
1591.0 117.0 
1101.0 135.0 
1621.0 116.0 
1591.0 117.0 
1071.0 136.0 
1533.0 119.0 
802.0 146.0 
1702.0 112.0 
909.0 139.0 
882.0 140.0 
1422.0 123.0 
673.0 155.0 
1675.0 115.0 
1243.0 130.0 
1395.0 124.0 
567.0 161.0 
461.0 169.0 
593.0 159.0 
540.0 163.0 
435.0 172.0 
488.0 168.0 
567.0 161.0 
1533.0 119.0 
673.0 155.0 
831.0 145.0 
285.0 202.0 
328.0 181.0 
331.0 179.0 
331.0 179.0 
781.0 149.0 
370.0 176.0 
802.0 146.0 
646.0 156.0 
781.0 149.0 
391.0 173.0 
335.0 177.0 
387.0 175.0 
699.0 152.0 
697.0 154.0 
780.0 150.0 
