532.0 245.0 
532.0 245.0 
516.0 248.0 
484.0 251.0 
1407.0 174.0 
541.0 244.0 
1054.0 190.0 
456.0 259.0 
1654.0 167.0 
551.0 224.0 
394.0 298.0 
932.0 192.0 
1682.0 162.0 
849.0 199.0 
1217.0 176.0 
547.0 235.0 
456.0 259.0 
401.0 274.0 
1654.0 167.0 
541.0 244.0 
927.0 197.0 
684.0 208.0 
1437.0 170.0 
2173.0 151.0 
849.0 199.0 
424.0 272.0 
541.0 244.0 
1163.0 178.0 
1719.0 157.0 
952.0 191.0 
1829.0 155.0 
1078.0 188.0 
551.0 224.0 
2064.0 153.0 
651.0 216.0 
1130.0 185.0 
616.0 218.0 
1780.0 156.0 
849.0 199.0 
1217.0 176.0 
547.0 235.0 
445.0 265.0 
395.0 304.0 
2073.0 153.0 
1691.0 164.0 
1726.0 157.0 
1408.0 174.0 
1115.0 190.0 
2064.0 154.0 
1384.0 179.0 
1226.0 180.0 
559.0 224.0 
938.0 196.0 
1165.0 185.0 
621.0 218.0 
552.0 229.0 
408.0 295.0 
413.0 283.0 
836.0 208.0 
429.0 272.0 
913.0 199.0 
791.0 209.0 
1222.0 183.0 
533.0 245.0 
547.0 238.0 
653.0 217.0 
495.0 258.0 
456.0 262.0 
420.0 276.0 
403.0 301.0 
850.0 203.0 
417.0 282.0 
741.0 210.0 
547.0 238.0 
728.0 213.0 
1407.0 176.0 
519.0 250.0 
938.0 196.0 
450.0 266.0 
500.0 254.0 
404.0 297.0 
856.0 202.0 
462.0 259.0 
450.0 266.0 
701.0 215.0 
426.0 275.0 
705.0 214.0 
2064.0 154.0 
929.0 198.0 
856.0 202.0 
532.0 247.0 
512.0 253.0 
532.0 247.0 
701.0 215.0 
741.0 210.0 
513.0 252.0 
513.0 252.0 
462.0 259.0 
932.0 197.0 
413.0 283.0 
