866.0 161.0 
739.0 165.0 
367.0 255.0 
866.0 161.0 
634.0 173.0 
739.0 165.0 
497.0 185.0 
418.0 219.0 
358.0 258.0 
1105.0 141.0 
418.0 219.0 
1716.0 120.0 
442.0 200.0 
1828.0 109.0 
679.0 168.0 
1824.0 112.0 
611.0 174.0 
465.0 194.0 
1716.0 120.0 
358.0 258.0 
881.0 160.0 
358.0 258.0 
493.0 191.0 
1103.0 143.0 
1787.0 116.0 
498.0 183.0 
435.0 210.0 
1370.0 132.0 
639.0 170.0 
474.0 192.0 
1318.0 134.0 
358.0 258.0 
739.0 165.0 
1395.0 125.0 
1370.0 132.0 
1697.0 122.0 
912.0 156.0 
860.0 162.0 
1103.0 143.0 
425.0 214.0 
1828.0 109.0 
374.0 252.0 
739.0 165.0 
976.0 146.0 
534.0 175.0 
1195.0 137.0 
1615.0 123.0 
895.0 158.0 
1787.0 116.0 
465.0 194.0 
435.0 210.0 
710.0 166.0 
358.0 258.0 
1020.0 145.0 
1825.0 111.0 
1390.0 129.0 
1217.0 135.0 
1801.0 114.0 
935.0 150.0 
377.0 228.0 
1786.0 117.0 
1697.0 122.0 
1878.0 109.0 
358.0 259.0 
358.0 259.0 
1396.0 125.0 
1617.0 124.0 
387.0 232.0 
386.0 253.0 
1374.0 134.0 
1302.0 135.0 
477.0 195.0 
949.0 150.0 
435.0 211.0 
1022.0 145.0 
406.0 230.0 
1125.0 144.0 
418.0 220.0 
543.0 176.0 
500.0 188.0 
442.0 204.0 
464.0 201.0 
514.0 185.0 
542.0 180.0 
1127.0 141.0 
1785.0 120.0 
863.0 163.0 
427.0 218.0 
938.0 153.0 
620.0 174.0 
1673.0 123.0 
1196.0 140.0 
1217.0 136.0 
912.0 157.0 
1716.0 121.0 
772.0 165.0 
644.0 171.0 
369.0 257.0 
1022.0 145.0 
1801.0 115.0 
