1735.0 503.0 
1641.0 535.0 
1751.0 498.0 
1735.0 503.0 
1795.0 490.0 
1751.0 498.0 
1751.0 498.0 
1657.0 530.0 
1735.0 503.0 
1657.0 530.0 
1795.0 490.0 
1638.0 540.0 
1779.0 494.0 
1604.0 549.0 
1798.0 487.0 
1700.0 513.0 
1814.0 482.0 
1864.0 481.0 
1779.0 494.0 
1638.0 540.0 
1657.0 530.0 
1779.0 494.0 
1716.0 508.0 
1880.0 476.0 
1657.0 530.0 
1735.0 503.0 
1638.0 540.0 
1641.0 535.0 
1795.0 490.0 
1657.0 530.0 
1779.0 494.0 
1698.0 514.0 
1751.0 498.0 
1735.0 503.0 
1657.0 530.0 
1682.0 518.0 
1795.0 490.0 
1735.0 503.0 
1814.0 482.0 
1779.0 494.0 
1679.0 521.0 
1641.0 535.0 
1779.0 494.0 
1735.0 503.0 
1639.0 536.0 
1622.0 545.0 
1751.0 498.0 
1639.0 536.0 
1798.0 487.0 
1636.0 542.0 
1716.0 508.0 
1779.0 494.0 
1733.0 505.0 
1795.0 490.0 
1751.0 498.0 
1814.0 482.0 
1639.0 536.0 
1679.0 521.0 
1663.0 527.0 
1751.0 498.0 
1604.0 549.0 
1880.0 477.0 
1606.0 549.0 
1864.0 482.0 
1670.0 531.0 
1826.0 484.0 
1801.0 487.0 
1641.0 536.0 
1640.0 539.0 
1751.0 499.0 
1717.0 509.0 
1679.0 522.0 
1779.0 495.0 
1826.0 484.0 
1779.0 495.0 
1795.0 493.0 
1632.0 545.0 
1798.0 489.0 
1657.0 532.0 
1748.0 503.0 
1735.0 505.0 
1682.0 519.0 
1735.0 505.0 
1698.0 517.0 
1622.0 548.0 
1701.0 515.0 
1716.0 511.0 
1679.0 522.0 
1657.0 532.0 
1701.0 515.0 
1751.0 499.0 
1716.0 511.0 
1624.0 546.0 
1632.0 545.0 
1698.0 517.0 
1682.0 519.0 
1748.0 503.0 
1795.0 493.0 
1624.0 546.0 
1622.0 548.0 
