74.0 32.0 
70.0 36.0 
107.0 28.0 
102.0 33.0 
98.0 35.0 
89.0 37.0 
90.0 36.0 
80.0 38.0 
107.0 34.0 
98.0 37.0 
84.0 42.0 
85.0 38.0 
107.0 36.0 
103.0 37.0 
91.0 39.0 
86.0 48.0 
87.0 43.0 
112.0 36.0 
104.0 38.0 
91.0 40.0 
90.0 43.0 
90.0 43.0 
115.0 36.0 
114.0 37.0 
105.0 38.0 
92.0 41.0 
90.0 45.0 
90.0 45.0 
125.0 36.0 
115.0 37.0 
107.0 39.0 
110.0 38.0 
107.0 39.0 
100.0 41.0 
99.0 44.0 
99.0 44.0 
95.0 52.0 
96.0 45.0 
96.0 45.0 
117.0 37.0 
116.0 39.0 
100.0 42.0 
113.0 41.0 
95.0 55.0 
97.0 47.0 
99.0 45.0 
117.0 38.0 
101.0 42.0 
100.0 44.0 
115.0 41.0 
99.0 50.0 
137.0 38.0 
118.0 40.0 
120.0 39.0 
118.0 40.0 
108.0 42.0 
103.0 43.0 
102.0 47.0 
117.0 41.0 
124.0 39.0 
109.0 42.0 
104.0 46.0 
105.0 43.0 
103.0 48.0 
102.0 49.0 
120.0 41.0 
126.0 39.0 
111.0 42.0 
104.0 47.0 
105.0 44.0 
102.0 56.0 
126.0 40.0 
112.0 42.0 
104.0 48.0 
107.0 44.0 
103.0 57.0 
126.0 41.0 
118.0 42.0 
106.0 48.0 
104.0 51.0 
107.0 47.0 
109.0 45.0 
151.0 41.0 
119.0 42.0 
108.0 47.0 
107.0 51.0 
110.0 45.0 
119.0 43.0 
109.0 48.0 
109.0 48.0 
107.0 53.0 
115.0 45.0 
112.0 46.0 
115.0 45.0 
130.0 43.0 
108.0 53.0 
110.0 50.0 
114.0 46.0 
119.0 44.0 
117.0 45.0 
