41.0 72.0 
41.0 72.0 
88.0 38.0 
107.0 37.0 
57.0 49.0 
41.0 76.0 
42.0 74.0 
88.0 48.0 
95.0 40.0 
131.0 37.0 
59.0 71.0 
62.0 49.0 
42.0 79.0 
42.0 79.0 
42.0 79.0 
51.0 74.0 
42.0 79.0 
101.0 40.0 
80.0 49.0 
65.0 72.0 
69.0 62.0 
77.0 52.0 
60.0 76.0 
54.0 77.0 
60.0 76.0 
54.0 77.0 
44.0 80.0 
44.0 80.0 
50.0 79.0 
50.0 79.0 
44.0 80.0 
44.0 80.0 
121.0 46.0 
124.0 40.0 
104.0 48.0 
98.0 49.0 
91.0 51.0 
68.0 72.0 
71.0 62.0 
71.0 62.0 
83.0 61.0 
84.0 53.0 
83.0 61.0 
65.0 79.0 
46.0 81.0 
46.0 81.0 
46.0 81.0 
44.0 89.0 
132.0 41.0 
133.0 40.0 
132.0 41.0 
100.0 50.0 
100.0 50.0 
100.0 50.0 
101.0 49.0 
70.0 72.0 
74.0 62.0 
89.0 58.0 
89.0 58.0 
89.0 58.0 
93.0 53.0 
87.0 61.0 
68.0 80.0 
49.0 81.0 
46.0 85.0 
198.0 41.0 
132.0 42.0 
118.0 49.0 
109.0 51.0 
72.0 72.0 
70.0 77.0 
78.0 64.0 
83.0 63.0 
75.0 70.0 
77.0 67.0 
91.0 59.0 
91.0 59.0 
100.0 57.0 
104.0 56.0 
100.0 57.0 
50.0 82.0 
50.0 82.0 
50.0 82.0 
137.0 44.0 
197.0 43.0 
203.0 42.0 
203.0 42.0 
203.0 42.0 
203.0 42.0 
137.0 44.0 
120.0 49.0 
74.0 72.0 
71.0 80.0 
85.0 63.0 
77.0 71.0 
78.0 69.0 
98.0 61.0 
115.0 57.0 
105.0 60.0 
51.0 92.0 
