3965.0 1019.0 
3839.0 1025.0 
5332.0 1008.0 
4730.0 1021.0 
4104.0 1027.0 
3945.0 1156.0 
4001.0 1081.0 
3855.0 1162.0 
4935.0 1023.0 
4208.0 1028.0 
4002.0 1136.0 
4017.0 1131.0 
3918.0 1246.0 
5360.0 1026.0 
5360.0 1026.0 
4210.0 1029.0 
4076.0 1161.0 
4186.0 1134.0 
4010.0 1268.0 
4453.0 1047.0 
4300.0 1070.0 
4231.0 1072.0 
4697.0 1033.0 
4183.0 1162.0 
4161.0 1165.0 
4086.0 1168.0 
4109.0 1166.0 
4529.0 1055.0 
4258.0 1100.0 
4528.0 1092.0 
4487.0 1096.0 
4814.0 1034.0 
4099.0 1218.0 
4099.0 1218.0 
4158.0 1208.0 
4247.0 1172.0 
4543.0 1073.0 
4325.0 1134.0 
4354.0 1126.0 
4299.0 1165.0 
5123.0 1034.0 
4891.0 1049.0 
4879.0 1051.0 
4904.0 1047.0 
4860.0 1066.0 
4938.0 1043.0 
4113.0 1235.0 
4284.0 1223.0 
4856.0 1073.0 
4641.0 1087.0 
4856.0 1073.0 
4823.0 1081.0 
4856.0 1073.0 
4408.0 1132.0 
4567.0 1129.0 
4366.0 1164.0 
4348.0 1181.0 
4943.0 1049.0 
4163.0 1245.0 
4291.0 1229.0 
4297.0 1223.0 
4778.0 1090.0 
4692.0 1105.0 
4652.0 1116.0 
4909.0 1087.0 
4412.0 1160.0 
4646.0 1152.0 
4379.0 1198.0 
4386.0 1185.0 
4371.0 1204.0 
5438.0 1051.0 
4979.0 1058.0 
4953.0 1083.0 
5144.0 1052.0 
4279.0 1262.0 
4279.0 1262.0 
4279.0 1262.0 
4279.0 1262.0 
4301.0 1240.0 
4712.0 1112.0 
4703.0 1115.0 
4790.0 1110.0 
4683.0 1119.0 
4666.0 1143.0 
4652.0 1149.0 
4927.0 1095.0 
4504.0 1178.0 
4511.0 1171.0 
4485.0 1187.0 
4419.0 1199.0 
4378.0 1232.0 
5019.0 1070.0 
4996.0 1084.0 
4311.0 1255.0 
5245.0 1070.0 
4317.0 1270.0 
5087.0 1084.0 
4957.0 1108.0 
4916.0 1128.0 
4746.0 1135.0 
