6758.0 1306.0 
6758.0 1306.0 
6597.0 1332.0 
6575.0 1355.0 
6922.0 1559.0 
7577.0 1372.0 
6823.0 1631.0 
7246.0 1529.0 
7232.0 1565.0 
7694.0 1504.0 
8305.0 1467.0 
8023.0 1472.0 
7415.0 1538.0 
7398.0 1993.0 
12166.0 1478.0 
8312.0 1499.0 
8034.0 1501.0 
7438.0 1558.0 
9098.0 1506.0 
8680.0 1525.0 
12112.0 1503.0 
7468.0 1801.0 
7958.0 1574.0 
8144.0 1571.0 
7594.0 1612.0 
7652.0 1602.0 
8159.0 1558.0 
9078.0 1532.0 
7499.0 1909.0 
7612.0 1669.0 
7641.0 1618.0 
7883.0 1607.0 
8498.0 1600.0 
9008.0 1559.0 
7730.0 1632.0 
7679.0 1905.0 
8261.0 1612.0 
9189.0 1607.0 
9305.0 1562.0 
7866.0 1653.0 
7783.0 1701.0 
7730.0 2129.0 
8305.0 1645.0 
8347.0 1614.0 
8819.0 1612.0 
10397.0 1583.0 
7881.0 1657.0 
7881.0 1657.0 
7881.0 1657.0 
9482.0 1628.0 
10172.0 1615.0 
9130.0 1629.0 
10709.0 1584.0 
7931.0 1987.0 
8397.0 1671.0 
7961.0 1683.0 
9205.0 1643.0 
10729.0 1605.0 
8725.0 1676.0 
7979.0 1777.0 
8074.0 1687.0 
9288.0 1646.0 
11668.0 1608.0 
12822.0 1607.0 
8838.0 1678.0 
8008.0 1783.0 
7997.0 1839.0 
8238.0 1711.0 
10117.0 1651.0 
9541.0 1653.0 
9114.0 1699.0 
9228.0 1686.0 
8020.0 1796.0 
8106.0 1787.0 
8020.0 1796.0 
8318.0 1729.0 
9672.0 1656.0 
9193.0 1720.0 
9483.0 1696.0 
8236.0 1880.0 
8128.0 1951.0 
8444.0 1837.0 
8556.0 1738.0 
10070.0 1695.0 
10070.0 1695.0 
11205.0 1675.0 
9214.0 1721.0 
8279.0 1949.0 
8212.0 2028.0 
8485.0 1843.0 
9015.0 1781.0 
9212.0 1763.0 
10850.0 1704.0 
10818.0 1710.0 
12789.0 1688.0 
11872.0 1693.0 
8309.0 1955.0 
13149.0 1695.0 
8516.0 1862.0 
12063.0 1711.0 
