91.0 113.0 
100.0 93.0 
115.0 69.0 
123.0 64.0 
104.0 82.0 
100.0 93.0 
155.0 48.0 
125.0 57.0 
94.0 121.0 
94.0 121.0 
122.0 80.0 
123.0 72.0 
113.0 88.0 
104.0 94.0 
100.0 116.0 
161.0 57.0 
156.0 60.0 
125.0 64.0 
127.0 61.0 
122.0 85.0 
113.0 90.0 
107.0 94.0 
104.0 102.0 
101.0 119.0 
101.0 119.0 
101.0 119.0 
102.0 117.0 
182.0 57.0 
162.0 58.0 
157.0 60.0 
157.0 60.0 
126.0 71.0 
127.0 62.0 
127.0 62.0 
124.0 90.0 
124.0 90.0 
124.0 90.0 
115.0 93.0 
112.0 95.0 
109.0 99.0 
104.0 112.0 
108.0 107.0 
183.0 57.0 
163.0 59.0 
159.0 61.0 
137.0 62.0 
130.0 64.0 
129.0 77.0 
124.0 92.0 
118.0 93.0 
112.0 98.0 
112.0 98.0 
113.0 97.0 
115.0 96.0 
109.0 103.0 
104.0 114.0 
175.0 60.0 
164.0 62.0 
136.0 68.0 
143.0 65.0 
143.0 65.0 
136.0 68.0 
135.0 71.0 
132.0 82.0 
129.0 85.0 
122.0 95.0 
114.0 98.0 
117.0 97.0 
109.0 107.0 
104.0 118.0 
104.0 118.0 
106.0 114.0 
165.0 62.0 
140.0 70.0 
137.0 76.0 
138.0 73.0 
136.0 82.0 
132.0 83.0 
131.0 89.0 
130.0 91.0 
111.0 110.0 
104.0 123.0 
104.0 123.0 
104.0 123.0 
104.0 123.0 
108.0 114.0 
171.0 62.0 
168.0 63.0 
148.0 70.0 
137.0 80.0 
138.0 74.0 
138.0 74.0 
134.0 88.0 
133.0 91.0 
133.0 91.0 
131.0 95.0 
131.0 95.0 
130.0 96.0 
104.0 124.0 
104.0 124.0 
