139.0 70.0 
139.0 70.0 
144.0 69.0 
169.0 66.0 
129.0 94.0 
154.0 75.0 
145.0 86.0 
160.0 71.0 
167.0 69.0 
130.0 107.0 
133.0 98.0 
155.0 77.0 
146.0 87.0 
170.0 72.0 
170.0 72.0 
132.0 108.0 
132.0 108.0 
130.0 166.0 
142.0 100.0 
156.0 78.0 
164.0 77.0 
149.0 96.0 
153.0 93.0 
174.0 73.0 
132.0 109.0 
146.0 100.0 
144.0 104.0 
161.0 78.0 
150.0 99.0 
154.0 98.0 
179.0 73.0 
135.0 116.0 
143.0 111.0 
134.0 121.0 
145.0 108.0 
165.0 79.0 
175.0 78.0 
163.0 87.0 
161.0 88.0 
158.0 99.0 
201.0 75.0 
189.0 76.0 
203.0 73.0 
201.0 75.0 
140.0 118.0 
144.0 115.0 
138.0 123.0 
136.0 146.0 
137.0 141.0 
151.0 109.0 
146.0 110.0 
180.0 78.0 
176.0 86.0 
179.0 81.0 
176.0 86.0 
173.0 87.0 
163.0 97.0 
163.0 97.0 
167.0 89.0 
160.0 103.0 
199.0 77.0 
199.0 77.0 
208.0 76.0 
140.0 132.0 
140.0 132.0 
145.0 125.0 
136.0 147.0 
139.0 141.0 
158.0 109.0 
149.0 111.0 
146.0 120.0 
189.0 78.0 
186.0 81.0 
179.0 86.0 
176.0 87.0 
169.0 89.0 
167.0 91.0 
160.0 104.0 
203.0 77.0 
140.0 137.0 
143.0 135.0 
138.0 152.0 
137.0 174.0 
152.0 111.0 
146.0 125.0 
146.0 125.0 
146.0 125.0 
146.0 125.0 
149.0 122.0 
146.0 125.0 
205.0 78.0 
138.0 173.0 
141.0 161.0 
153.0 112.0 
191.0 83.0 
143.0 142.0 
179.0 87.0 
152.0 131.0 
199.0 79.0 
167.0 99.0 
