1705.0 537.0 
1710.0 526.0 
1738.0 510.0 
1797.0 501.0 
1791.0 503.0 
1757.0 507.0 
1714.0 525.0 
1676.0 552.0 
1855.0 465.0 
1705.0 537.0 
1797.0 501.0 
1738.0 510.0 
1710.0 526.0 
1705.0 537.0 
1716.0 516.0 
1816.0 489.0 
1806.0 490.0 
1705.0 537.0 
1798.0 497.0 
1850.0 476.0 
1841.0 481.0 
1784.0 504.0 
1705.0 537.0 
1855.0 465.0 
1757.0 507.0 
1834.0 485.0 
1797.0 501.0 
1677.0 552.0 
1742.0 510.0 
1714.0 526.0 
1714.0 526.0 
1711.0 527.0 
1718.0 521.0 
1726.0 517.0 
1726.0 517.0 
1819.0 492.0 
1809.0 497.0 
1809.0 497.0 
1805.0 499.0 
1848.0 484.0 
1850.0 483.0 
1786.0 505.0 
1789.0 504.0 
1707.0 538.0 
1859.0 472.0 
1868.0 467.0 
1762.0 507.0 
1759.0 508.0 
1837.0 485.0 
1834.0 489.0 
1837.0 485.0 
1743.0 510.0 
1714.0 527.0 
1711.0 531.0 
1719.0 524.0 
1726.0 521.0 
1738.0 519.0 
1738.0 519.0 
1736.0 520.0 
1738.0 519.0 
1820.0 492.0 
1809.0 498.0 
1809.0 498.0 
1809.0 498.0 
1806.0 503.0 
1806.0 503.0 
1806.0 503.0 
1852.0 484.0 
1787.0 505.0 
1791.0 504.0 
1791.0 504.0 
1708.0 542.0 
1866.0 477.0 
1882.0 468.0 
1880.0 472.0 
1785.0 507.0 
1762.0 508.0 
1844.0 486.0 
1844.0 486.0 
1844.0 486.0 
1838.0 487.0 
1844.0 486.0 
1848.0 485.0 
1844.0 486.0 
1709.0 542.0 
1885.0 468.0 
1743.0 511.0 
1825.0 492.0 
1783.0 509.0 
1853.0 484.0 
1741.0 520.0 
1790.0 505.0 
1712.0 537.0 
1880.0 476.0 
1808.0 503.0 
1809.0 499.0 
1839.0 489.0 
1871.0 479.0 
1714.0 531.0 
1720.0 530.0 
