3847.0 932.0 
3428.0 935.0 
2927.0 1006.0 
2769.0 1042.0 
3204.0 967.0 
2957.0 971.0 
3806.0 947.0 
3444.0 962.0 
2946.0 1008.0 
2841.0 1045.0 
3010.0 996.0 
3193.0 972.0 
3978.0 971.0 
4706.0 967.0 
2955.0 1030.0 
2963.0 1016.0 
2961.0 1024.0 
2987.0 1015.0 
2850.0 1054.0 
3020.0 1005.0 
3109.0 996.0 
3329.0 985.0 
3546.0 979.0 
3788.0 974.0 
3218.0 988.0 
3577.0 976.0 
3428.0 982.0 
4334.0 971.0 
2963.0 1039.0 
3006.0 1034.0 
2918.0 1060.0 
2855.0 1063.0 
3040.0 1006.0 
3131.0 1004.0 
3140.0 996.0 
3557.0 981.0 
3345.0 989.0 
3939.0 977.0 
3444.0 988.0 
2981.0 1058.0 
3000.0 1055.0 
3009.0 1054.0 
2855.0 1115.0 
2890.0 1071.0 
2934.0 1070.0 
3045.0 1025.0 
3040.0 1047.0 
3068.0 1018.0 
3255.0 1004.0 
3242.0 1006.0 
3220.0 1007.0 
3218.0 1013.0 
3314.0 997.0 
3626.0 987.0 
3382.0 993.0 
4787.0 983.0 
3008.0 1061.0 
2891.0 1091.0 
2959.0 1074.0 
3062.0 1037.0 
3081.0 1030.0 
3081.0 1030.0 
3172.0 1020.0 
3127.0 1021.0 
3241.0 1012.0 
3235.0 1018.0 
3317.0 1003.0 
4198.0 987.0 
3707.0 988.0 
3473.0 1001.0 
3490.0 993.0 
3009.0 1064.0 
2903.0 1135.0 
2972.0 1082.0 
2967.0 1102.0 
3066.0 1063.0 
3070.0 1055.0 
3089.0 1032.0 
3151.0 1022.0 
3151.0 1022.0 
3151.0 1022.0 
3433.0 1010.0 
3364.0 1015.0 
3467.0 1004.0 
4275.0 987.0 
4275.0 987.0 
4033.0 989.0 
3556.0 994.0 
3571.0 993.0 
2925.0 1137.0 
4791.0 988.0 
3752.0 993.0 
2988.0 1096.0 
2978.0 1136.0 
3015.0 1072.0 
3620.0 996.0 
3495.0 1009.0 
3382.0 1016.0 
3090.0 1038.0 
3100.0 1033.0 
