1761.0 554.0 
1891.0 513.0 
1761.0 554.0 
1761.0 554.0 
1860.0 521.0 
1857.0 536.0 
1761.0 554.0 
1760.0 571.0 
1902.0 497.0 
1848.0 537.0 
1902.0 497.0 
1900.0 509.0 
1760.0 571.0 
1760.0 571.0 
1749.0 579.0 
1798.0 543.0 
1761.0 554.0 
1860.0 521.0 
1893.0 512.0 
1902.0 497.0 
1848.0 537.0 
1761.0 554.0 
1857.0 536.0 
1754.0 574.0 
1900.0 509.0 
1891.0 515.0 
1891.0 515.0 
1892.0 514.0 
1819.0 549.0 
1843.0 546.0 
1819.0 549.0 
1885.0 522.0 
1885.0 522.0 
1885.0 522.0 
1885.0 522.0 
1885.0 522.0 
1885.0 522.0 
1885.0 522.0 
1861.0 532.0 
1885.0 522.0 
1862.0 531.0 
1861.0 532.0 
1885.0 522.0 
1885.0 522.0 
1861.0 532.0 
1902.0 498.0 
1849.0 539.0 
1850.0 537.0 
1850.0 537.0 
1763.0 564.0 
1763.0 564.0 
1763.0 564.0 
1795.0 555.0 
1763.0 564.0 
1783.0 562.0 
1756.0 580.0 
1759.0 574.0 
1756.0 580.0 
1756.0 580.0 
1756.0 580.0 
1756.0 580.0 
1756.0 580.0 
1759.0 574.0 
1756.0 580.0 
1754.0 581.0 
1756.0 580.0 
1756.0 580.0 
1756.0 580.0 
1756.0 580.0 
1756.0 580.0 
1756.0 580.0 
1759.0 574.0 
1754.0 581.0 
1759.0 574.0 
1756.0 580.0 
1756.0 580.0 
1756.0 580.0 
1756.0 580.0 
1759.0 574.0 
1756.0 580.0 
1756.0 580.0 
1756.0 580.0 
1756.0 580.0 
1759.0 574.0 
1756.0 580.0 
1756.0 580.0 
1754.0 581.0 
1756.0 580.0 
1756.0 580.0 
1756.0 580.0 
1759.0 574.0 
1754.0 581.0 
1759.0 574.0 
1756.0 580.0 
1756.0 580.0 
1756.0 580.0 
1759.0 574.0 
1756.0 580.0 
1953.0 505.0 
1953.0 505.0 
