3216.0 1095.0 
4209.0 1018.0 
3345.0 1062.0 
3525.0 1028.0 
3190.0 1197.0 
3316.0 1087.0 
3251.0 1096.0 
3223.0 1189.0 
3223.0 1189.0 
3243.0 1150.0 
4430.0 1021.0 
3408.0 1067.0 
3382.0 1075.0 
3768.0 1036.0 
3779.0 1028.0 
3220.0 1220.0 
3278.0 1148.0 
3286.0 1143.0 
3347.0 1102.0 
3315.0 1108.0 
3291.0 1114.0 
3268.0 1177.0 
3559.0 1073.0 
3489.0 1084.0 
3468.0 1099.0 
4125.0 1062.0 
4294.0 1054.0 
4107.0 1066.0 
4730.0 1032.0 
3905.0 1067.0 
4480.0 1036.0 
3266.0 1220.0 
3248.0 1225.0 
3407.0 1108.0 
3372.0 1125.0 
3320.0 1130.0 
3302.0 1143.0 
3276.0 1187.0 
3268.0 1214.0 
3587.0 1091.0 
4349.0 1064.0 
4988.0 1032.0 
4204.0 1067.0 
4204.0 1067.0 
4112.0 1075.0 
4156.0 1070.0 
3503.0 1120.0 
3384.0 1132.0 
3346.0 1175.0 
3346.0 1175.0 
3317.0 1177.0 
3284.0 1201.0 
3979.0 1097.0 
3829.0 1113.0 
3803.0 1115.0 
5052.0 1043.0 
4973.0 1067.0 
4138.0 1083.0 
4138.0 1083.0 
4142.0 1076.0 
4296.0 1072.0 
3629.0 1123.0 
3396.0 1139.0 
3513.0 1133.0 
3395.0 1152.0 
3453.0 1134.0 
3367.0 1190.0 
3338.0 1223.0 
3352.0 1217.0 
3333.0 1246.0 
4026.0 1113.0 
3988.0 1122.0 
5098.0 1043.0 
4188.0 1077.0 
4150.0 1110.0 
4747.0 1074.0 
4462.0 1075.0 
5000.0 1072.0 
3634.0 1123.0 
3452.0 1170.0 
3403.0 1180.0 
3445.0 1177.0 
3483.0 1147.0 
3537.0 1137.0 
3385.0 1208.0 
3365.0 1260.0 
4059.0 1120.0 
5103.0 1068.0 
5176.0 1066.0 
4336.0 1078.0 
4258.0 1080.0 
4209.0 1113.0 
3421.0 1208.0 
5303.0 1076.0 
4415.0 1078.0 
4221.0 1113.0 
3537.0 1138.0 
3496.0 1172.0 
3680.0 1123.0 
3502.0 1162.0 
