1853.0 484.0 
1853.0 484.0 
1853.0 484.0 
1853.0 484.0 
1853.0 484.0 
1681.0 540.0 
1853.0 484.0 
1853.0 484.0 
1853.0 484.0 
1853.0 484.0 
1808.0 513.0 
1811.0 508.0 
1851.0 492.0 
1713.0 528.0 
1757.0 522.0 
1823.0 496.0 
1853.0 484.0 
1853.0 484.0 
1853.0 484.0 
1853.0 484.0 
1852.0 488.0 
1664.0 550.0 
1808.0 513.0 
1757.0 522.0 
1811.0 508.0 
1757.0 522.0 
1865.0 472.0 
1853.0 484.0 
1853.0 484.0 
1681.0 540.0 
1757.0 522.0 
1808.0 513.0 
1853.0 484.0 
1713.0 528.0 
1823.0 497.0 
1823.0 497.0 
1824.0 496.0 
1823.0 497.0 
1823.0 497.0 
1811.0 509.0 
1811.0 509.0 
1811.0 509.0 
1811.0 509.0 
1811.0 509.0 
1868.0 473.0 
1868.0 473.0 
1868.0 473.0 
1866.0 474.0 
1868.0 473.0 
1868.0 473.0 
1868.0 473.0 
1868.0 473.0 
1868.0 473.0 
1865.0 477.0 
1866.0 474.0 
1868.0 473.0 
1868.0 473.0 
1699.0 547.0 
1699.0 547.0 
1699.0 547.0 
1710.0 544.0 
1699.0 547.0 
1758.0 527.0 
1758.0 527.0 
1758.0 527.0 
1758.0 527.0 
1758.0 527.0 
1758.0 527.0 
1759.0 522.0 
1759.0 522.0 
1759.0 522.0 
1758.0 527.0 
1758.0 527.0 
1759.0 522.0 
1810.0 513.0 
1853.0 490.0 
1853.0 490.0 
1853.0 490.0 
1725.0 534.0 
1745.0 533.0 
1745.0 533.0 
1745.0 533.0 
1725.0 534.0 
1724.0 535.0 
1725.0 534.0 
1725.0 534.0 
1724.0 535.0 
1725.0 534.0 
1725.0 534.0 
1724.0 535.0 
1725.0 534.0 
1745.0 533.0 
1714.0 536.0 
1745.0 533.0 
1745.0 533.0 
1745.0 533.0 
1725.0 534.0 
1745.0 533.0 
1745.0 533.0 
1724.0 535.0 
