137.0 42.0 
137.0 42.0 
137.0 42.0 
140.0 40.0 
140.0 40.0 
140.0 40.0 
137.0 42.0 
137.0 42.0 
137.0 42.0 
139.0 41.0 
142.0 39.0 
142.0 39.0 
140.0 40.0 
137.0 42.0 
139.0 41.0 
140.0 40.0 
140.0 40.0 
142.0 39.0 
140.0 40.0 
139.0 41.0 
142.0 39.0 
142.0 39.0 
142.0 39.0 
137.0 42.0 
137.0 42.0 
137.0 42.0 
137.0 42.0 
139.0 41.0 
142.0 40.0 
142.0 40.0 
138.0 43.0 
138.0 43.0 
138.0 43.0 
138.0 43.0 
138.0 43.0 
138.0 43.0 
138.0 43.0 
138.0 43.0 
138.0 43.0 
138.0 43.0 
138.0 43.0 
138.0 43.0 
138.0 43.0 
140.0 41.0 
140.0 41.0 
143.0 40.0 
143.0 40.0 
143.0 40.0 
143.0 40.0 
143.0 40.0 
143.0 40.0 
143.0 40.0 
143.0 40.0 
143.0 40.0 
143.0 40.0 
143.0 40.0 
143.0 40.0 
143.0 40.0 
143.0 40.0 
143.0 40.0 
143.0 40.0 
143.0 40.0 
143.0 40.0 
143.0 40.0 
143.0 40.0 
143.0 40.0 
143.0 40.0 
143.0 40.0 
143.0 40.0 
143.0 40.0 
143.0 40.0 
143.0 40.0 
143.0 40.0 
138.0 44.0 
138.0 44.0 
139.0 43.0 
139.0 43.0 
139.0 43.0 
139.0 43.0 
139.0 43.0 
139.0 43.0 
138.0 44.0 
138.0 44.0 
139.0 43.0 
139.0 43.0 
141.0 41.0 
141.0 41.0 
140.0 42.0 
140.0 42.0 
141.0 41.0 
141.0 41.0 
140.0 42.0 
141.0 41.0 
141.0 41.0 
144.0 40.0 
144.0 40.0 
140.0 44.0 
140.0 44.0 
141.0 42.0 
142.0 41.0 
