135.0 54.0 
146.0 47.0 
141.0 51.0 
135.0 54.0 
137.0 52.0 
150.0 50.0 
150.0 50.0 
171.0 47.0 
153.0 48.0 
136.0 54.0 
137.0 53.0 
151.0 50.0 
151.0 50.0 
163.0 48.0 
154.0 49.0 
136.0 55.0 
141.0 54.0 
145.0 53.0 
151.0 52.0 
153.0 50.0 
178.0 48.0 
158.0 49.0 
158.0 49.0 
137.0 55.0 
136.0 62.0 
136.0 62.0 
144.0 54.0 
152.0 52.0 
155.0 51.0 
162.0 50.0 
162.0 50.0 
163.0 49.0 
137.0 56.0 
145.0 54.0 
145.0 54.0 
153.0 53.0 
159.0 51.0 
158.0 52.0 
197.0 49.0 
166.0 50.0 
140.0 57.0 
137.0 58.0 
140.0 57.0 
145.0 55.0 
154.0 53.0 
161.0 51.0 
161.0 51.0 
161.0 51.0 
167.0 50.0 
137.0 61.0 
138.0 58.0 
150.0 56.0 
156.0 53.0 
156.0 53.0 
162.0 51.0 
175.0 50.0 
137.0 62.0 
138.0 59.0 
138.0 59.0 
141.0 58.0 
141.0 58.0 
141.0 58.0 
151.0 57.0 
151.0 57.0 
151.0 57.0 
151.0 57.0 
151.0 57.0 
151.0 57.0 
151.0 57.0 
155.0 56.0 
155.0 56.0 
156.0 54.0 
158.0 53.0 
156.0 54.0 
158.0 53.0 
156.0 54.0 
163.0 51.0 
163.0 51.0 
176.0 50.0 
176.0 50.0 
139.0 59.0 
138.0 61.0 
142.0 58.0 
142.0 58.0 
152.0 57.0 
152.0 57.0 
171.0 51.0 
171.0 51.0 
139.0 60.0 
139.0 60.0 
153.0 57.0 
161.0 53.0 
144.0 58.0 
140.0 59.0 
163.0 52.0 
156.0 55.0 
157.0 54.0 
144.0 58.0 
156.0 55.0 
153.0 57.0 
