124.0 24.0 
45.0 53.0 
124.0 24.0 
45.0 53.0 
61.0 41.0 
75.0 38.0 
77.0 37.0 
46.0 51.0 
69.0 40.0 
120.0 26.0 
110.0 28.0 
104.0 29.0 
114.0 27.0 
49.0 50.0 
94.0 32.0 
82.0 36.0 
89.0 33.0 
70.0 39.0 
58.0 43.0 
51.0 48.0 
114.0 27.0 
98.0 31.0 
87.0 34.0 
83.0 35.0 
110.0 28.0 
94.0 32.0 
104.0 29.0 
101.0 30.0 
101.0 30.0 
58.0 43.0 
98.0 31.0 
89.0 33.0 
51.0 48.0 
53.0 47.0 
122.0 25.0 
49.0 50.0 
120.0 26.0 
122.0 25.0 
56.0 44.0 
87.0 34.0 
70.0 39.0 
83.0 35.0 
56.0 44.0 
55.0 45.0 
54.0 46.0 
54.0 46.0 
55.0 45.0 
82.0 36.0 
69.0 40.0 
53.0 47.0 
124.0 24.0 
45.0 53.0 
114.0 27.0 
110.0 28.0 
94.0 32.0 
58.0 43.0 
101.0 30.0 
98.0 31.0 
51.0 48.0 
49.0 50.0 
87.0 34.0 
122.0 25.0 
70.0 39.0 
83.0 35.0 
56.0 44.0 
82.0 36.0 
54.0 46.0 
55.0 45.0 
69.0 40.0 
53.0 47.0 
124.0 24.0 
45.0 53.0 
114.0 27.0 
110.0 28.0 
94.0 32.0 
98.0 31.0 
101.0 30.0 
58.0 43.0 
87.0 34.0 
122.0 25.0 
70.0 39.0 
56.0 44.0 
82.0 36.0 
53.0 47.0 
55.0 45.0 
54.0 46.0 
69.0 40.0 
45.0 53.0 
114.0 27.0 
94.0 32.0 
110.0 28.0 
101.0 30.0 
98.0 31.0 
58.0 43.0 
87.0 34.0 
70.0 39.0 
122.0 25.0 
56.0 44.0 
69.0 40.0 
82.0 36.0 
