1938.0 513.0 
1938.0 513.0 
1775.0 582.0 
1938.0 513.0 
1938.0 513.0 
1800.0 556.0 
1869.0 540.0 
1935.0 514.0 
1846.0 553.0 
1925.0 517.0 
1872.0 539.0 
1954.0 498.0 
1915.0 533.0 
1950.0 508.0 
1846.0 553.0 
1846.0 553.0 
1784.0 569.0 
1922.0 528.0 
1900.0 536.0 
1776.0 578.0 
1826.0 558.0 
1806.0 563.0 
1871.0 550.0 
1941.0 515.0 
1941.0 515.0 
1925.0 521.0 
1874.0 543.0 
1884.0 539.0 
1968.0 499.0 
1967.0 502.0 
1955.0 506.0 
1848.0 555.0 
1848.0 555.0 
1848.0 555.0 
1789.0 569.0 
1785.0 571.0 
1922.0 535.0 
1922.0 535.0 
1900.0 538.0 
1777.0 584.0 
1779.0 581.0 
1835.0 562.0 
1835.0 562.0 
1836.0 558.0 
1815.0 565.0 
1926.0 533.0 
1928.0 525.0 
1928.0 525.0 
1926.0 533.0 
1932.0 524.0 
1941.0 523.0 
1941.0 523.0 
1951.0 522.0 
1941.0 523.0 
1877.0 544.0 
2081.0 499.0 
2081.0 499.0 
2081.0 499.0 
2081.0 499.0 
2081.0 499.0 
1972.0 501.0 
2081.0 499.0 
1977.0 500.0 
1964.0 511.0 
1962.0 518.0 
1851.0 555.0 
1803.0 569.0 
1798.0 571.0 
1791.0 577.0 
1924.0 536.0 
1924.0 536.0 
1924.0 536.0 
1915.0 541.0 
1779.0 583.0 
1785.0 582.0 
1779.0 583.0 
2007.0 500.0 
2007.0 500.0 
1785.0 585.0 
1974.0 502.0 
1801.0 571.0 
1838.0 558.0 
1879.0 555.0 
1921.0 541.0 
1852.0 556.0 
1889.0 544.0 
1964.0 518.0 
1944.0 523.0 
1792.0 584.0 
1884.0 545.0 
1928.0 531.0 
1818.0 570.0 
1933.0 525.0 
1969.0 511.0 
1820.0 567.0 
1820.0 567.0 
1966.0 515.0 
1926.0 535.0 
1937.0 524.0 
1969.0 511.0 
