1870.0 451.0 
1813.0 475.0 
1870.0 451.0 
1715.0 520.0 
1816.0 473.0 
1722.0 503.0 
1858.0 456.0 
1911.0 437.0 
1883.0 449.0 
1722.0 503.0 
1742.0 493.0 
1883.0 449.0 
1791.0 480.0 
1722.0 503.0 
1718.0 507.0 
1813.0 475.0 
1722.0 503.0 
1911.0 437.0 
1870.0 451.0 
1895.0 439.0 
1891.0 441.0 
1828.0 462.0 
1856.0 461.0 
1791.0 480.0 
1856.0 461.0 
1858.0 456.0 
1722.0 503.0 
1771.0 485.0 
1912.0 436.0 
1883.0 449.0 
1862.0 455.0 
1803.0 479.0 
1722.0 503.0 
1803.0 479.0 
1718.0 507.0 
1883.0 449.0 
1791.0 480.0 
1803.0 479.0 
1867.0 452.0 
1812.0 476.0 
1911.0 437.0 
1743.0 492.0 
1715.0 520.0 
1913.0 436.0 
1716.0 520.0 
1716.0 520.0 
1742.0 495.0 
1772.0 492.0 
1785.0 487.0 
1897.0 442.0 
1834.0 465.0 
1718.0 509.0 
1911.0 438.0 
1728.0 505.0 
1857.0 464.0 
1831.0 467.0 
1798.0 486.0 
1800.0 481.0 
1872.0 451.0 
1860.0 457.0 
1893.0 446.0 
1753.0 494.0 
1868.0 456.0 
1859.0 463.0 
1892.0 449.0 
1728.0 505.0 
1828.0 473.0 
1753.0 494.0 
1812.0 478.0 
1823.0 475.0 
1883.0 450.0 
1812.0 478.0 
1725.0 507.0 
1805.0 479.0 
1883.0 450.0 
1825.0 474.0 
1823.0 475.0 
1725.0 507.0 
1805.0 479.0 
1718.0 509.0 
1912.0 437.0 
1872.0 451.0 
1868.0 456.0 
1828.0 473.0 
1857.0 464.0 
1798.0 486.0 
1860.0 457.0 
1857.0 464.0 
1857.0 464.0 
1857.0 464.0 
1857.0 464.0 
1718.0 509.0 
1718.0 509.0 
1718.0 509.0 
1725.0 507.0 
1725.0 507.0 
1725.0 507.0 
1883.0 450.0 
1798.0 486.0 
1798.0 486.0 
