1916.0 463.0 
1921.0 460.0 
1795.0 507.0 
1900.0 464.0 
1821.0 495.0 
1882.0 475.0 
1921.0 460.0 
1893.0 467.0 
1831.0 488.0 
1894.0 465.0 
1753.0 516.0 
1882.0 475.0 
1802.0 499.0 
1856.0 478.0 
1801.0 505.0 
1802.0 499.0 
1921.0 460.0 
1831.0 488.0 
1764.0 510.0 
1921.0 460.0 
1882.0 475.0 
1730.0 518.0 
1921.0 460.0 
1854.0 484.0 
1722.0 535.0 
1894.0 465.0 
1798.0 508.0 
1798.0 508.0 
1905.0 464.0 
1821.0 496.0 
1755.0 517.0 
1858.0 482.0 
1873.0 478.0 
1873.0 478.0 
1858.0 482.0 
1859.0 479.0 
1858.0 482.0 
1804.0 500.0 
1808.0 499.0 
1804.0 500.0 
1835.0 490.0 
1842.0 489.0 
1835.0 490.0 
1797.0 510.0 
1772.0 516.0 
1772.0 516.0 
1797.0 510.0 
1772.0 516.0 
1783.0 511.0 
1883.0 476.0 
1883.0 476.0 
1890.0 475.0 
1732.0 533.0 
1732.0 533.0 
1732.0 533.0 
1736.0 520.0 
1751.0 518.0 
1733.0 525.0 
1732.0 533.0 
1733.0 525.0 
1730.0 534.0 
1922.0 462.0 
1922.0 462.0 
1923.0 461.0 
1728.0 538.0 
1727.0 541.0 
1727.0 541.0 
1727.0 541.0 
1896.0 468.0 
1896.0 468.0 
1924.0 461.0 
1924.0 461.0 
1728.0 541.0 
1728.0 541.0 
1783.0 515.0 
1860.0 483.0 
1899.0 469.0 
1853.0 489.0 
1836.0 491.0 
1739.0 521.0 
1887.0 476.0 
1761.0 517.0 
1804.0 501.0 
1871.0 479.0 
1909.0 464.0 
1798.0 509.0 
1733.0 530.0 
1816.0 500.0 
1731.0 534.0 
1907.0 468.0 
1840.0 490.0 
1754.0 520.0 
1887.0 476.0 
1871.0 479.0 
1823.0 498.0 
1823.0 498.0 
1793.0 511.0 
1793.0 511.0 
1735.0 526.0 
1735.0 526.0 
