2840.0 838.0 
3037.0 769.0 
2739.0 867.0 
3030.0 823.0 
3008.0 836.0 
2700.0 894.0 
2640.0 988.0 
2840.0 838.0 
2674.0 947.0 
2796.0 865.0 
3114.0 815.0 
3543.0 786.0 
3053.0 822.0 
3164.0 789.0 
2774.0 880.0 
2774.0 880.0 
2704.0 895.0 
2704.0 895.0 
2889.0 861.0 
2971.0 841.0 
2889.0 861.0 
2971.0 841.0 
3018.0 839.0 
2965.0 860.0 
2677.0 962.0 
2677.0 962.0 
2688.0 948.0 
2688.0 948.0 
2854.0 879.0 
2854.0 879.0 
3062.0 834.0 
3128.0 823.0 
3121.0 829.0 
3253.0 812.0 
3253.0 812.0 
3249.0 814.0 
3410.0 792.0 
3356.0 807.0 
2748.0 902.0 
2704.0 917.0 
2893.0 864.0 
2988.0 842.0 
3044.0 839.0 
2983.0 860.0 
2697.0 967.0 
2695.0 985.0 
2869.0 894.0 
2857.0 896.0 
2880.0 884.0 
3117.0 835.0 
3117.0 835.0 
3141.0 830.0 
3254.0 814.0 
3254.0 814.0 
3254.0 814.0 
3469.0 798.0 
3463.0 808.0 
2765.0 908.0 
2851.0 904.0 
2709.0 956.0 
2721.0 947.0 
2723.0 943.0 
2741.0 924.0 
2722.0 944.0 
2963.0 872.0 
2944.0 879.0 
3033.0 843.0 
3022.0 846.0 
3012.0 854.0 
2992.0 867.0 
2700.0 977.0 
2700.0 977.0 
2700.0 977.0 
2870.0 899.0 
2890.0 886.0 
3129.0 837.0 
3189.0 832.0 
3300.0 820.0 
3300.0 820.0 
3278.0 822.0 
3300.0 820.0 
3468.0 809.0 
2834.0 911.0 
2770.0 914.0 
2711.0 956.0 
2767.0 938.0 
2749.0 950.0 
2966.0 874.0 
3125.0 845.0 
3125.0 845.0 
3084.0 852.0 
3085.0 846.0 
3084.0 852.0 
3030.0 856.0 
2992.0 873.0 
2999.0 869.0 
2870.0 900.0 
2952.0 886.0 
2895.0 896.0 
3321.0 821.0 
