276.0 192.0 
1684.0 89.0 
276.0 192.0 
1684.0 89.0 
347.0 158.0 
1441.0 95.0 
1253.0 104.0 
1147.0 108.0 
1603.0 90.0 
334.0 168.0 
1009.0 110.0 
290.0 190.0 
303.0 179.0 
874.0 120.0 
403.0 146.0 
1171.0 105.0 
879.0 117.0 
592.0 134.0 
775.0 123.0 
334.0 168.0 
1360.0 99.0 
1360.0 99.0 
506.0 143.0 
667.0 133.0 
718.0 126.0 
304.0 175.0 
1306.0 101.0 
958.0 116.0 
304.0 175.0 
378.0 156.0 
507.0 139.0 
1496.0 94.0 
1549.0 92.0 
390.0 155.0 
1306.0 101.0 
1549.0 92.0 
458.0 144.0 
398.0 150.0 
775.0 123.0 
566.0 137.0 
458.0 144.0 
982.0 112.0 
303.0 179.0 
1496.0 94.0 
698.0 128.0 
402.0 149.0 
744.0 124.0 
1009.0 110.0 
698.0 128.0 
672.0 131.0 
1147.0 108.0 
982.0 112.0 
672.0 131.0 
874.0 120.0 
536.0 138.0 
960.0 115.0 
536.0 138.0 
290.0 190.0 
592.0 134.0 
744.0 124.0 
566.0 137.0 
1171.0 105.0 
960.0 115.0 
398.0 150.0 
390.0 155.0 
879.0 117.0 
667.0 133.0 
958.0 116.0 
507.0 139.0 
506.0 143.0 
276.0 192.0 
1684.0 89.0 
334.0 168.0 
1360.0 99.0 
1496.0 94.0 
1171.0 105.0 
775.0 123.0 
1549.0 92.0 
1147.0 108.0 
398.0 150.0 
672.0 131.0 
874.0 120.0 
458.0 144.0 
698.0 128.0 
960.0 115.0 
667.0 133.0 
506.0 143.0 
276.0 192.0 
672.0 131.0 
775.0 123.0 
1549.0 92.0 
1147.0 108.0 
398.0 150.0 
874.0 120.0 
698.0 128.0 
960.0 115.0 
506.0 143.0 
276.0 192.0 
775.0 123.0 
1549.0 92.0 
