276.0 188.0 
1658.0 83.0 
276.0 188.0 
1658.0 83.0 
295.0 171.0 
284.0 178.0 
305.0 156.0 
930.0 109.0 
377.0 142.0 
1118.0 103.0 
1253.0 98.0 
721.0 119.0 
375.0 149.0 
1419.0 93.0 
364.0 150.0 
801.0 117.0 
827.0 116.0 
1097.0 105.0 
1311.0 96.0 
1172.0 101.0 
1361.0 94.0 
1172.0 101.0 
536.0 131.0 
879.0 112.0 
1311.0 96.0 
1230.0 99.0 
333.0 153.0 
1469.0 90.0 
987.0 108.0 
486.0 135.0 
460.0 139.0 
333.0 153.0 
431.0 140.0 
590.0 130.0 
1041.0 107.0 
987.0 108.0 
879.0 112.0 
1361.0 94.0 
1469.0 90.0 
1608.0 85.0 
1419.0 93.0 
431.0 140.0 
619.0 127.0 
721.0 119.0 
1608.0 85.0 
694.0 121.0 
853.0 114.0 
801.0 117.0 
853.0 114.0 
694.0 121.0 
511.0 133.0 
669.0 123.0 
511.0 133.0 
305.0 156.0 
1230.0 99.0 
669.0 123.0 
481.0 136.0 
1581.0 86.0 
1500.0 89.0 
1550.0 87.0 
1068.0 106.0 
647.0 126.0 
1068.0 106.0 
1550.0 87.0 
1581.0 86.0 
1041.0 107.0 
1523.0 88.0 
619.0 127.0 
593.0 129.0 
536.0 131.0 
1523.0 88.0 
1500.0 89.0 
481.0 136.0 
648.0 125.0 
460.0 139.0 
593.0 129.0 
377.0 142.0 
648.0 125.0 
590.0 130.0 
375.0 149.0 
647.0 126.0 
276.0 188.0 
1658.0 83.0 
1172.0 101.0 
1311.0 96.0 
987.0 108.0 
333.0 153.0 
1361.0 94.0 
1469.0 90.0 
1068.0 106.0 
1419.0 93.0 
1608.0 85.0 
801.0 117.0 
1230.0 99.0 
853.0 114.0 
305.0 156.0 
1550.0 87.0 
1041.0 107.0 
619.0 127.0 
536.0 131.0 
