2237.0 531.0 
1951.0 598.0 
2006.0 566.0 
2329.0 527.0 
1913.0 599.0 
1951.0 598.0 
2329.0 527.0 
2237.0 531.0 
1964.0 569.0 
2006.0 566.0 
2271.0 530.0 
2134.0 542.0 
1959.0 576.0 
2128.0 546.0 
2015.0 555.0 
2140.0 538.0 
2194.0 532.0 
2364.0 524.0 
1915.0 604.0 
1927.0 599.0 
1915.0 604.0 
1917.0 600.0 
1915.0 604.0 
1927.0 599.0 
2270.0 531.0 
1986.0 575.0 
1986.0 575.0 
1986.0 575.0 
1986.0 575.0 
1987.0 574.0 
2000.0 569.0 
2008.0 567.0 
2356.0 530.0 
2138.0 544.0 
2137.0 545.0 
1963.0 576.0 
1963.0 576.0 
1963.0 576.0 
2134.0 551.0 
2034.0 558.0 
2023.0 562.0 
2148.0 543.0 
2148.0 543.0 
2148.0 543.0 
2148.0 543.0 
2230.0 532.0 
2367.0 527.0 
2396.0 526.0 
1920.0 601.0 
1916.0 605.0 
1939.0 600.0 
1939.0 600.0 
1939.0 600.0 
1951.0 599.0 
1939.0 600.0 
1989.0 575.0 
1989.0 575.0 
2021.0 569.0 
2014.0 570.0 
2138.0 545.0 
1964.0 584.0 
1970.0 579.0 
1964.0 584.0 
1971.0 576.0 
1964.0 584.0 
2034.0 559.0 
2034.0 559.0 
2033.0 563.0 
2149.0 543.0 
2273.0 532.0 
2237.0 539.0 
2231.0 541.0 
2253.0 537.0 
2393.0 531.0 
2426.0 526.0 
2414.0 528.0 
1919.0 605.0 
1919.0 605.0 
2504.0 529.0 
1947.0 600.0 
1972.0 579.0 
2275.0 533.0 
2141.0 557.0 
2118.0 560.0 
2395.0 531.0 
2143.0 545.0 
2043.0 562.0 
2155.0 543.0 
2238.0 540.0 
2027.0 571.0 
2439.0 530.0 
2395.0 531.0 
2269.0 537.0 
2015.0 574.0 
2439.0 530.0 
1986.0 576.0 
2238.0 540.0 
2040.0 566.0 
1926.0 601.0 
1973.0 578.0 
