1779.0 453.0 
1779.0 453.0 
1718.0 472.0 
1779.0 453.0 
1779.0 453.0 
1779.0 453.0 
1718.0 472.0 
1718.0 472.0 
1984.0 428.0 
1984.0 428.0 
1733.0 470.0 
1718.0 472.0 
1757.0 460.0 
1735.0 469.0 
1736.0 467.0 
1756.0 461.0 
1714.0 475.0 
1787.0 450.0 
1984.0 428.0 
1826.0 431.0 
1812.0 438.0 
1984.0 428.0 
1668.0 491.0 
1722.0 471.0 
1767.0 456.0 
1779.0 453.0 
1788.0 442.0 
1809.0 440.0 
1664.0 495.0 
1672.0 488.0 
1735.0 469.0 
1984.0 428.0 
1774.0 455.0 
1698.0 485.0 
1812.0 438.0 
1984.0 428.0 
1984.0 428.0 
1752.0 463.0 
1826.0 431.0 
1949.0 429.0 
1718.0 472.0 
1762.0 461.0 
1716.0 476.0 
1771.0 456.0 
1771.0 456.0 
1769.0 457.0 
1786.0 453.0 
1786.0 453.0 
1779.0 454.0 
1779.0 454.0 
1794.0 452.0 
1800.0 447.0 
1795.0 448.0 
1664.0 498.0 
1666.0 496.0 
1676.0 490.0 
1738.0 471.0 
1747.0 470.0 
1704.0 485.0 
1704.0 485.0 
1701.0 487.0 
1704.0 485.0 
1814.0 438.0 
1814.0 438.0 
1813.0 440.0 
1814.0 438.0 
1814.0 438.0 
1813.0 440.0 
1755.0 466.0 
1752.0 469.0 
1758.0 463.0 
1758.0 463.0 
1758.0 463.0 
1758.0 463.0 
1827.0 432.0 
1951.0 430.0 
1951.0 430.0 
1985.0 429.0 
1985.0 429.0 
1951.0 430.0 
1985.0 429.0 
1720.0 475.0 
1722.0 474.0 
1736.0 472.0 
1722.0 474.0 
1722.0 474.0 
1736.0 472.0 
1664.0 502.0 
1664.0 502.0 
1986.0 429.0 
1986.0 429.0 
1828.0 432.0 
1985.0 430.0 
1723.0 474.0 
1817.0 439.0 
1751.0 470.0 
1802.0 447.0 
1707.0 485.0 
1783.0 455.0 
1827.0 433.0 
