3236.0 770.0 
2390.0 917.0 
2752.0 785.0 
3236.0 770.0 
2598.0 789.0 
3263.0 756.0 
3239.0 765.0 
2576.0 803.0 
2576.0 803.0 
2411.0 910.0 
2390.0 917.0 
2418.0 820.0 
2970.0 771.0 
2743.0 786.0 
2576.0 803.0 
2623.0 799.0 
2623.0 799.0 
2663.0 792.0 
3267.0 758.0 
3308.0 756.0 
3267.0 758.0 
3249.0 770.0 
3249.0 770.0 
2409.0 979.0 
2544.0 846.0 
2468.0 850.0 
2449.0 863.0 
2420.0 916.0 
2447.0 877.0 
2538.0 849.0 
2557.0 840.0 
2973.0 776.0 
2973.0 776.0 
2983.0 774.0 
2973.0 776.0 
2983.0 774.0 
3027.0 771.0 
2983.0 774.0 
2753.0 788.0 
2848.0 787.0 
2607.0 816.0 
2596.0 824.0 
2631.0 806.0 
2631.0 806.0 
2742.0 792.0 
3272.0 758.0 
3252.0 770.0 
2475.0 857.0 
2495.0 851.0 
2485.0 855.0 
2459.0 864.0 
2459.0 864.0 
2459.0 864.0 
2420.0 917.0 
2540.0 850.0 
2568.0 848.0 
2974.0 783.0 
2974.0 783.0 
3206.0 772.0 
3049.0 774.0 
2983.0 781.0 
2984.0 776.0 
2848.0 788.0 
2615.0 822.0 
2615.0 822.0 
2624.0 821.0 
2693.0 812.0 
2725.0 810.0 
2753.0 793.0 
3273.0 768.0 
3279.0 762.0 
3264.0 771.0 
2492.0 857.0 
2526.0 856.0 
2491.0 859.0 
2472.0 873.0 
2474.0 865.0 
2474.0 865.0 
2468.0 875.0 
2465.0 888.0 
2462.0 895.0 
2446.0 936.0 
2441.0 954.0 
2441.0 954.0 
2440.0 955.0 
2435.0 965.0 
2546.0 851.0 
2600.0 848.0 
2573.0 850.0 
3249.0 772.0 
3228.0 774.0 
2983.0 784.0 
2985.0 782.0 
3008.0 781.0 
3012.0 779.0 
2970.0 791.0 
2977.0 789.0 
2630.0 844.0 
2640.0 825.0 
3313.0 762.0 
