1976.0 232.0 
577.0 294.0 
1017.0 282.0 
545.0 319.0 
578.0 287.0 
1329.0 264.0 
1312.0 273.0 
1145.0 280.0 
1343.0 254.0 
980.0 286.0 
1346.0 247.0 
555.0 313.0 
578.0 287.0 
2026.0 219.0 
1468.0 237.0 
522.0 346.0 
1132.0 282.0 
552.0 335.0 
547.0 336.0 
1318.0 277.0 
1346.0 264.0 
568.0 334.0 
583.0 317.0 
980.0 291.0 
583.0 317.0 
980.0 291.0 
598.0 295.0 
2029.0 225.0 
1499.0 250.0 
1482.0 263.0 
1499.0 250.0 
1907.0 238.0 
1499.0 250.0 
1553.0 244.0 
537.0 367.0 
525.0 377.0 
534.0 376.0 
1163.0 283.0 
559.0 362.0 
1347.0 266.0 
588.0 322.0 
585.0 326.0 
981.0 293.0 
981.0 293.0 
1146.0 292.0 
607.0 301.0 
606.0 312.0 
2163.0 235.0 
2196.0 233.0 
1487.0 263.0 
1487.0 263.0 
1931.0 242.0 
1934.0 240.0 
1990.0 239.0 
1990.0 239.0 
1990.0 239.0 
1892.0 245.0 
1565.0 262.0 
1585.0 253.0 
1666.0 250.0 
540.0 367.0 
527.0 377.0 
1213.0 288.0 
1307.0 285.0 
579.0 366.0 
1374.0 271.0 
1418.0 267.0 
594.0 322.0 
1157.0 292.0 
608.0 306.0 
935.0 301.0 
1501.0 265.0 
1969.0 243.0 
2121.0 240.0 
2121.0 240.0 
1659.0 253.0 
1605.0 257.0 
1896.0 250.0 
549.0 369.0 
549.0 369.0 
2168.0 241.0 
567.0 380.0 
1376.0 275.0 
974.0 302.0 
661.0 306.0 
594.0 341.0 
591.0 367.0 
1734.0 253.0 
1587.0 271.0 
1052.0 301.0 
1954.0 252.0 
1216.0 296.0 
619.0 314.0 
1982.0 248.0 
610.0 330.0 
2120.0 247.0 
1640.0 260.0 
1240.0 290.0 
1240.0 290.0 
1634.0 270.0 
