310.0 216.0 
1858.0 99.0 
310.0 216.0 
1755.0 101.0 
883.0 140.0 
397.0 173.0 
1015.0 138.0 
375.0 184.0 
866.0 142.0 
335.0 196.0 
1097.0 132.0 
1054.0 135.0 
763.0 144.0 
364.0 186.0 
335.0 196.0 
1660.0 109.0 
1846.0 100.0 
1359.0 119.0 
1685.0 105.0 
326.0 205.0 
715.0 151.0 
717.0 148.0 
672.0 153.0 
1180.0 127.0 
556.0 159.0 
1576.0 110.0 
474.0 169.0 
592.0 156.0 
1148.0 131.0 
1413.0 117.0 
311.0 210.0 
1251.0 126.0 
672.0 153.0 
1017.0 137.0 
1310.0 124.0 
1685.0 105.0 
484.0 167.0 
1498.0 112.0 
1340.0 122.0 
1576.0 110.0 
1516.0 111.0 
532.0 163.0 
1472.0 116.0 
512.0 166.0 
1412.0 118.0 
532.0 163.0 
1493.0 115.0 
364.0 186.0 
759.0 146.0 
586.0 157.0 
321.0 208.0 
1171.0 128.0 
375.0 184.0 
1286.0 125.0 
1251.0 126.0 
440.0 171.0 
592.0 156.0 
325.0 206.0 
428.0 172.0 
1338.0 123.0 
440.0 171.0 
1660.0 109.0 
1286.0 125.0 
316.0 209.0 
1171.0 128.0 
1148.0 131.0 
397.0 173.0 
565.0 158.0 
1472.0 116.0 
512.0 166.0 
1516.0 111.0 
760.0 145.0 
759.0 146.0 
878.0 141.0 
428.0 172.0 
565.0 158.0 
326.0 205.0 
878.0 141.0 
1493.0 115.0 
1338.0 123.0 
311.0 210.0 
1412.0 118.0 
335.0 196.0 
672.0 153.0 
1576.0 110.0 
1251.0 126.0 
440.0 171.0 
1660.0 109.0 
1286.0 125.0 
1493.0 115.0 
1412.0 118.0 
428.0 172.0 
565.0 158.0 
878.0 141.0 
311.0 210.0 
1286.0 125.0 
335.0 196.0 
1576.0 110.0 
440.0 171.0 
672.0 153.0 
