2028.0 200.0 
1814.0 207.0 
1814.0 207.0 
2030.0 198.0 
779.0 257.0 
1623.0 218.0 
1519.0 226.0 
517.0 282.0 
936.0 247.0 
1482.0 230.0 
1814.0 207.0 
463.0 323.0 
1051.0 242.0 
1086.0 239.0 
1839.0 204.0 
592.0 278.0 
868.0 255.0 
608.0 266.0 
936.0 247.0 
1415.0 234.0 
1594.0 222.0 
659.0 258.0 
1006.0 246.0 
1415.0 234.0 
779.0 257.0 
936.0 247.0 
517.0 282.0 
592.0 278.0 
504.0 302.0 
1602.0 221.0 
627.0 263.0 
513.0 288.0 
1782.0 211.0 
2020.0 202.0 
2037.0 198.0 
482.0 326.0 
479.0 358.0 
1110.0 241.0 
1110.0 241.0 
1351.0 240.0 
1097.0 243.0 
1954.0 204.0 
623.0 276.0 
707.0 258.0 
1468.0 237.0 
1468.0 237.0 
1588.0 234.0 
877.0 257.0 
963.0 255.0 
971.0 248.0 
1054.0 247.0 
522.0 285.0 
526.0 282.0 
619.0 278.0 
605.0 279.0 
1634.0 233.0 
1727.0 227.0 
628.0 264.0 
628.0 264.0 
627.0 272.0 
520.0 288.0 
1809.0 223.0 
1800.0 226.0 
1944.0 211.0 
1880.0 212.0 
1811.0 222.0 
1816.0 215.0 
1880.0 212.0 
2075.0 201.0 
483.0 337.0 
524.0 303.0 
721.0 258.0 
1158.0 241.0 
1504.0 240.0 
984.0 255.0 
1678.0 238.0 
2014.0 205.0 
1007.0 248.0 
614.0 280.0 
1812.0 228.0 
1508.0 239.0 
679.0 266.0 
630.0 270.0 
1739.0 230.0 
1818.0 219.0 
1905.0 213.0 
1850.0 217.0 
1699.0 233.0 
551.0 282.0 
1957.0 210.0 
1100.0 246.0 
528.0 294.0 
1131.0 244.0 
643.0 267.0 
1945.0 211.0 
528.0 294.0 
549.0 287.0 
549.0 287.0 
984.0 255.0 
1108.0 245.0 
