82.0 34.0 
84.0 34.0 
84.0 34.0 
83.0 36.0 
84.0 34.0 
84.0 34.0 
101.0 34.0 
101.0 34.0 
101.0 34.0 
101.0 34.0 
101.0 34.0 
101.0 34.0 
101.0 34.0 
101.0 34.0 
101.0 34.0 
85.0 35.0 
101.0 34.0 
101.0 34.0 
85.0 35.0 
85.0 35.0 
101.0 34.0 
101.0 34.0 
101.0 34.0 
85.0 35.0 
84.0 36.0 
101.0 34.0 
101.0 34.0 
85.0 35.0 
101.0 34.0 
85.0 36.0 
85.0 36.0 
85.0 36.0 
85.0 36.0 
103.0 34.0 
103.0 34.0 
103.0 34.0 
101.0 35.0 
101.0 35.0 
103.0 34.0 
103.0 34.0 
103.0 34.0 
103.0 34.0 
103.0 34.0 
103.0 34.0 
103.0 34.0 
103.0 34.0 
103.0 34.0 
101.0 35.0 
103.0 34.0 
103.0 34.0 
103.0 34.0 
103.0 34.0 
85.0 37.0 
85.0 37.0 
106.0 34.0 
106.0 34.0 
86.0 36.0 
103.0 35.0 
103.0 35.0 
86.0 36.0 
85.0 37.0 
85.0 37.0 
85.0 37.0 
85.0 37.0 
85.0 37.0 
85.0 37.0 
85.0 37.0 
85.0 37.0 
85.0 37.0 
85.0 37.0 
85.0 37.0 
85.0 37.0 
85.0 37.0 
85.0 37.0 
85.0 37.0 
85.0 37.0 
85.0 37.0 
85.0 37.0 
85.0 37.0 
85.0 37.0 
85.0 37.0 
85.0 37.0 
85.0 37.0 
85.0 37.0 
85.0 37.0 
85.0 37.0 
85.0 37.0 
85.0 37.0 
85.0 37.0 
85.0 37.0 
85.0 37.0 
85.0 37.0 
85.0 37.0 
85.0 37.0 
85.0 37.0 
85.0 37.0 
85.0 37.0 
85.0 37.0 
85.0 37.0 
85.0 37.0 
