2770.0 883.0 
2716.0 890.0 
2587.0 946.0 
2582.0 963.0 
2895.0 818.0 
2636.0 914.0 
2813.0 848.0 
2680.0 897.0 
2519.0 995.0 
2901.0 811.0 
2716.0 890.0 
2770.0 883.0 
2896.0 820.0 
2896.0 820.0 
2896.0 820.0 
2646.0 926.0 
2647.0 924.0 
2636.0 991.0 
2640.0 954.0 
2655.0 916.0 
2883.0 869.0 
2876.0 871.0 
2693.0 897.0 
2685.0 899.0 
2540.0 1004.0 
3059.0 815.0 
3059.0 815.0 
2844.0 892.0 
3056.0 824.0 
2924.0 829.0 
2993.0 827.0 
2651.0 947.0 
2645.0 980.0 
2655.0 918.0 
2883.0 870.0 
2881.0 891.0 
2698.0 898.0 
3062.0 825.0 
2954.0 846.0 
2952.0 849.0 
2971.0 833.0 
2678.0 941.0 
2658.0 942.0 
2655.0 970.0 
2678.0 941.0 
2936.0 870.0 
2892.0 872.0 
2936.0 870.0 
2717.0 934.0 
2722.0 899.0 
3013.0 834.0 
3013.0 834.0 
2974.0 846.0 
3044.0 833.0 
2973.0 868.0 
2670.0 954.0 
2675.0 951.0 
2655.0 976.0 
2908.0 890.0 
2928.0 879.0 
2726.0 900.0 
3015.0 835.0 
3077.0 834.0 
2977.0 878.0 
2988.0 876.0 
2991.0 873.0 
2977.0 878.0 
2720.0 952.0 
2702.0 954.0 
2676.0 957.0 
2657.0 986.0 
2661.0 982.0 
2659.0 985.0 
2935.0 896.0 
2952.0 883.0 
2963.0 880.0 
2963.0 880.0 
2745.0 910.0 
2749.0 905.0 
2729.0 922.0 
2740.0 914.0 
2869.0 900.0 
2740.0 914.0 
3099.0 837.0 
2663.0 983.0 
3025.0 844.0 
2982.0 896.0 
2742.0 935.0 
2887.0 900.0 
2992.0 873.0 
2712.0 961.0 
3023.0 867.0 
2687.0 967.0 
2778.0 911.0 
2805.0 909.0 
2846.0 907.0 
2765.0 925.0 
2705.0 964.0 
2765.0 925.0 
2869.0 904.0 
