3143.0 808.0 
3102.0 833.0 
3244.0 796.0 
3117.0 832.0 
3122.0 817.0 
2770.0 864.0 
2862.0 846.0 
3244.0 796.0 
3146.0 810.0 
3128.0 840.0 
2784.0 883.0 
2784.0 883.0 
2775.0 1028.0 
3028.0 856.0 
2881.0 867.0 
2886.0 858.0 
3281.0 806.0 
3154.0 829.0 
3131.0 849.0 
3140.0 842.0 
2793.0 975.0 
2841.0 910.0 
3091.0 856.0 
3047.0 865.0 
2892.0 872.0 
2924.0 869.0 
3282.0 823.0 
3821.0 811.0 
3190.0 831.0 
3135.0 855.0 
3147.0 850.0 
2804.0 1001.0 
2804.0 1001.0 
2842.0 957.0 
3134.0 864.0 
2895.0 924.0 
2971.0 869.0 
2946.0 883.0 
3348.0 828.0 
3882.0 814.0 
3210.0 840.0 
3214.0 834.0 
3197.0 854.0 
3151.0 856.0 
2824.0 1009.0 
2834.0 1002.0 
2853.0 994.0 
2846.0 995.0 
2894.0 957.0 
2894.0 957.0 
2929.0 924.0 
2929.0 924.0 
3127.0 875.0 
3127.0 875.0 
2949.0 894.0 
3113.0 885.0 
3611.0 829.0 
3607.0 832.0 
3267.0 835.0 
3219.0 837.0 
3207.0 855.0 
3159.0 874.0 
3195.0 858.0 
3163.0 870.0 
2835.0 1011.0 
2866.0 1008.0 
2900.0 983.0 
2930.0 950.0 
2960.0 913.0 
2971.0 901.0 
3122.0 890.0 
3764.0 832.0 
3764.0 832.0 
3264.0 846.0 
3653.0 837.0 
3281.0 839.0 
3207.0 862.0 
3236.0 861.0 
3165.0 873.0 
3203.0 872.0 
3165.0 873.0 
2855.0 1031.0 
2867.0 1017.0 
2918.0 997.0 
2913.0 1015.0 
2930.0 955.0 
2964.0 920.0 
2986.0 908.0 
3100.0 901.0 
2997.0 902.0 
3142.0 893.0 
3791.0 835.0 
3873.0 832.0 
3689.0 838.0 
3689.0 838.0 
2855.0 1033.0 
3541.0 842.0 
3367.0 843.0 
3244.0 864.0 
2918.0 1005.0 
