1643.0 92.0 
246.0 179.0 
1643.0 92.0 
1590.0 94.0 
272.0 172.0 
869.0 122.0 
1208.0 108.0 
549.0 138.0 
811.0 126.0 
307.0 166.0 
1077.0 114.0 
971.0 115.0 
1127.0 111.0 
650.0 137.0 
314.0 159.0 
1403.0 100.0 
465.0 144.0 
1265.0 107.0 
389.0 152.0 
333.0 153.0 
756.0 132.0 
707.0 133.0 
1514.0 96.0 
1454.0 99.0 
496.0 143.0 
1487.0 97.0 
1379.0 101.0 
1316.0 104.0 
939.0 119.0 
788.0 128.0 
329.0 156.0 
286.0 167.0 
422.0 148.0 
1154.0 110.0 
285.0 169.0 
1346.0 103.0 
655.0 136.0 
707.0 133.0 
1316.0 104.0 
1265.0 107.0 
1081.0 113.0 
282.0 171.0 
521.0 142.0 
1514.0 96.0 
1154.0 110.0 
894.0 121.0 
438.0 146.0 
896.0 120.0 
965.0 116.0 
762.0 130.0 
806.0 127.0 
416.0 149.0 
655.0 136.0 
525.0 141.0 
945.0 117.0 
438.0 146.0 
416.0 149.0 
1460.0 98.0 
389.0 152.0 
1352.0 102.0 
525.0 141.0 
549.0 138.0 
764.0 129.0 
1081.0 113.0 
326.0 157.0 
318.0 158.0 
314.0 159.0 
307.0 166.0 
1460.0 98.0 
945.0 117.0 
971.0 115.0 
1352.0 102.0 
939.0 119.0 
650.0 137.0 
333.0 153.0 
318.0 158.0 
1077.0 114.0 
326.0 157.0 
764.0 129.0 
896.0 120.0 
939.0 119.0 
1265.0 107.0 
1077.0 114.0 
416.0 149.0 
389.0 152.0 
525.0 141.0 
1316.0 104.0 
764.0 129.0 
764.0 129.0 
389.0 152.0 
707.0 133.0 
416.0 149.0 
389.0 152.0 
1154.0 110.0 
1265.0 107.0 
1316.0 104.0 
333.0 153.0 
307.0 166.0 
764.0 129.0 
326.0 157.0 
