444.0 310.0 
973.0 235.0 
812.0 248.0 
589.0 258.0 
457.0 287.0 
523.0 277.0 
455.0 290.0 
1295.0 221.0 
589.0 258.0 
924.0 240.0 
580.0 262.0 
1644.0 210.0 
1295.0 221.0 
1414.0 215.0 
1046.0 229.0 
750.0 257.0 
555.0 265.0 
1900.0 196.0 
449.0 310.0 
447.0 312.0 
449.0 310.0 
447.0 312.0 
447.0 312.0 
447.0 312.0 
973.0 237.0 
822.0 248.0 
813.0 251.0 
467.0 289.0 
467.0 289.0 
538.0 283.0 
526.0 286.0 
460.0 307.0 
594.0 258.0 
592.0 259.0 
952.0 244.0 
1737.0 211.0 
1451.0 219.0 
1627.0 216.0 
1670.0 215.0 
1451.0 219.0 
1118.0 235.0 
1435.0 230.0 
1435.0 230.0 
1277.0 231.0 
795.0 257.0 
566.0 265.0 
555.0 276.0 
563.0 267.0 
557.0 273.0 
1958.0 209.0 
1994.0 208.0 
1926.0 210.0 
459.0 311.0 
459.0 311.0 
452.0 312.0 
452.0 312.0 
447.0 316.0 
452.0 312.0 
447.0 316.0 
1097.0 238.0 
994.0 241.0 
994.0 241.0 
873.0 249.0 
829.0 256.0 
829.0 256.0 
467.0 302.0 
474.0 291.0 
474.0 291.0 
679.0 258.0 
594.0 260.0 
594.0 260.0 
594.0 260.0 
993.0 244.0 
1917.0 213.0 
1808.0 214.0 
1696.0 216.0 
1451.0 224.0 
1455.0 222.0 
1151.0 236.0 
1198.0 235.0 
1355.0 234.0 
1439.0 232.0 
1408.0 233.0 
578.0 266.0 
566.0 267.0 
558.0 275.0 
558.0 275.0 
1930.0 210.0 
456.0 313.0 
456.0 313.0 
1948.0 211.0 
1392.0 234.0 
1498.0 222.0 
1716.0 218.0 
1149.0 238.0 
580.0 267.0 
473.0 302.0 
477.0 292.0 
1931.0 217.0 
733.0 261.0 
