1609.0 556.0 
1676.0 507.0 
1787.0 468.0 
1684.0 491.0 
1644.0 517.0 
1769.0 469.0 
1620.0 542.0 
1720.0 477.0 
1632.0 535.0 
1639.0 530.0 
1797.0 465.0 
1765.0 470.0 
1626.0 541.0 
1676.0 507.0 
1762.0 472.0 
1684.0 491.0 
1796.0 467.0 
1615.0 550.0 
1641.0 528.0 
1676.0 507.0 
1762.0 472.0 
1765.0 470.0 
1629.0 540.0 
1677.0 496.0 
1797.0 465.0 
1710.0 485.0 
1626.0 541.0 
1615.0 550.0 
1787.0 468.0 
1642.0 518.0 
1620.0 542.0 
1653.0 510.0 
1691.0 488.0 
1713.0 480.0 
1752.0 474.0 
1613.0 555.0 
1651.0 517.0 
1775.0 469.0 
1775.0 469.0 
1636.0 537.0 
1640.0 536.0 
1640.0 536.0 
1685.0 494.0 
1688.0 492.0 
1686.0 493.0 
1685.0 494.0 
1641.0 530.0 
1682.0 506.0 
1677.0 507.0 
1677.0 507.0 
1682.0 506.0 
1802.0 467.0 
1711.0 486.0 
1711.0 486.0 
1629.0 541.0 
1797.0 468.0 
1797.0 468.0 
1797.0 468.0 
1643.0 518.0 
1642.0 529.0 
1621.0 543.0 
1621.0 543.0 
1621.0 543.0 
1621.0 543.0 
1620.0 549.0 
1626.0 542.0 
1620.0 549.0 
1626.0 542.0 
1655.0 510.0 
1653.0 511.0 
1655.0 510.0 
1702.0 489.0 
1702.0 489.0 
1702.0 489.0 
1702.0 489.0 
1707.0 488.0 
1697.0 491.0 
1702.0 489.0 
1713.0 483.0 
1725.0 480.0 
1725.0 480.0 
1725.0 480.0 
1772.0 476.0 
1762.0 479.0 
1802.0 468.0 
1802.0 468.0 
1621.0 544.0 
1621.0 544.0 
1641.0 531.0 
1740.0 480.0 
1775.0 470.0 
1685.0 495.0 
1769.0 479.0 
1677.0 509.0 
1643.0 519.0 
1631.0 541.0 
1719.0 483.0 
1645.0 518.0 
1653.0 513.0 
1772.0 477.0 
