720.0 235.0 
673.0 238.0 
1100.0 208.0 
1035.0 212.0 
1853.0 183.0 
720.0 235.0 
1035.0 212.0 
514.0 249.0 
966.0 218.0 
1018.0 216.0 
611.0 246.0 
538.0 248.0 
447.0 299.0 
1096.0 209.0 
493.0 251.0 
478.0 270.0 
1476.0 190.0 
1341.0 193.0 
1144.0 204.0 
891.0 230.0 
2071.0 173.0 
1193.0 197.0 
1886.0 175.0 
672.0 245.0 
1563.0 189.0 
675.0 239.0 
675.0 239.0 
1854.0 186.0 
758.0 237.0 
1058.0 213.0 
1017.0 218.0 
970.0 219.0 
613.0 247.0 
613.0 247.0 
544.0 249.0 
549.0 248.0 
459.0 303.0 
448.0 309.0 
1103.0 210.0 
495.0 261.0 
518.0 251.0 
495.0 261.0 
1164.0 209.0 
1186.0 205.0 
957.0 232.0 
1204.0 203.0 
1211.0 201.0 
1204.0 203.0 
1960.0 178.0 
1899.0 180.0 
1955.0 179.0 
1899.0 180.0 
1891.0 181.0 
2092.0 176.0 
1667.0 192.0 
1597.0 198.0 
1852.0 189.0 
677.0 239.0 
1866.0 188.0 
915.0 238.0 
1067.0 216.0 
1067.0 216.0 
995.0 225.0 
995.0 225.0 
1022.0 219.0 
550.0 249.0 
574.0 248.0 
494.0 306.0 
452.0 311.0 
1112.0 210.0 
523.0 257.0 
540.0 252.0 
540.0 252.0 
523.0 257.0 
523.0 257.0 
539.0 255.0 
507.0 283.0 
513.0 263.0 
508.0 275.0 
513.0 263.0 
522.0 262.0 
496.0 285.0 
513.0 263.0 
1169.0 209.0 
974.0 233.0 
961.0 235.0 
986.0 232.0 
1229.0 203.0 
1976.0 178.0 
1908.0 183.0 
1908.0 183.0 
1697.0 196.0 
1706.0 194.0 
1688.0 197.0 
1657.0 198.0 
456.0 327.0 
2059.0 180.0 
1662.0 198.0 
1276.0 204.0 
513.0 266.0 
