312.0 184.0 
487.0 146.0 
1008.0 111.0 
305.0 186.0 
487.0 146.0 
1151.0 107.0 
1151.0 107.0 
1440.0 96.0 
305.0 186.0 
1522.0 93.0 
1363.0 99.0 
1008.0 111.0 
1389.0 98.0 
985.0 113.0 
698.0 133.0 
1440.0 96.0 
342.0 167.0 
1631.0 92.0 
350.0 164.0 
985.0 113.0 
350.0 164.0 
1389.0 98.0 
1635.0 89.0 
289.0 222.0 
1363.0 99.0 
487.0 146.0 
1440.0 96.0 
900.0 119.0 
1008.0 111.0 
487.0 146.0 
1363.0 99.0 
289.0 222.0 
338.0 174.0 
304.0 190.0 
1631.0 92.0 
646.0 135.0 
1233.0 104.0 
301.0 191.0 
1008.0 111.0 
342.0 167.0 
1631.0 92.0 
536.0 142.0 
289.0 222.0 
1271.0 100.0 
350.0 164.0 
289.0 222.0 
301.0 191.0 
345.0 166.0 
1440.0 96.0 
1363.0 99.0 
1233.0 104.0 
304.0 190.0 
422.0 147.0 
1363.0 99.0 
1440.0 96.0 
1151.0 107.0 
326.0 181.0 
876.0 121.0 
360.0 161.0 
797.0 127.0 
338.0 174.0 
740.0 128.0 
489.0 145.0 
1021.0 110.0 
372.0 151.0 
854.0 124.0 
1254.0 101.0 
1363.0 99.0 
297.0 202.0 
338.0 174.0 
1363.0 99.0 
535.0 144.0 
853.0 126.0 
1440.0 96.0 
1008.0 111.0 
930.0 115.0 
1145.0 109.0 
289.0 222.0 
372.0 151.0 
1238.0 103.0 
301.0 191.0 
362.0 156.0 
403.0 150.0 
615.0 137.0 
797.0 127.0 
900.0 119.0 
338.0 174.0 
1637.0 89.0 
294.0 223.0 
294.0 223.0 
299.0 202.0 
326.0 182.0 
344.0 168.0 
301.0 193.0 
360.0 162.0 
1009.0 111.0 
374.0 152.0 
1440.0 97.0 
1126.0 110.0 
618.0 139.0 
