805.0 179.0 
372.0 236.0 
434.0 209.0 
1322.0 145.0 
1065.0 155.0 
1322.0 145.0 
985.0 160.0 
582.0 184.0 
395.0 212.0 
848.0 172.0 
1560.0 136.0 
698.0 180.0 
1601.0 135.0 
444.0 196.0 
877.0 163.0 
1846.0 124.0 
364.0 240.0 
350.0 253.0 
1229.0 147.0 
1532.0 140.0 
1830.0 126.0 
1842.0 125.0 
985.0 160.0 
1816.0 127.0 
1062.0 156.0 
1198.0 154.0 
1810.0 132.0 
523.0 186.0 
1849.0 123.0 
1424.0 144.0 
395.0 212.0 
464.0 195.0 
1040.0 159.0 
373.0 237.0 
372.0 238.0 
375.0 236.0 
436.0 210.0 
436.0 210.0 
1158.0 155.0 
1325.0 145.0 
600.0 184.0 
582.0 185.0 
849.0 173.0 
768.0 181.0 
715.0 183.0 
770.0 180.0 
753.0 182.0 
1773.0 136.0 
1624.0 139.0 
1624.0 139.0 
1737.0 137.0 
444.0 197.0 
952.0 167.0 
930.0 168.0 
368.0 244.0 
371.0 242.0 
357.0 253.0 
1241.0 152.0 
1316.0 148.0 
1316.0 148.0 
1562.0 141.0 
1846.0 125.0 
988.0 160.0 
1837.0 130.0 
1065.0 156.0 
1834.0 132.0 
526.0 190.0 
1495.0 144.0 
1495.0 144.0 
403.0 213.0 
403.0 213.0 
496.0 196.0 
510.0 195.0 
357.0 257.0 
1871.0 128.0 
410.0 217.0 
409.0 233.0 
372.0 248.0 
1748.0 137.0 
591.0 185.0 
1470.0 147.0 
849.0 177.0 
1338.0 148.0 
1628.0 139.0 
529.0 191.0 
375.0 237.0 
1198.0 155.0 
989.0 166.0 
735.0 183.0 
1114.0 156.0 
886.0 173.0 
497.0 196.0 
775.0 180.0 
1800.0 136.0 
433.0 213.0 
1278.0 152.0 
360.0 255.0 
1028.0 162.0 
1249.0 154.0 
931.0 171.0 
