14.0 6.0 
11.0 11.0 
19.0 5.0 
14.0 6.0 
13.0 11.0 
13.0 11.0 
13.0 11.0 
13.0 11.0 
13.0 11.0 
13.0 11.0 
13.0 11.0 
13.0 11.0 
13.0 11.0 
13.0 11.0 
26.0 5.0 
26.0 5.0 
20.0 6.0 
20.0 6.0 
14.0 7.0 
29.0 5.0 
29.0 5.0 
22.0 6.0 
17.0 7.0 
14.0 8.0 
23.0 6.0 
22.0 7.0 
22.0 7.0 
22.0 7.0 
22.0 7.0 
22.0 7.0 
22.0 7.0 
22.0 7.0 
22.0 7.0 
22.0 7.0 
22.0 7.0 
22.0 7.0 
22.0 7.0 
22.0 7.0 
22.0 7.0 
22.0 7.0 
22.0 7.0 
22.0 7.0 
22.0 7.0 
22.0 7.0 
22.0 7.0 
22.0 7.0 
22.0 7.0 
15.0 8.0 
15.0 8.0 
14.0 10.0 
24.0 6.0 
21.0 8.0 
16.0 9.0 
15.0 10.0 
14.0 11.0 
24.0 7.0 
24.0 7.0 
24.0 7.0 
26.0 6.0 
24.0 7.0 
23.0 8.0 
22.0 9.0 
16.0 10.0 
15.0 12.0 
15.0 12.0 
15.0 12.0 
28.0 6.0 
28.0 6.0 
28.0 6.0 
24.0 8.0 
17.0 10.0 
17.0 10.0 
16.0 12.0 
15.0 13.0 
29.0 6.0 
29.0 6.0 
25.0 9.0 
19.0 10.0 
17.0 11.0 
16.0 13.0 
16.0 13.0 
16.0 13.0 
32.0 6.0 
32.0 6.0 
32.0 6.0 
29.0 7.0 
32.0 6.0 
26.0 9.0 
26.0 9.0 
22.0 10.0 
22.0 10.0 
18.0 11.0 
16.0 16.0 
16.0 16.0 
16.0 16.0 
16.0 16.0 
16.0 16.0 
17.0 13.0 
16.0 16.0 
33.0 6.0 
