29.0 14.0 
30.0 15.0 
32.0 15.0 
30.0 16.0 
32.0 15.0 
32.0 15.0 
32.0 15.0 
30.0 21.0 
31.0 16.0 
30.0 21.0 
31.0 16.0 
31.0 16.0 
33.0 15.0 
33.0 15.0 
32.0 16.0 
32.0 16.0 
32.0 16.0 
32.0 16.0 
32.0 16.0 
32.0 16.0 
34.0 15.0 
34.0 15.0 
34.0 15.0 
34.0 15.0 
32.0 17.0 
32.0 17.0 
32.0 17.0 
33.0 16.0 
33.0 16.0 
33.0 16.0 
32.0 17.0 
32.0 17.0 
33.0 16.0 
35.0 15.0 
35.0 15.0 
32.0 18.0 
32.0 18.0 
34.0 16.0 
34.0 16.0 
34.0 16.0 
34.0 16.0 
34.0 16.0 
33.0 17.0 
34.0 16.0 
32.0 20.0 
32.0 20.0 
32.0 20.0 
32.0 20.0 
33.0 18.0 
33.0 18.0 
33.0 18.0 
33.0 18.0 
35.0 16.0 
35.0 16.0 
35.0 16.0 
35.0 16.0 
35.0 16.0 
35.0 16.0 
35.0 16.0 
34.0 17.0 
32.0 21.0 
32.0 21.0 
32.0 21.0 
32.0 21.0 
32.0 21.0 
32.0 21.0 
32.0 21.0 
32.0 21.0 
32.0 21.0 
32.0 21.0 
32.0 21.0 
32.0 21.0 
32.0 21.0 
33.0 19.0 
36.0 16.0 
36.0 16.0 
36.0 16.0 
35.0 17.0 
34.0 18.0 
35.0 17.0 
35.0 17.0 
35.0 17.0 
32.0 22.0 
32.0 22.0 
32.0 22.0 
32.0 22.0 
32.0 22.0 
33.0 20.0 
38.0 16.0 
38.0 16.0 
38.0 16.0 
34.0 19.0 
34.0 19.0 
34.0 19.0 
36.0 17.0 
36.0 17.0 
36.0 17.0 
35.0 18.0 
36.0 17.0 
36.0 17.0 
