70.0 56.0 
59.0 58.0 
59.0 58.0 
66.0 57.0 
76.0 23.0 
76.0 23.0 
75.0 25.0 
59.0 58.0 
71.0 50.0 
57.0 74.0 
76.0 23.0 
66.0 57.0 
72.0 46.0 
75.0 45.0 
60.0 59.0 
59.0 64.0 
60.0 59.0 
60.0 59.0 
59.0 64.0 
71.0 51.0 
81.0 23.0 
81.0 23.0 
79.0 40.0 
79.0 40.0 
79.0 40.0 
79.0 40.0 
79.0 40.0 
77.0 42.0 
77.0 42.0 
79.0 40.0 
80.0 33.0 
81.0 23.0 
67.0 57.0 
67.0 57.0 
63.0 60.0 
63.0 60.0 
60.0 61.0 
59.0 67.0 
74.0 52.0 
73.0 56.0 
77.0 47.0 
79.0 42.0 
80.0 34.0 
80.0 34.0 
81.0 24.0 
68.0 59.0 
66.0 62.0 
66.0 62.0 
62.0 66.0 
59.0 68.0 
59.0 68.0 
59.0 68.0 
75.0 53.0 
75.0 53.0 
80.0 38.0 
82.0 25.0 
82.0 25.0 
70.0 60.0 
70.0 60.0 
70.0 60.0 
70.0 60.0 
67.0 64.0 
64.0 66.0 
64.0 66.0 
59.0 69.0 
59.0 69.0 
59.0 69.0 
59.0 69.0 
76.0 53.0 
76.0 53.0 
75.0 57.0 
76.0 53.0 
80.0 41.0 
82.0 31.0 
82.0 31.0 
84.0 25.0 
82.0 31.0 
84.0 25.0 
84.0 25.0 
82.0 31.0 
84.0 25.0 
82.0 31.0 
84.0 25.0 
70.0 61.0 
60.0 70.0 
60.0 70.0 
86.0 25.0 
86.0 25.0 
68.0 66.0 
78.0 53.0 
84.0 30.0 
75.0 58.0 
80.0 45.0 
71.0 61.0 
81.0 41.0 
83.0 34.0 
81.0 41.0 
80.0 45.0 
83.0 34.0 
69.0 64.0 
