307.0 225.0 
307.0 225.0 
1802.0 109.0 
1234.0 129.0 
1154.0 133.0 
438.0 180.0 
1365.0 128.0 
316.0 221.0 
326.0 209.0 
627.0 162.0 
360.0 195.0 
418.0 190.0 
1447.0 124.0 
1370.0 126.0 
1644.0 118.0 
1527.0 119.0 
615.0 164.0 
722.0 160.0 
494.0 171.0 
565.0 170.0 
1800.0 111.0 
356.0 202.0 
1475.0 123.0 
1070.0 138.0 
1689.0 114.0 
1513.0 122.0 
885.0 150.0 
933.0 147.0 
591.0 168.0 
796.0 156.0 
832.0 153.0 
354.0 204.0 
1744.0 112.0 
470.0 176.0 
1740.0 113.0 
759.0 157.0 
964.0 145.0 
316.0 221.0 
992.0 144.0 
393.0 193.0 
805.0 155.0 
338.0 206.0 
1689.0 114.0 
1645.0 117.0 
998.0 143.0 
914.0 149.0 
441.0 178.0 
477.0 173.0 
1523.0 120.0 
859.0 151.0 
1045.0 140.0 
1022.0 142.0 
591.0 168.0 
1045.0 140.0 
759.0 157.0 
724.0 159.0 
400.0 191.0 
1124.0 135.0 
491.0 172.0 
1098.0 137.0 
859.0 151.0 
1645.0 117.0 
565.0 170.0 
828.0 154.0 
1022.0 142.0 
955.0 146.0 
1120.0 136.0 
1098.0 137.0 
335.0 207.0 
418.0 190.0 
393.0 193.0 
470.0 176.0 
914.0 149.0 
1124.0 135.0 
356.0 202.0 
441.0 178.0 
724.0 159.0 
722.0 160.0 
326.0 209.0 
955.0 146.0 
477.0 173.0 
400.0 191.0 
330.0 208.0 
1527.0 119.0 
1744.0 112.0 
330.0 208.0 
1120.0 136.0 
1740.0 113.0 
828.0 154.0 
1644.0 118.0 
316.0 221.0 
759.0 157.0 
591.0 168.0 
1645.0 117.0 
565.0 170.0 
1098.0 137.0 
470.0 176.0 
393.0 193.0 
724.0 159.0 
955.0 146.0 
