240.0 138.0 
240.0 138.0 
241.0 96.0 
240.0 138.0 
240.0 138.0 
273.0 92.0 
259.0 98.0 
274.0 104.0 
277.0 103.0 
277.0 103.0 
274.0 104.0 
277.0 103.0 
267.0 110.0 
277.0 103.0 
259.0 129.0 
283.0 99.0 
267.0 110.0 
267.0 110.0 
274.0 104.0 
267.0 110.0 
263.0 130.0 
263.0 130.0 
332.0 100.0 
332.0 100.0 
317.0 102.0 
332.0 100.0 
332.0 100.0 
277.0 104.0 
268.0 115.0 
269.0 111.0 
273.0 110.0 
267.0 131.0 
267.0 131.0 
267.0 131.0 
267.0 131.0 
323.0 102.0 
319.0 103.0 
285.0 104.0 
271.0 115.0 
271.0 115.0 
274.0 110.0 
350.0 103.0 
311.0 104.0 
292.0 106.0 
311.0 104.0 
287.0 108.0 
271.0 123.0 
271.0 123.0 
271.0 123.0 
275.0 110.0 
304.0 106.0 
346.0 104.0 
299.0 108.0 
299.0 108.0 
274.0 125.0 
271.0 135.0 
276.0 112.0 
289.0 110.0 
275.0 119.0 
321.0 107.0 
301.0 109.0 
272.0 139.0 
272.0 139.0 
272.0 139.0 
272.0 139.0 
277.0 114.0 
297.0 112.0 
275.0 130.0 
275.0 130.0 
276.0 124.0 
323.0 109.0 
304.0 111.0 
272.0 148.0 
272.0 148.0 
272.0 148.0 
291.0 114.0 
277.0 117.0 
297.0 113.0 
297.0 113.0 
275.0 143.0 
275.0 143.0 
275.0 143.0 
332.0 110.0 
332.0 110.0 
332.0 110.0 
314.0 112.0 
328.0 111.0 
273.0 151.0 
296.0 114.0 
295.0 116.0 
281.0 123.0 
284.0 119.0 
277.0 140.0 
293.0 117.0 
305.0 113.0 
305.0 113.0 
409.0 111.0 
274.0 156.0 
345.0 112.0 
278.0 142.0 
