148.0 40.0 
144.0 41.0 
150.0 38.0 
148.0 40.0 
148.0 40.0 
156.0 37.0 
144.0 43.0 
146.0 41.0 
151.0 39.0 
149.0 40.0 
158.0 38.0 
158.0 38.0 
145.0 44.0 
145.0 44.0 
145.0 44.0 
145.0 44.0 
147.0 41.0 
147.0 41.0 
147.0 41.0 
152.0 39.0 
150.0 40.0 
146.0 44.0 
148.0 41.0 
148.0 41.0 
148.0 41.0 
147.0 42.0 
155.0 39.0 
155.0 39.0 
151.0 40.0 
146.0 45.0 
146.0 45.0 
149.0 41.0 
149.0 41.0 
149.0 41.0 
149.0 41.0 
149.0 41.0 
149.0 41.0 
148.0 42.0 
148.0 42.0 
147.0 44.0 
160.0 39.0 
152.0 40.0 
150.0 41.0 
150.0 41.0 
150.0 41.0 
149.0 42.0 
149.0 42.0 
149.0 42.0 
149.0 42.0 
149.0 42.0 
148.0 44.0 
148.0 44.0 
153.0 40.0 
151.0 41.0 
151.0 41.0 
151.0 41.0 
151.0 41.0 
149.0 43.0 
149.0 43.0 
150.0 42.0 
150.0 42.0 
150.0 42.0 
150.0 42.0 
150.0 42.0 
150.0 42.0 
149.0 43.0 
150.0 42.0 
150.0 42.0 
150.0 42.0 
150.0 42.0 
149.0 43.0 
150.0 42.0 
150.0 42.0 
150.0 42.0 
150.0 42.0 
149.0 43.0 
150.0 42.0 
149.0 43.0 
150.0 42.0 
149.0 43.0 
149.0 43.0 
148.0 45.0 
148.0 45.0 
148.0 45.0 
154.0 40.0 
149.0 44.0 
157.0 40.0 
152.0 41.0 
152.0 41.0 
151.0 42.0 
151.0 42.0 
150.0 43.0 
150.0 43.0 
152.0 41.0 
152.0 41.0 
151.0 42.0 
151.0 42.0 
151.0 42.0 
151.0 42.0 
151.0 42.0 
