27.0 8.0 
29.0 7.0 
29.0 7.0 
23.0 10.0 
16.0 19.0 
18.0 17.0 
22.0 12.0 
28.0 9.0 
36.0 7.0 
29.0 8.0 
29.0 8.0 
27.0 10.0 
27.0 10.0 
27.0 10.0 
27.0 10.0 
17.0 19.0 
16.0 23.0 
20.0 18.0 
23.0 12.0 
22.0 13.0 
45.0 7.0 
34.0 8.0 
30.0 9.0 
30.0 9.0 
27.0 11.0 
28.0 10.0 
17.0 20.0 
20.0 19.0 
25.0 12.0 
22.0 18.0 
23.0 14.0 
22.0 18.0 
50.0 7.0 
50.0 7.0 
36.0 8.0 
33.0 9.0 
31.0 11.0 
19.0 20.0 
19.0 20.0 
19.0 20.0 
17.0 21.0 
27.0 12.0 
27.0 12.0 
23.0 16.0 
25.0 14.0 
23.0 16.0 
22.0 19.0 
51.0 8.0 
44.0 9.0 
36.0 10.0 
35.0 11.0 
20.0 20.0 
17.0 23.0 
17.0 23.0 
17.0 23.0 
17.0 23.0 
17.0 23.0 
18.0 22.0 
17.0 23.0 
28.0 13.0 
29.0 12.0 
26.0 15.0 
27.0 14.0 
24.0 18.0 
24.0 18.0 
24.0 18.0 
25.0 16.0 
25.0 16.0 
58.0 8.0 
48.0 9.0 
38.0 10.0 
38.0 10.0 
38.0 10.0 
37.0 11.0 
20.0 21.0 
23.0 20.0 
23.0 20.0 
18.0 23.0 
18.0 23.0 
18.0 23.0 
18.0 23.0 
17.0 24.0 
17.0 24.0 
18.0 23.0 
17.0 24.0 
31.0 12.0 
30.0 13.0 
30.0 13.0 
28.0 14.0 
25.0 17.0 
26.0 16.0 
25.0 17.0 
59.0 8.0 
17.0 26.0 
17.0 26.0 
33.0 12.0 
51.0 9.0 
21.0 21.0 
25.0 19.0 
44.0 10.0 
