287.0 213.0 
1745.0 94.0 
1745.0 94.0 
291.0 204.0 
320.0 187.0 
1158.0 119.0 
309.0 195.0 
466.0 156.0 
912.0 128.0 
303.0 197.0 
1071.0 120.0 
1556.0 101.0 
1023.0 123.0 
326.0 181.0 
367.0 164.0 
1183.0 117.0 
1291.0 113.0 
1266.0 115.0 
1507.0 105.0 
1452.0 106.0 
532.0 155.0 
1248.0 116.0 
362.0 170.0 
970.0 126.0 
1614.0 100.0 
873.0 131.0 
1399.0 110.0 
1345.0 111.0 
361.0 174.0 
599.0 148.0 
1071.0 120.0 
556.0 151.0 
388.0 163.0 
443.0 159.0 
425.0 160.0 
362.0 170.0 
715.0 140.0 
1722.0 96.0 
970.0 126.0 
758.0 137.0 
819.0 133.0 
1533.0 103.0 
810.0 135.0 
599.0 148.0 
425.0 160.0 
388.0 163.0 
635.0 146.0 
1533.0 103.0 
534.0 154.0 
733.0 139.0 
574.0 150.0 
1427.0 108.0 
635.0 146.0 
551.0 153.0 
678.0 143.0 
328.0 179.0 
889.0 130.0 
358.0 175.0 
330.0 178.0 
358.0 175.0 
846.0 132.0 
1345.0 111.0 
997.0 125.0 
1318.0 112.0 
1695.0 97.0 
785.0 136.0 
1668.0 98.0 
1641.0 99.0 
1614.0 100.0 
1641.0 99.0 
1695.0 97.0 
1668.0 98.0 
1318.0 112.0 
846.0 132.0 
330.0 178.0 
704.0 141.0 
1507.0 105.0 
678.0 143.0 
1183.0 117.0 
1452.0 106.0 
758.0 137.0 
1427.0 108.0 
785.0 136.0 
733.0 139.0 
574.0 150.0 
704.0 141.0 
443.0 159.0 
1722.0 96.0 
889.0 130.0 
1248.0 116.0 
653.0 145.0 
1409.0 109.0 
1005.0 124.0 
661.0 144.0 
1409.0 109.0 
1399.0 110.0 
819.0 133.0 
810.0 135.0 
661.0 144.0 
653.0 145.0 
