722.0 155.0 
722.0 155.0 
722.0 155.0 
845.0 146.0 
1392.0 125.0 
337.0 213.0 
785.0 152.0 
722.0 155.0 
693.0 157.0 
722.0 155.0 
1200.0 132.0 
424.0 175.0 
722.0 155.0 
844.0 147.0 
337.0 213.0 
1392.0 125.0 
337.0 213.0 
722.0 155.0 
1200.0 132.0 
716.0 156.0 
611.0 164.0 
1309.0 127.0 
423.0 176.0 
1232.0 130.0 
1073.0 136.0 
775.0 154.0 
845.0 146.0 
1200.0 132.0 
533.0 167.0 
1569.0 116.0 
561.0 166.0 
1062.0 138.0 
686.0 158.0 
885.0 144.0 
1437.0 120.0 
845.0 146.0 
722.0 155.0 
400.0 184.0 
1309.0 127.0 
885.0 144.0 
1108.0 133.0 
1705.0 111.0 
818.0 149.0 
1612.0 113.0 
519.0 170.0 
634.0 161.0 
1569.0 116.0 
977.0 141.0 
791.0 151.0 
885.0 144.0 
818.0 149.0 
333.0 225.0 
368.0 189.0 
406.0 178.0 
885.0 144.0 
1566.0 118.0 
1108.0 133.0 
561.0 166.0 
1007.0 139.0 
1437.0 120.0 
1260.0 128.0 
1316.0 126.0 
400.0 184.0 
337.0 213.0 
1073.0 136.0 
424.0 175.0 
339.0 200.0 
438.0 171.0 
1719.0 111.0 
333.0 226.0 
333.0 226.0 
1442.0 120.0 
640.0 162.0 
337.0 222.0 
546.0 167.0 
1388.0 126.0 
1109.0 134.0 
339.0 206.0 
1033.0 139.0 
370.0 190.0 
1187.0 133.0 
506.0 171.0 
885.0 145.0 
366.0 201.0 
1310.0 128.0 
1573.0 117.0 
1677.0 113.0 
1613.0 115.0 
848.0 148.0 
977.0 142.0 
786.0 153.0 
780.0 154.0 
438.0 173.0 
708.0 157.0 
401.0 188.0 
985.0 141.0 
1266.0 129.0 
707.0 158.0 
1573.0 117.0 
850.0 146.0 
