93.0 37.0 
99.0 33.0 
93.0 37.0 
93.0 37.0 
98.0 34.0 
117.0 32.0 
93.0 37.0 
93.0 37.0 
99.0 33.0 
93.0 37.0 
93.0 37.0 
99.0 33.0 
98.0 35.0 
98.0 35.0 
98.0 35.0 
98.0 35.0 
118.0 32.0 
118.0 32.0 
93.0 38.0 
94.0 37.0 
93.0 38.0 
93.0 38.0 
94.0 37.0 
93.0 38.0 
93.0 38.0 
93.0 38.0 
93.0 38.0 
99.0 34.0 
99.0 34.0 
99.0 34.0 
100.0 33.0 
99.0 34.0 
99.0 34.0 
99.0 34.0 
98.0 36.0 
98.0 36.0 
98.0 36.0 
98.0 36.0 
93.0 39.0 
93.0 39.0 
94.0 38.0 
94.0 38.0 
94.0 38.0 
94.0 38.0 
94.0 38.0 
94.0 38.0 
94.0 38.0 
94.0 38.0 
94.0 38.0 
94.0 38.0 
94.0 38.0 
93.0 39.0 
94.0 38.0 
94.0 38.0 
94.0 38.0 
94.0 38.0 
94.0 38.0 
94.0 38.0 
94.0 38.0 
93.0 39.0 
117.0 33.0 
117.0 33.0 
117.0 33.0 
100.0 34.0 
100.0 34.0 
100.0 34.0 
100.0 34.0 
100.0 34.0 
100.0 34.0 
100.0 34.0 
100.0 34.0 
100.0 34.0 
100.0 34.0 
100.0 34.0 
100.0 34.0 
100.0 34.0 
100.0 34.0 
100.0 34.0 
100.0 34.0 
100.0 34.0 
100.0 34.0 
100.0 34.0 
100.0 34.0 
93.0 40.0 
118.0 33.0 
118.0 33.0 
101.0 34.0 
99.0 36.0 
95.0 38.0 
99.0 36.0 
95.0 38.0 
94.0 39.0 
94.0 39.0 
101.0 34.0 
100.0 35.0 
100.0 35.0 
99.0 36.0 
99.0 36.0 
99.0 36.0 
99.0 36.0 
