70.0 23.0 
52.0 28.0 
65.0 26.0 
65.0 26.0 
76.0 24.0 
77.0 23.0 
58.0 30.0 
63.0 29.0 
67.0 26.0 
79.0 25.0 
82.0 24.0 
88.0 23.0 
59.0 37.0 
63.0 32.0 
63.0 32.0 
66.0 29.0 
68.0 26.0 
80.0 25.0 
108.0 23.0 
65.0 39.0 
64.0 40.0 
67.0 29.0 
66.0 36.0 
66.0 36.0 
69.0 26.0 
85.0 25.0 
67.0 30.0 
68.0 29.0 
69.0 28.0 
71.0 26.0 
69.0 28.0 
70.0 27.0 
107.0 25.0 
68.0 30.0 
81.0 26.0 
70.0 29.0 
70.0 29.0 
72.0 27.0 
72.0 27.0 
108.0 25.0 
68.0 34.0 
82.0 26.0 
70.0 30.0 
70.0 30.0 
73.0 27.0 
68.0 35.0 
84.0 26.0 
71.0 30.0 
71.0 30.0 
70.0 32.0 
75.0 27.0 
75.0 27.0 
68.0 43.0 
86.0 26.0 
86.0 26.0 
72.0 30.0 
70.0 40.0 
71.0 32.0 
82.0 28.0 
75.0 29.0 
86.0 27.0 
88.0 26.0 
72.0 31.0 
72.0 31.0 
72.0 31.0 
72.0 31.0 
73.0 30.0 
73.0 30.0 
71.0 33.0 
71.0 33.0 
71.0 33.0 
71.0 33.0 
71.0 33.0 
84.0 28.0 
84.0 28.0 
77.0 29.0 
77.0 29.0 
90.0 26.0 
88.0 27.0 
73.0 31.0 
71.0 43.0 
72.0 41.0 
80.0 29.0 
80.0 29.0 
77.0 30.0 
107.0 26.0 
107.0 26.0 
89.0 28.0 
89.0 28.0 
92.0 27.0 
73.0 33.0 
76.0 31.0 
71.0 45.0 
83.0 29.0 
83.0 29.0 
78.0 30.0 
97.0 27.0 
73.0 36.0 
73.0 36.0 
90.0 28.0 
