360.0 211.0 
360.0 211.0 
405.0 204.0 
1388.0 152.0 
1076.0 166.0 
601.0 194.0 
923.0 172.0 
354.0 225.0 
405.0 204.0 
1613.0 144.0 
748.0 190.0 
404.0 210.0 
1217.0 157.0 
409.0 203.0 
431.0 202.0 
1103.0 165.0 
404.0 210.0 
846.0 175.0 
1701.0 141.0 
1835.0 131.0 
1158.0 160.0 
494.0 197.0 
752.0 177.0 
1633.0 143.0 
1803.0 132.0 
923.0 172.0 
1480.0 151.0 
1302.0 155.0 
601.0 194.0 
404.0 210.0 
531.0 195.0 
405.0 204.0 
1727.0 138.0 
1613.0 144.0 
1116.0 164.0 
630.0 191.0 
846.0 175.0 
1151.0 161.0 
923.0 172.0 
1217.0 157.0 
1271.0 156.0 
334.0 228.0 
1857.0 132.0 
339.0 228.0 
771.0 188.0 
838.0 180.0 
364.0 215.0 
354.0 227.0 
1511.0 151.0 
1621.0 148.0 
1412.0 154.0 
916.0 175.0 
1081.0 167.0 
1670.0 143.0 
1797.0 142.0 
1267.0 158.0 
529.0 203.0 
637.0 192.0 
882.0 178.0 
545.0 199.0 
407.0 207.0 
1496.0 153.0 
994.0 174.0 
603.0 198.0 
392.0 213.0 
1636.0 146.0 
1062.0 172.0 
709.0 191.0 
426.0 204.0 
1195.0 160.0 
1351.0 155.0 
1809.0 139.0 
1180.0 165.0 
1247.0 159.0 
1351.0 155.0 
1020.0 173.0 
1184.0 162.0 
630.0 196.0 
709.0 191.0 
1142.0 166.0 
1832.0 133.0 
1814.0 134.0 
389.0 214.0 
1142.0 166.0 
1810.0 136.0 
1670.0 143.0 
413.0 205.0 
630.0 196.0 
1062.0 172.0 
1810.0 136.0 
529.0 203.0 
426.0 204.0 
1797.0 142.0 
354.0 227.0 
413.0 205.0 
1810.0 136.0 
1351.0 155.0 
1351.0 155.0 
1351.0 155.0 
1351.0 155.0 
