1686.0 103.0 
1686.0 103.0 
303.0 225.0 
305.0 199.0 
341.0 189.0 
310.0 194.0 
378.0 170.0 
342.0 182.0 
1413.0 111.0 
1308.0 116.0 
1571.0 106.0 
1371.0 115.0 
497.0 161.0 
952.0 130.0 
1086.0 125.0 
729.0 143.0 
798.0 138.0 
349.0 178.0 
425.0 162.0 
521.0 158.0 
1494.0 109.0 
1039.0 126.0 
763.0 140.0 
1122.0 124.0 
1652.0 104.0 
349.0 178.0 
1544.0 108.0 
1494.0 109.0 
1632.0 105.0 
581.0 156.0 
624.0 149.0 
677.0 147.0 
746.0 141.0 
1243.0 119.0 
1413.0 111.0 
687.0 145.0 
922.0 133.0 
929.0 132.0 
1281.0 118.0 
1001.0 129.0 
305.0 199.0 
887.0 134.0 
1020.0 127.0 
1371.0 115.0 
854.0 136.0 
607.0 154.0 
1236.0 120.0 
1200.0 121.0 
521.0 158.0 
387.0 165.0 
887.0 134.0 
854.0 136.0 
617.0 151.0 
653.0 148.0 
827.0 137.0 
425.0 162.0 
1200.0 121.0 
1149.0 123.0 
827.0 137.0 
398.0 164.0 
1173.0 122.0 
1281.0 118.0 
1544.0 108.0 
382.0 168.0 
1173.0 122.0 
497.0 161.0 
1149.0 123.0 
653.0 148.0 
398.0 164.0 
581.0 156.0 
687.0 145.0 
617.0 151.0 
1632.0 105.0 
382.0 168.0 
1005.0 128.0 
592.0 155.0 
592.0 155.0 
607.0 154.0 
1236.0 120.0 
387.0 165.0 
1005.0 128.0 
1001.0 129.0 
1686.0 103.0 
1494.0 109.0 
1413.0 111.0 
1236.0 120.0 
1281.0 118.0 
617.0 151.0 
521.0 158.0 
653.0 148.0 
854.0 136.0 
425.0 162.0 
1200.0 121.0 
1544.0 108.0 
581.0 156.0 
1173.0 122.0 
1632.0 105.0 
592.0 155.0 
607.0 154.0 
1005.0 128.0 
