115.0 33.0 
104.0 38.0 
115.0 33.0 
104.0 38.0 
112.0 34.0 
104.0 38.0 
115.0 33.0 
129.0 32.0 
104.0 38.0 
112.0 34.0 
115.0 33.0 
112.0 34.0 
112.0 34.0 
115.0 33.0 
104.0 38.0 
112.0 34.0 
104.0 38.0 
106.0 36.0 
131.0 32.0 
131.0 32.0 
131.0 32.0 
131.0 32.0 
131.0 32.0 
131.0 32.0 
131.0 32.0 
131.0 32.0 
131.0 32.0 
131.0 32.0 
131.0 32.0 
131.0 32.0 
131.0 32.0 
131.0 32.0 
131.0 32.0 
131.0 32.0 
131.0 32.0 
113.0 34.0 
113.0 34.0 
105.0 38.0 
104.0 39.0 
105.0 38.0 
104.0 39.0 
105.0 38.0 
105.0 38.0 
104.0 39.0 
107.0 36.0 
107.0 36.0 
107.0 36.0 
107.0 36.0 
132.0 32.0 
131.0 33.0 
131.0 33.0 
131.0 33.0 
132.0 32.0 
132.0 32.0 
131.0 33.0 
114.0 34.0 
114.0 34.0 
114.0 34.0 
114.0 34.0 
114.0 34.0 
114.0 34.0 
114.0 34.0 
114.0 34.0 
114.0 34.0 
114.0 34.0 
114.0 34.0 
114.0 34.0 
114.0 34.0 
114.0 34.0 
114.0 34.0 
114.0 34.0 
114.0 34.0 
114.0 34.0 
114.0 34.0 
114.0 34.0 
106.0 38.0 
106.0 38.0 
106.0 38.0 
106.0 38.0 
106.0 38.0 
106.0 38.0 
106.0 38.0 
104.0 40.0 
104.0 40.0 
105.0 39.0 
104.0 40.0 
105.0 39.0 
105.0 39.0 
104.0 40.0 
104.0 40.0 
108.0 36.0 
107.0 37.0 
107.0 37.0 
107.0 37.0 
133.0 32.0 
133.0 32.0 
106.0 39.0 
106.0 39.0 
132.0 33.0 
115.0 34.0 
