116.0 49.0 
118.0 42.0 
142.0 39.0 
118.0 42.0 
117.0 50.0 
143.0 39.0 
119.0 42.0 
118.0 43.0 
144.0 39.0 
143.0 41.0 
143.0 41.0 
143.0 41.0 
143.0 41.0 
120.0 42.0 
119.0 44.0 
118.0 51.0 
144.0 40.0 
144.0 40.0 
144.0 40.0 
144.0 40.0 
122.0 43.0 
122.0 43.0 
122.0 43.0 
128.0 42.0 
119.0 48.0 
120.0 45.0 
145.0 40.0 
122.0 44.0 
124.0 43.0 
130.0 42.0 
130.0 42.0 
119.0 51.0 
119.0 51.0 
120.0 46.0 
147.0 40.0 
146.0 41.0 
146.0 41.0 
122.0 45.0 
123.0 44.0 
122.0 45.0 
129.0 43.0 
132.0 42.0 
120.0 49.0 
147.0 41.0 
127.0 44.0 
122.0 47.0 
122.0 47.0 
122.0 47.0 
122.0 47.0 
122.0 47.0 
123.0 45.0 
130.0 43.0 
130.0 43.0 
133.0 42.0 
120.0 50.0 
150.0 41.0 
128.0 44.0 
128.0 44.0 
128.0 44.0 
128.0 44.0 
122.0 49.0 
122.0 49.0 
122.0 49.0 
122.0 49.0 
122.0 49.0 
122.0 49.0 
124.0 45.0 
124.0 45.0 
123.0 46.0 
131.0 43.0 
141.0 42.0 
120.0 54.0 
121.0 50.0 
121.0 50.0 
120.0 54.0 
152.0 41.0 
130.0 44.0 
130.0 44.0 
130.0 44.0 
125.0 45.0 
123.0 48.0 
124.0 46.0 
124.0 46.0 
124.0 46.0 
123.0 48.0 
123.0 48.0 
132.0 43.0 
143.0 42.0 
121.0 52.0 
121.0 52.0 
121.0 52.0 
122.0 50.0 
122.0 50.0 
161.0 41.0 
122.0 53.0 
148.0 42.0 
134.0 43.0 
123.0 49.0 
126.0 45.0 
131.0 44.0 
