115.0 43.0 
121.0 42.0 
115.0 43.0 
141.0 40.0 
109.0 46.0 
104.0 49.0 
112.0 45.0 
102.0 54.0 
104.0 49.0 
121.0 42.0 
105.0 47.0 
123.0 41.0 
116.0 43.0 
115.0 44.0 
115.0 44.0 
111.0 46.0 
111.0 46.0 
111.0 46.0 
111.0 46.0 
113.0 45.0 
113.0 45.0 
113.0 45.0 
102.0 55.0 
122.0 42.0 
105.0 48.0 
105.0 48.0 
105.0 48.0 
105.0 48.0 
109.0 47.0 
133.0 41.0 
117.0 43.0 
117.0 43.0 
117.0 43.0 
116.0 44.0 
115.0 45.0 
115.0 45.0 
123.0 42.0 
106.0 48.0 
105.0 56.0 
111.0 47.0 
111.0 47.0 
111.0 47.0 
111.0 47.0 
111.0 47.0 
134.0 41.0 
134.0 41.0 
119.0 43.0 
119.0 43.0 
117.0 44.0 
117.0 44.0 
117.0 44.0 
117.0 44.0 
117.0 44.0 
117.0 44.0 
117.0 44.0 
117.0 44.0 
117.0 44.0 
117.0 44.0 
116.0 46.0 
124.0 42.0 
124.0 42.0 
124.0 42.0 
106.0 49.0 
106.0 49.0 
106.0 49.0 
106.0 49.0 
113.0 47.0 
113.0 47.0 
113.0 47.0 
113.0 47.0 
113.0 47.0 
113.0 47.0 
113.0 47.0 
113.0 47.0 
111.0 48.0 
113.0 47.0 
113.0 47.0 
113.0 47.0 
139.0 41.0 
107.0 49.0 
107.0 49.0 
144.0 41.0 
122.0 43.0 
114.0 47.0 
117.0 45.0 
135.0 42.0 
135.0 42.0 
112.0 48.0 
118.0 44.0 
112.0 48.0 
118.0 44.0 
118.0 44.0 
135.0 42.0 
135.0 42.0 
135.0 42.0 
135.0 42.0 
135.0 42.0 
135.0 42.0 
135.0 42.0 
135.0 42.0 
