91.0 43.0 
82.0 45.0 
91.0 43.0 
80.0 47.0 
82.0 45.0 
74.0 58.0 
88.0 44.0 
76.0 49.0 
92.0 43.0 
81.0 48.0 
86.0 45.0 
82.0 46.0 
89.0 44.0 
89.0 44.0 
89.0 44.0 
89.0 44.0 
89.0 44.0 
76.0 78.0 
80.0 49.0 
77.0 50.0 
97.0 43.0 
87.0 45.0 
82.0 47.0 
82.0 47.0 
82.0 47.0 
82.0 47.0 
82.0 47.0 
82.0 47.0 
83.0 46.0 
82.0 47.0 
82.0 47.0 
83.0 46.0 
94.0 44.0 
94.0 44.0 
94.0 44.0 
78.0 52.0 
78.0 52.0 
78.0 52.0 
77.0 83.0 
81.0 50.0 
79.0 51.0 
88.0 45.0 
88.0 45.0 
83.0 47.0 
84.0 46.0 
95.0 44.0 
95.0 44.0 
95.0 44.0 
78.0 80.0 
77.0 86.0 
82.0 50.0 
79.0 52.0 
80.0 51.0 
89.0 45.0 
89.0 45.0 
83.0 48.0 
83.0 48.0 
84.0 47.0 
84.0 47.0 
84.0 47.0 
84.0 47.0 
84.0 47.0 
84.0 47.0 
84.0 47.0 
85.0 46.0 
84.0 47.0 
84.0 47.0 
96.0 44.0 
78.0 88.0 
79.0 63.0 
90.0 45.0 
90.0 45.0 
90.0 45.0 
83.0 51.0 
84.0 49.0 
86.0 47.0 
86.0 47.0 
84.0 49.0 
85.0 48.0 
86.0 47.0 
97.0 44.0 
97.0 44.0 
80.0 64.0 
94.0 45.0 
90.0 46.0 
94.0 45.0 
83.0 52.0 
84.0 51.0 
84.0 51.0 
84.0 51.0 
85.0 49.0 
88.0 47.0 
88.0 47.0 
86.0 48.0 
86.0 48.0 
101.0 44.0 
101.0 44.0 
101.0 44.0 
80.0 86.0 
82.0 68.0 
