423.0 281.0 
408.0 288.0 
457.0 260.0 
376.0 347.0 
1703.0 159.0 
408.0 288.0 
1703.0 159.0 
888.0 198.0 
1703.0 159.0 
798.0 206.0 
383.0 305.0 
1584.0 163.0 
1083.0 182.0 
1568.0 165.0 
1703.0 159.0 
379.0 340.0 
821.0 205.0 
1703.0 159.0 
408.0 288.0 
908.0 196.0 
423.0 281.0 
798.0 206.0 
457.0 260.0 
1703.0 159.0 
433.0 271.0 
919.0 194.0 
1056.0 189.0 
408.0 288.0 
1568.0 165.0 
929.0 190.0 
379.0 340.0 
1083.0 182.0 
511.0 214.0 
825.0 199.0 
459.0 259.0 
1696.0 160.0 
1679.0 162.0 
1057.0 188.0 
1720.0 156.0 
1078.0 183.0 
1090.0 179.0 
688.0 211.0 
1288.0 172.0 
1057.0 188.0 
379.0 340.0 
1584.0 163.0 
1568.0 165.0 
511.0 214.0 
1491.0 167.0 
1703.0 159.0 
423.0 281.0 
1584.0 163.0 
506.0 218.0 
408.0 288.0 
1229.0 176.0 
434.0 266.0 
471.0 228.0 
511.0 214.0 
1090.0 179.0 
688.0 211.0 
663.0 213.0 
1734.0 156.0 
384.0 356.0 
384.0 356.0 
1495.0 167.0 
388.0 315.0 
690.0 211.0 
1621.0 164.0 
524.0 219.0 
1306.0 172.0 
1206.0 180.0 
407.0 306.0 
842.0 201.0 
912.0 196.0 
1704.0 160.0 
441.0 272.0 
489.0 233.0 
1037.0 190.0 
800.0 210.0 
1099.0 181.0 
482.0 247.0 
423.0 285.0 
961.0 192.0 
409.0 293.0 
460.0 259.0 
459.0 260.0 
439.0 277.0 
832.0 208.0 
1249.0 178.0 
1065.0 188.0 
482.0 247.0 
943.0 193.0 
412.0 290.0 
500.0 230.0 
1288.0 177.0 
1727.0 158.0 
1292.0 174.0 
1083.0 183.0 
1306.0 172.0 
508.0 222.0 
