447.0 227.0 
360.0 306.0 
369.0 268.0 
447.0 227.0 
369.0 268.0 
369.0 268.0 
1021.0 172.0 
447.0 227.0 
369.0 268.0 
369.0 268.0 
418.0 235.0 
683.0 193.0 
418.0 235.0 
369.0 268.0 
1021.0 172.0 
418.0 235.0 
1021.0 172.0 
1013.0 173.0 
447.0 227.0 
841.0 181.0 
672.0 196.0 
447.0 227.0 
1021.0 172.0 
447.0 227.0 
595.0 200.0 
382.0 260.0 
683.0 193.0 
683.0 193.0 
1450.0 157.0 
1021.0 172.0 
369.0 268.0 
447.0 227.0 
932.0 177.0 
687.0 187.0 
982.0 176.0 
418.0 235.0 
360.0 306.0 
475.0 207.0 
672.0 196.0 
447.0 227.0 
1450.0 157.0 
343.0 331.0 
395.0 236.0 
1013.0 173.0 
687.0 187.0 
522.0 204.0 
382.0 260.0 
1613.0 149.0 
429.0 234.0 
1336.0 161.0 
926.0 178.0 
1021.0 172.0 
447.0 227.0 
1469.0 156.0 
809.0 185.0 
463.0 215.0 
534.0 203.0 
581.0 202.0 
1450.0 157.0 
1450.0 157.0 
418.0 235.0 
1021.0 172.0 
597.0 198.0 
1155.0 163.0 
369.0 268.0 
392.0 257.0 
1216.0 162.0 
1700.0 139.0 
1594.0 150.0 
348.0 315.0 
838.0 182.0 
595.0 200.0 
1419.0 159.0 
1089.0 170.0 
1656.0 147.0 
430.0 230.0 
1470.0 154.0 
392.0 257.0 
1705.0 139.0 
351.0 343.0 
351.0 343.0 
370.0 270.0 
365.0 309.0 
396.0 242.0 
1241.0 162.0 
1472.0 156.0 
688.0 187.0 
355.0 326.0 
668.0 198.0 
855.0 184.0 
431.0 231.0 
929.0 178.0 
1016.0 177.0 
1185.0 167.0 
586.0 202.0 
1691.0 147.0 
490.0 208.0 
464.0 223.0 
1595.0 152.0 
541.0 203.0 
