1941.0 414.0 
1647.0 474.0 
1662.0 454.0 
1712.0 429.0 
2022.0 413.0 
1711.0 430.0 
1621.0 478.0 
1723.0 427.0 
1638.0 475.0 
1689.0 435.0 
1616.0 491.0 
1604.0 496.0 
1712.0 429.0 
1727.0 421.0 
1647.0 474.0 
1723.0 427.0 
1921.0 420.0 
1954.0 419.0 
1982.0 418.0 
1666.0 455.0 
1665.0 457.0 
2065.0 414.0 
1628.0 478.0 
1628.0 478.0 
1628.0 478.0 
1689.0 449.0 
1689.0 449.0 
1695.0 436.0 
1694.0 445.0 
1695.0 436.0 
1624.0 491.0 
1618.0 496.0 
1618.0 496.0 
1618.0 496.0 
1618.0 496.0 
1618.0 496.0 
1615.0 497.0 
1713.0 429.0 
1752.0 426.0 
1752.0 426.0 
1655.0 477.0 
1655.0 477.0 
1663.0 475.0 
1655.0 477.0 
1655.0 477.0 
1925.0 423.0 
1933.0 421.0 
1929.0 422.0 
1688.0 456.0 
1688.0 456.0 
1675.0 463.0 
1686.0 460.0 
1686.0 460.0 
1686.0 460.0 
1675.0 463.0 
1686.0 460.0 
1665.0 464.0 
1631.0 481.0 
1649.0 478.0 
1631.0 481.0 
1628.0 485.0 
1704.0 438.0 
1700.0 439.0 
1695.0 448.0 
1700.0 439.0 
1625.0 494.0 
1621.0 496.0 
1621.0 496.0 
1615.0 498.0 
1728.0 430.0 
1921.0 427.0 
1871.0 428.0 
1659.0 477.0 
1952.0 421.0 
1952.0 421.0 
1951.0 422.0 
1951.0 422.0 
1951.0 422.0 
1949.0 423.0 
1618.0 498.0 
1952.0 422.0 
1750.0 438.0 
1703.0 439.0 
1932.0 427.0 
1696.0 454.0 
1821.0 437.0 
1655.0 478.0 
1668.0 470.0 
1689.0 458.0 
1844.0 432.0 
1635.0 481.0 
1878.0 428.0 
1832.0 434.0 
1681.0 466.0 
1630.0 487.0 
1876.0 429.0 
1629.0 488.0 
1625.0 495.0 
1677.0 467.0 
1624.0 497.0 
