2994.0 797.0 
2501.0 919.0 
3038.0 774.0 
2624.0 822.0 
2612.0 823.0 
2527.0 868.0 
2680.0 806.0 
2996.0 798.0 
3189.0 777.0 
3447.0 774.0 
2665.0 860.0 
2594.0 872.0 
2553.0 875.0 
2993.0 807.0 
2993.0 807.0 
2692.0 827.0 
2941.0 819.0 
3063.0 803.0 
3193.0 785.0 
3448.0 784.0 
2569.0 881.0 
2569.0 881.0 
3028.0 815.0 
2996.0 816.0 
2996.0 816.0 
2855.0 861.0 
2759.0 869.0 
2762.0 865.0 
2700.0 870.0 
2695.0 873.0 
2872.0 840.0 
2946.0 820.0 
3072.0 807.0 
3072.0 807.0 
3162.0 804.0 
3072.0 807.0 
3072.0 807.0 
3162.0 804.0 
3199.0 794.0 
3492.0 785.0 
2642.0 883.0 
2589.0 918.0 
2792.0 877.0 
2842.0 875.0 
2740.0 879.0 
2836.0 876.0 
2938.0 855.0 
2930.0 872.0 
2959.0 836.0 
2953.0 850.0 
2974.0 825.0 
3084.0 808.0 
3377.0 798.0 
3265.0 801.0 
3202.0 804.0 
3498.0 791.0 
3493.0 794.0 
2656.0 885.0 
2656.0 885.0 
2641.0 956.0 
2904.0 875.0 
2811.0 879.0 
2942.0 864.0 
3016.0 826.0 
2982.0 837.0 
3087.0 808.0 
3086.0 818.0 
3440.0 803.0 
3514.0 793.0 
2660.0 887.0 
2806.0 885.0 
3044.0 826.0 
3002.0 853.0 
3002.0 853.0 
3017.0 844.0 
3022.0 839.0 
3002.0 853.0 
3103.0 811.0 
3232.0 808.0 
3446.0 805.0 
3555.0 795.0 
3518.0 797.0 
2722.0 890.0 
2672.0 909.0 
2734.0 887.0 
2706.0 895.0 
2941.0 885.0 
2908.0 886.0 
3081.0 839.0 
3029.0 846.0 
3005.0 854.0 
3003.0 860.0 
3457.0 808.0 
2712.0 954.0 
3010.0 883.0 
3018.0 854.0 
3105.0 822.0 
2784.0 888.0 
3289.0 818.0 
3386.0 816.0 
