1737.0 465.0 
1936.0 456.0 
1737.0 465.0 
1737.0 465.0 
1734.0 466.0 
1737.0 465.0 
1737.0 465.0 
1737.0 465.0 
1737.0 465.0 
1737.0 465.0 
1737.0 465.0 
1911.0 458.0 
1936.0 456.0 
1737.0 465.0 
1737.0 465.0 
1681.0 502.0 
1652.0 507.0 
1726.0 467.0 
1979.0 442.0 
1690.0 475.0 
1944.0 445.0 
1752.0 459.0 
1737.0 465.0 
1737.0 465.0 
1936.0 456.0 
1737.0 465.0 
1744.0 460.0 
1911.0 458.0 
1688.0 481.0 
1936.0 456.0 
1681.0 502.0 
1663.0 508.0 
1734.0 467.0 
1731.0 468.0 
1697.0 475.0 
1692.0 478.0 
1692.0 478.0 
1692.0 478.0 
1692.0 478.0 
1960.0 446.0 
1954.0 452.0 
1955.0 449.0 
1960.0 446.0 
1954.0 452.0 
1741.0 466.0 
1741.0 466.0 
1741.0 466.0 
1741.0 466.0 
1741.0 466.0 
1741.0 466.0 
1741.0 466.0 
1759.0 460.0 
1751.0 464.0 
1759.0 460.0 
1751.0 464.0 
1751.0 464.0 
1758.0 461.0 
1759.0 460.0 
1916.0 458.0 
1940.0 457.0 
1664.0 508.0 
1739.0 468.0 
1738.0 469.0 
1739.0 468.0 
1696.0 479.0 
1696.0 479.0 
1696.0 479.0 
1696.0 479.0 
1720.0 478.0 
1693.0 480.0 
1693.0 480.0 
1693.0 480.0 
1956.0 450.0 
1959.0 449.0 
1961.0 448.0 
1968.0 446.0 
1742.0 466.0 
1760.0 460.0 
1759.0 464.0 
1667.0 509.0 
1667.0 509.0 
1966.0 448.0 
1764.0 460.0 
1956.0 451.0 
1693.0 497.0 
1696.0 480.0 
1674.0 508.0 
1723.0 479.0 
1738.0 473.0 
1740.0 468.0 
1763.0 464.0 
1956.0 451.0 
1764.0 460.0 
1964.0 450.0 
1964.0 450.0 
1667.0 509.0 
1667.0 509.0 
1667.0 509.0 
1667.0 509.0 
1667.0 509.0 
