1767.0 516.0 
1767.0 516.0 
1850.0 491.0 
1864.0 489.0 
2033.0 480.0 
1767.0 516.0 
2023.0 485.0 
1844.0 494.0 
1844.0 494.0 
2023.0 485.0 
1864.0 489.0 
1767.0 516.0 
1847.0 492.0 
2023.0 485.0 
1850.0 491.0 
1795.0 512.0 
1749.0 548.0 
1844.0 494.0 
1991.0 486.0 
1843.0 498.0 
1800.0 506.0 
1764.0 543.0 
1834.0 499.0 
2028.0 483.0 
1802.0 505.0 
1822.0 504.0 
2033.0 480.0 
1743.0 558.0 
1767.0 516.0 
1764.0 543.0 
1853.0 492.0 
1853.0 492.0 
1853.0 492.0 
1858.0 491.0 
1853.0 492.0 
1796.0 514.0 
1796.0 514.0 
1796.0 514.0 
1798.0 512.0 
1798.0 512.0 
1751.0 548.0 
1848.0 495.0 
1996.0 487.0 
1837.0 500.0 
1837.0 500.0 
1834.0 501.0 
1837.0 500.0 
1817.0 506.0 
1807.0 510.0 
1807.0 510.0 
1826.0 504.0 
1822.0 505.0 
1822.0 505.0 
1826.0 504.0 
2033.0 482.0 
2033.0 482.0 
2036.0 480.0 
2033.0 482.0 
2036.0 480.0 
2036.0 480.0 
1749.0 558.0 
1749.0 558.0 
1749.0 558.0 
1767.0 517.0 
1767.0 517.0 
1764.0 544.0 
2037.0 481.0 
1749.0 559.0 
1749.0 559.0 
1864.0 491.0 
2020.0 490.0 
1767.0 518.0 
1757.0 548.0 
1820.0 506.0 
1795.0 517.0 
1753.0 549.0 
2033.0 483.0 
2027.0 488.0 
1813.0 511.0 
1838.0 502.0 
1854.0 493.0 
1838.0 502.0 
1850.0 495.0 
1843.0 500.0 
2021.0 489.0 
1864.0 491.0 
1799.0 513.0 
1757.0 548.0 
1809.0 512.0 
1797.0 514.0 
1848.0 497.0 
1848.0 497.0 
1843.0 500.0 
1753.0 549.0 
1809.0 512.0 
1853.0 494.0 
1797.0 514.0 
1799.0 513.0 
1853.0 494.0 
2020.0 490.0 
