353.0 213.0 
758.0 147.0 
318.0 220.0 
400.0 192.0 
1659.0 106.0 
758.0 147.0 
1186.0 122.0 
758.0 147.0 
691.0 153.0 
1379.0 119.0 
298.0 244.0 
329.0 218.0 
353.0 213.0 
298.0 244.0 
301.0 233.0 
298.0 244.0 
314.0 222.0 
758.0 147.0 
600.0 155.0 
354.0 212.0 
308.0 231.0 
387.0 194.0 
919.0 138.0 
1659.0 106.0 
1006.0 131.0 
1452.0 111.0 
1625.0 107.0 
823.0 144.0 
1766.0 101.0 
1379.0 119.0 
301.0 233.0 
932.0 137.0 
414.0 183.0 
308.0 231.0 
1760.0 102.0 
817.0 146.0 
422.0 163.0 
291.0 248.0 
293.0 247.0 
368.0 195.0 
658.0 154.0 
1451.0 114.0 
1079.0 125.0 
1387.0 117.0 
413.0 189.0 
329.0 218.0 
1767.0 101.0 
292.0 266.0 
292.0 266.0 
1458.0 111.0 
1670.0 107.0 
1310.0 122.0 
611.0 161.0 
293.0 249.0 
428.0 164.0 
422.0 165.0 
762.0 147.0 
421.0 186.0 
647.0 156.0 
304.0 242.0 
1007.0 132.0 
318.0 221.0 
1406.0 117.0 
357.0 213.0 
370.0 204.0 
1387.0 121.0 
877.0 146.0 
1735.0 106.0 
985.0 137.0 
1195.0 125.0 
1089.0 130.0 
735.0 154.0 
352.0 218.0 
930.0 142.0 
315.0 232.0 
934.0 138.0 
315.0 232.0 
737.0 153.0 
878.0 144.0 
1163.0 126.0 
390.0 194.0 
373.0 199.0 
1762.0 103.0 
417.0 191.0 
1093.0 128.0 
611.0 161.0 
378.0 196.0 
1195.0 125.0 
421.0 186.0 
1127.0 127.0 
1127.0 127.0 
417.0 191.0 
877.0 146.0 
611.0 161.0 
292.0 266.0 
292.0 266.0 
292.0 266.0 
292.0 266.0 
292.0 266.0 
292.0 266.0 
