276.0 219.0 
276.0 219.0 
1593.0 79.0 
1593.0 79.0 
1272.0 91.0 
284.0 180.0 
280.0 197.0 
1511.0 82.0 
977.0 103.0 
278.0 204.0 
1327.0 90.0 
358.0 141.0 
445.0 137.0 
1189.0 94.0 
302.0 172.0 
581.0 126.0 
1462.0 85.0 
1376.0 87.0 
740.0 114.0 
362.0 138.0 
1189.0 94.0 
477.0 133.0 
1110.0 98.0 
528.0 128.0 
897.0 105.0 
679.0 116.0 
1110.0 98.0 
330.0 149.0 
324.0 151.0 
299.0 176.0 
306.0 159.0 
305.0 164.0 
1054.0 99.0 
654.0 122.0 
280.0 197.0 
1003.0 101.0 
278.0 204.0 
1376.0 87.0 
1462.0 85.0 
306.0 159.0 
820.0 111.0 
1566.0 80.0 
765.0 113.0 
609.0 124.0 
502.0 132.0 
1054.0 99.0 
870.0 106.0 
656.0 119.0 
305.0 164.0 
609.0 124.0 
330.0 149.0 
897.0 105.0 
1566.0 80.0 
1003.0 101.0 
528.0 128.0 
820.0 111.0 
765.0 113.0 
679.0 116.0 
851.0 109.0 
445.0 137.0 
324.0 151.0 
869.0 108.0 
846.0 110.0 
502.0 132.0 
287.0 179.0 
656.0 119.0 
287.0 179.0 
654.0 122.0 
846.0 110.0 
284.0 180.0 
362.0 138.0 
869.0 108.0 
287.0 179.0 
278.0 204.0 
846.0 110.0 
330.0 149.0 
280.0 197.0 
287.0 179.0 
1003.0 101.0 
284.0 180.0 
306.0 159.0 
897.0 105.0 
280.0 197.0 
330.0 149.0 
330.0 149.0 
1376.0 87.0 
284.0 180.0 
1003.0 101.0 
284.0 180.0 
1003.0 101.0 
1003.0 101.0 
284.0 180.0 
276.0 219.0 
1376.0 87.0 
1110.0 98.0 
820.0 111.0 
1376.0 87.0 
1110.0 98.0 
654.0 122.0 
528.0 128.0 
