2003.0 567.0 
2122.0 505.0 
2015.0 537.0 
2115.0 524.0 
2010.0 609.0 
2013.0 585.0 
2008.0 642.0 
2014.0 569.0 
2010.0 609.0 
2159.0 506.0 
2179.0 505.0 
2134.0 510.0 
2020.0 566.0 
2050.0 547.0 
2023.0 548.0 
2081.0 540.0 
2126.0 529.0 
2013.0 586.0 
2019.0 578.0 
2011.0 637.0 
2012.0 611.0 
2173.0 507.0 
2173.0 507.0 
2144.0 511.0 
2020.0 570.0 
2029.0 569.0 
2032.0 554.0 
2053.0 553.0 
2094.0 540.0 
2084.0 546.0 
2084.0 546.0 
2131.0 539.0 
2135.0 538.0 
2014.0 603.0 
2014.0 603.0 
2235.0 507.0 
2207.0 509.0 
2154.0 511.0 
2147.0 518.0 
2022.0 575.0 
2046.0 559.0 
2042.0 572.0 
2051.0 558.0 
2105.0 543.0 
2117.0 540.0 
2091.0 551.0 
2091.0 551.0 
2095.0 549.0 
2091.0 551.0 
2096.0 546.0 
2016.0 604.0 
2177.0 516.0 
2210.0 513.0 
2148.0 521.0 
2038.0 582.0 
2034.0 598.0 
2085.0 559.0 
2065.0 562.0 
2057.0 576.0 
2058.0 563.0 
2120.0 542.0 
2091.0 553.0 
2101.0 546.0 
2019.0 611.0 
2021.0 608.0 
2019.0 611.0 
2017.0 613.0 
2017.0 613.0 
2025.0 604.0 
2188.0 518.0 
2188.0 518.0 
2228.0 517.0 
2244.0 513.0 
2162.0 529.0 
2151.0 540.0 
2153.0 534.0 
2151.0 540.0 
2047.0 586.0 
2034.0 599.0 
2059.0 574.0 
2073.0 566.0 
2065.0 567.0 
2073.0 566.0 
2086.0 565.0 
2059.0 574.0 
2130.0 547.0 
2140.0 546.0 
2103.0 558.0 
2108.0 554.0 
2130.0 547.0 
2018.0 641.0 
2256.0 514.0 
2019.0 612.0 
2131.0 547.0 
2097.0 566.0 
2159.0 543.0 
2048.0 586.0 
2202.0 520.0 
2025.0 605.0 
2164.0 529.0 
