2038.0 490.0 
1925.0 521.0 
1989.0 504.0 
1978.0 514.0 
1997.0 499.0 
2053.0 475.0 
2061.0 468.0 
1913.0 531.0 
2039.0 480.0 
1941.0 516.0 
2049.0 479.0 
1841.0 541.0 
2003.0 497.0 
1930.0 522.0 
1930.0 522.0 
1930.0 522.0 
1995.0 511.0 
1997.0 506.0 
2001.0 505.0 
2053.0 477.0 
2053.0 477.0 
2068.0 474.0 
2067.0 475.0 
2075.0 468.0 
2067.0 475.0 
1913.0 535.0 
1926.0 533.0 
2040.0 482.0 
2047.0 480.0 
2047.0 480.0 
2047.0 480.0 
1987.0 519.0 
1987.0 519.0 
1967.0 521.0 
1841.0 542.0 
2005.0 503.0 
1943.0 523.0 
1943.0 523.0 
1931.0 526.0 
1995.0 516.0 
1996.0 511.0 
1998.0 510.0 
2060.0 477.0 
2058.0 479.0 
2081.0 471.0 
2070.0 475.0 
2070.0 475.0 
1913.0 540.0 
1927.0 535.0 
2042.0 482.0 
2040.0 485.0 
2042.0 482.0 
2040.0 485.0 
2042.0 482.0 
2049.0 480.0 
1971.0 521.0 
1971.0 521.0 
1971.0 521.0 
1970.0 522.0 
1867.0 547.0 
1870.0 545.0 
1850.0 563.0 
1871.0 542.0 
1862.0 550.0 
2007.0 503.0 
2007.0 503.0 
2007.0 503.0 
1945.0 523.0 
1945.0 523.0 
1944.0 525.0 
1932.0 527.0 
1932.0 527.0 
1932.0 527.0 
1932.0 527.0 
1932.0 527.0 
2005.0 510.0 
2004.0 512.0 
2000.0 514.0 
2087.0 475.0 
2077.0 477.0 
1921.0 541.0 
1930.0 536.0 
1930.0 536.0 
2040.0 491.0 
2043.0 482.0 
2055.0 481.0 
2055.0 481.0 
1973.0 522.0 
1973.0 522.0 
1973.0 522.0 
1850.0 566.0 
1902.0 544.0 
1863.0 551.0 
1880.0 550.0 
2009.0 505.0 
2009.0 505.0 
2007.0 507.0 
2093.0 478.0 
1861.0 566.0 
1861.0 566.0 
