107.0 44.0 
108.0 43.0 
130.0 42.0 
108.0 43.0 
172.0 35.0 
97.0 52.0 
75.0 54.0 
130.0 42.0 
64.0 63.0 
172.0 35.0 
111.0 43.0 
110.0 47.0 
106.0 56.0 
84.0 60.0 
144.0 42.0 
68.0 66.0 
69.0 63.0 
130.0 43.0 
111.0 44.0 
110.0 56.0 
87.0 60.0 
145.0 42.0 
85.0 63.0 
70.0 65.0 
82.0 64.0 
142.0 43.0 
112.0 49.0 
138.0 44.0 
111.0 57.0 
111.0 57.0 
106.0 61.0 
96.0 62.0 
146.0 42.0 
80.0 65.0 
70.0 68.0 
70.0 68.0 
75.0 66.0 
70.0 68.0 
122.0 50.0 
112.0 55.0 
113.0 52.0 
119.0 51.0 
141.0 44.0 
138.0 45.0 
99.0 64.0 
101.0 62.0 
150.0 42.0 
86.0 65.0 
83.0 66.0 
75.0 67.0 
71.0 69.0 
115.0 52.0 
146.0 44.0 
143.0 47.0 
139.0 49.0 
142.0 48.0 
100.0 64.0 
101.0 63.0 
172.0 42.0 
92.0 65.0 
86.0 68.0 
71.0 71.0 
129.0 52.0 
126.0 55.0 
124.0 59.0 
116.0 60.0 
146.0 45.0 
157.0 44.0 
157.0 44.0 
142.0 49.0 
106.0 64.0 
112.0 63.0 
234.0 42.0 
234.0 42.0 
234.0 42.0 
173.0 43.0 
234.0 42.0 
95.0 65.0 
94.0 66.0 
92.0 68.0 
87.0 69.0 
74.0 74.0 
74.0 74.0 
72.0 75.0 
75.0 71.0 
177.0 43.0 
76.0 72.0 
126.0 57.0 
129.0 53.0 
170.0 45.0 
117.0 61.0 
143.0 52.0 
105.0 68.0 
154.0 46.0 
94.0 69.0 
150.0 50.0 
115.0 63.0 
89.0 70.0 
81.0 71.0 
151.0 48.0 
