131.0 26.0 
131.0 26.0 
86.0 36.0 
84.0 40.0 
120.0 28.0 
108.0 31.0 
108.0 31.0 
84.0 40.0 
120.0 28.0 
120.0 28.0 
108.0 31.0 
84.0 40.0 
108.0 31.0 
84.0 40.0 
108.0 31.0 
131.0 26.0 
126.0 27.0 
120.0 28.0 
76.0 42.0 
107.0 32.0 
86.0 36.0 
70.0 44.0 
91.0 34.0 
120.0 28.0 
91.0 34.0 
108.0 31.0 
113.0 29.0 
86.0 36.0 
120.0 28.0 
53.0 48.0 
120.0 28.0 
74.0 43.0 
84.0 40.0 
110.0 30.0 
47.0 53.0 
84.0 40.0 
120.0 28.0 
110.0 30.0 
131.0 26.0 
108.0 31.0 
108.0 31.0 
76.0 42.0 
70.0 44.0 
76.0 42.0 
108.0 31.0 
108.0 31.0 
59.0 45.0 
120.0 28.0 
108.0 31.0 
113.0 29.0 
107.0 32.0 
91.0 34.0 
47.0 53.0 
70.0 44.0 
53.0 48.0 
91.0 34.0 
91.0 34.0 
70.0 44.0 
120.0 28.0 
108.0 31.0 
107.0 32.0 
96.0 33.0 
84.0 40.0 
51.0 51.0 
113.0 29.0 
87.0 35.0 
108.0 31.0 
76.0 42.0 
110.0 30.0 
129.0 27.0 
129.0 27.0 
49.0 56.0 
92.0 34.0 
122.0 28.0 
75.0 43.0 
117.0 29.0 
77.0 42.0 
103.0 33.0 
84.0 41.0 
68.0 45.0 
89.0 35.0 
50.0 53.0 
88.0 37.0 
68.0 45.0 
61.0 46.0 
59.0 47.0 
54.0 49.0 
103.0 33.0 
108.0 32.0 
112.0 30.0 
86.0 39.0 
59.0 47.0 
53.0 50.0 
87.0 38.0 
50.0 53.0 
54.0 49.0 
52.0 51.0 
109.0 31.0 
112.0 30.0 
61.0 46.0 
