71.0 53.0 
146.0 28.0 
89.0 47.0 
136.0 29.0 
146.0 28.0 
100.0 41.0 
59.0 66.0 
90.0 44.0 
67.0 56.0 
79.0 48.0 
89.0 47.0 
58.0 67.0 
119.0 36.0 
73.0 50.0 
61.0 57.0 
146.0 28.0 
120.0 35.0 
89.0 47.0 
128.0 33.0 
59.0 66.0 
146.0 28.0 
132.0 32.0 
71.0 53.0 
79.0 48.0 
139.0 30.0 
139.0 30.0 
107.0 41.0 
100.0 42.0 
90.0 45.0 
119.0 37.0 
76.0 50.0 
62.0 58.0 
61.0 64.0 
63.0 57.0 
62.0 58.0 
120.0 36.0 
120.0 36.0 
125.0 35.0 
130.0 33.0 
128.0 34.0 
60.0 66.0 
147.0 28.0 
147.0 28.0 
147.0 28.0 
136.0 32.0 
136.0 32.0 
136.0 32.0 
136.0 32.0 
71.0 54.0 
71.0 54.0 
71.0 54.0 
74.0 53.0 
80.0 48.0 
140.0 30.0 
108.0 41.0 
108.0 41.0 
102.0 42.0 
101.0 43.0 
96.0 45.0 
92.0 46.0 
76.0 51.0 
76.0 51.0 
61.0 65.0 
61.0 65.0 
61.0 65.0 
61.0 65.0 
61.0 65.0 
61.0 65.0 
61.0 65.0 
69.0 57.0 
69.0 57.0 
69.0 57.0 
69.0 57.0 
69.0 57.0 
62.0 59.0 
62.0 59.0 
124.0 36.0 
120.0 38.0 
122.0 37.0 
129.0 34.0 
60.0 67.0 
60.0 67.0 
148.0 29.0 
148.0 29.0 
148.0 29.0 
136.0 33.0 
138.0 32.0 
72.0 54.0 
72.0 54.0 
82.0 49.0 
82.0 49.0 
84.0 48.0 
141.0 30.0 
61.0 66.0 
104.0 42.0 
121.0 38.0 
130.0 34.0 
140.0 33.0 
62.0 62.0 
93.0 48.0 
