183.0 72.0 
228.0 67.0 
190.0 68.0 
179.0 76.0 
183.0 72.0 
151.0 89.0 
159.0 88.0 
208.0 68.0 
196.0 69.0 
183.0 79.0 
185.0 77.0 
186.0 74.0 
155.0 99.0 
162.0 89.0 
213.0 68.0 
208.0 69.0 
196.0 71.0 
183.0 82.0 
194.0 76.0 
194.0 76.0 
188.0 77.0 
187.0 81.0 
188.0 77.0 
160.0 100.0 
156.0 102.0 
170.0 95.0 
166.0 99.0 
181.0 89.0 
174.0 94.0 
227.0 68.0 
197.0 71.0 
185.0 85.0 
189.0 80.0 
160.0 106.0 
164.0 105.0 
172.0 98.0 
168.0 101.0 
171.0 100.0 
177.0 95.0 
201.0 71.0 
199.0 74.0 
186.0 85.0 
186.0 85.0 
186.0 85.0 
191.0 80.0 
163.0 106.0 
169.0 101.0 
180.0 97.0 
182.0 95.0 
204.0 71.0 
187.0 86.0 
192.0 81.0 
195.0 80.0 
167.0 107.0 
179.0 101.0 
172.0 103.0 
180.0 99.0 
182.0 96.0 
207.0 72.0 
207.0 72.0 
204.0 73.0 
207.0 72.0 
214.0 71.0 
187.0 87.0 
187.0 87.0 
188.0 86.0 
193.0 85.0 
194.0 83.0 
196.0 82.0 
202.0 81.0 
171.0 107.0 
169.0 111.0 
175.0 106.0 
177.0 103.0 
186.0 96.0 
184.0 100.0 
182.0 101.0 
205.0 76.0 
208.0 72.0 
236.0 71.0 
190.0 86.0 
188.0 88.0 
190.0 86.0 
188.0 88.0 
195.0 84.0 
195.0 84.0 
195.0 84.0 
194.0 85.0 
199.0 83.0 
203.0 81.0 
202.0 82.0 
173.0 107.0 
169.0 112.0 
186.0 98.0 
184.0 101.0 
182.0 104.0 
210.0 72.0 
172.0 116.0 
175.0 108.0 
188.0 90.0 
