90.0 105.0 
98.0 64.0 
122.0 46.0 
91.0 73.0 
99.0 59.0 
135.0 48.0 
135.0 48.0 
133.0 52.0 
128.0 55.0 
135.0 48.0 
96.0 121.0 
104.0 74.0 
126.0 65.0 
123.0 73.0 
138.0 48.0 
109.0 94.0 
127.0 65.0 
143.0 48.0 
117.0 94.0 
115.0 128.0 
136.0 70.0 
169.0 69.0 
256.0 68.0 
118.0 97.0 
142.0 76.0 
141.0 79.0 
160.0 70.0 
146.0 73.0 
136.0 88.0 
120.0 121.0 
126.0 119.0 
130.0 102.0 
134.0 101.0 
135.0 100.0 
120.0 121.0 
284.0 70.0 
249.0 73.0 
156.0 74.0 
137.0 96.0 
140.0 91.0 
132.0 102.0 
123.0 136.0 
127.0 123.0 
169.0 74.0 
156.0 79.0 
163.0 77.0 
143.0 95.0 
146.0 93.0 
140.0 104.0 
139.0 111.0 
135.0 112.0 
135.0 112.0 
126.0 173.0 
128.0 132.0 
127.0 149.0 
193.0 75.0 
160.0 90.0 
163.0 88.0 
175.0 80.0 
173.0 86.0 
169.0 87.0 
144.0 97.0 
146.0 95.0 
140.0 105.0 
135.0 120.0 
128.0 140.0 
131.0 133.0 
309.0 75.0 
230.0 77.0 
166.0 88.0 
176.0 80.0 
175.0 86.0 
149.0 99.0 
146.0 102.0 
152.0 95.0 
141.0 114.0 
135.0 125.0 
131.0 142.0 
305.0 79.0 
172.0 91.0 
168.0 93.0 
173.0 89.0 
196.0 84.0 
261.0 82.0 
196.0 84.0 
191.0 87.0 
146.0 106.0 
153.0 96.0 
131.0 151.0 
284.0 83.0 
251.0 85.0 
197.0 86.0 
137.0 130.0 
147.0 110.0 
141.0 118.0 
180.0 95.0 
135.0 142.0 
153.0 98.0 
155.0 96.0 
191.0 88.0 
