2041.0 613.0 
1996.0 633.0 
1996.0 633.0 
1859.0 672.0 
2143.0 608.0 
2008.0 620.0 
2170.0 596.0 
1972.0 641.0 
2042.0 609.0 
1973.0 639.0 
1944.0 642.0 
1996.0 633.0 
2178.0 593.0 
2143.0 608.0 
1868.0 670.0 
2011.0 614.0 
1896.0 657.0 
2008.0 620.0 
1988.0 640.0 
1984.0 641.0 
1944.0 651.0 
1957.0 642.0 
1957.0 642.0 
2005.0 636.0 
2005.0 636.0 
2182.0 601.0 
2182.0 601.0 
2186.0 595.0 
2180.0 603.0 
2158.0 613.0 
1875.0 673.0 
1875.0 673.0 
2051.0 617.0 
1923.0 666.0 
1909.0 668.0 
1920.0 667.0 
1920.0 667.0 
1935.0 664.0 
1940.0 660.0 
2039.0 623.0 
2039.0 623.0 
2027.0 626.0 
2013.0 628.0 
2013.0 628.0 
1951.0 658.0 
1968.0 645.0 
1959.0 650.0 
1968.0 645.0 
1963.0 649.0 
1968.0 645.0 
1991.0 643.0 
2006.0 636.0 
2189.0 597.0 
2198.0 596.0 
2189.0 597.0 
2198.0 596.0 
2180.0 609.0 
2182.0 605.0 
2180.0 609.0 
2172.0 615.0 
2173.0 614.0 
1898.0 675.0 
1892.0 678.0 
1898.0 675.0 
1882.0 689.0 
1889.0 682.0 
2056.0 621.0 
2068.0 618.0 
1912.0 668.0 
1938.0 667.0 
1942.0 661.0 
1942.0 661.0 
1949.0 660.0 
1942.0 661.0 
2055.0 626.0 
2041.0 629.0 
2014.0 631.0 
2197.0 597.0 
1884.0 692.0 
2140.0 619.0 
2074.0 620.0 
1943.0 661.0 
1906.0 677.0 
2195.0 611.0 
1971.0 645.0 
1894.0 688.0 
1969.0 650.0 
2047.0 630.0 
1924.0 675.0 
2008.0 639.0 
1928.0 671.0 
2060.0 628.0 
2026.0 631.0 
1959.0 655.0 
2173.0 616.0 
1959.0 655.0 
2012.0 637.0 
2173.0 616.0 
1928.0 671.0 
2159.0 618.0 
