346.0 219.0 
1783.0 121.0 
1783.0 121.0 
420.0 196.0 
388.0 204.0 
850.0 158.0 
1492.0 133.0 
416.0 203.0 
825.0 161.0 
654.0 170.0 
1093.0 148.0 
902.0 156.0 
1681.0 124.0 
1143.0 145.0 
1543.0 130.0 
1323.0 138.0 
623.0 174.0 
535.0 181.0 
1408.0 135.0 
793.0 164.0 
366.0 216.0 
1002.0 150.0 
369.0 211.0 
923.0 154.0 
1599.0 128.0 
495.0 183.0 
1224.0 144.0 
369.0 211.0 
1382.0 137.0 
978.0 151.0 
1595.0 129.0 
1302.0 140.0 
1651.0 126.0 
1093.0 148.0 
611.0 175.0 
719.0 168.0 
773.0 165.0 
719.0 168.0 
594.0 177.0 
1733.0 123.0 
959.0 153.0 
1143.0 145.0 
462.0 189.0 
480.0 184.0 
773.0 165.0 
451.0 191.0 
1651.0 126.0 
1408.0 135.0 
1002.0 150.0 
692.0 169.0 
1282.0 141.0 
1514.0 132.0 
439.0 193.0 
347.0 217.0 
565.0 180.0 
1250.0 143.0 
1279.0 142.0 
1514.0 132.0 
692.0 169.0 
445.0 192.0 
1759.0 122.0 
1250.0 143.0 
1224.0 144.0 
1733.0 123.0 
1382.0 137.0 
1759.0 122.0 
471.0 188.0 
475.0 186.0 
439.0 193.0 
584.0 179.0 
565.0 180.0 
959.0 153.0 
475.0 186.0 
588.0 178.0 
588.0 178.0 
584.0 179.0 
471.0 188.0 
1279.0 142.0 
347.0 217.0 
347.0 217.0 
347.0 217.0 
1759.0 122.0 
1514.0 132.0 
347.0 217.0 
347.0 217.0 
1514.0 132.0 
692.0 169.0 
1514.0 132.0 
719.0 168.0 
565.0 180.0 
439.0 193.0 
719.0 168.0 
1514.0 132.0 
959.0 153.0 
692.0 169.0 
959.0 153.0 
565.0 180.0 
439.0 193.0 
1733.0 123.0 
959.0 153.0 
