2301.0 303.0 
2301.0 303.0 
1118.0 338.0 
2486.0 266.0 
1147.0 331.0 
636.0 418.0 
2104.0 307.0 
2454.0 282.0 
2486.0 266.0 
1118.0 338.0 
1401.0 317.0 
1115.0 342.0 
2458.0 268.0 
1660.0 315.0 
1743.0 311.0 
2486.0 266.0 
1038.0 343.0 
673.0 352.0 
2452.0 285.0 
2457.0 280.0 
2308.0 293.0 
1373.0 337.0 
656.0 464.0 
1367.0 340.0 
1403.0 317.0 
1223.0 342.0 
1660.0 316.0 
2018.0 314.0 
1172.0 347.0 
1068.0 351.0 
729.0 378.0 
674.0 381.0 
702.0 379.0 
746.0 364.0 
674.0 381.0 
884.0 352.0 
2468.0 288.0 
2445.0 307.0 
2445.0 307.0 
2445.0 307.0 
2343.0 312.0 
1633.0 323.0 
1423.0 331.0 
1633.0 323.0 
1409.0 338.0 
1423.0 331.0 
1252.0 342.0 
1672.0 318.0 
1672.0 318.0 
2212.0 316.0 
2268.0 314.0 
1200.0 347.0 
1200.0 347.0 
748.0 366.0 
674.0 391.0 
725.0 387.0 
674.0 391.0 
935.0 360.0 
917.0 361.0 
1056.0 357.0 
1085.0 353.0 
1045.0 358.0 
2497.0 291.0 
1663.0 323.0 
1459.0 340.0 
1466.0 337.0 
1488.0 332.0 
1503.0 331.0 
1488.0 332.0 
1457.0 343.0 
2056.0 319.0 
2056.0 319.0 
1761.0 321.0 
2380.0 315.0 
1213.0 350.0 
755.0 374.0 
785.0 370.0 
864.0 366.0 
755.0 374.0 
750.0 387.0 
730.0 401.0 
731.0 400.0 
701.0 403.0 
674.0 411.0 
921.0 361.0 
1111.0 357.0 
1135.0 353.0 
2504.0 303.0 
674.0 412.0 
2527.0 304.0 
2187.0 319.0 
1791.0 323.0 
1459.0 342.0 
1561.0 331.0 
796.0 381.0 
748.0 401.0 
1255.0 352.0 
797.0 374.0 
1032.0 361.0 
938.0 365.0 
