316.0 120.0 
258.0 135.0 
273.0 124.0 
271.0 163.0 
278.0 151.0 
278.0 151.0 
365.0 132.0 
291.0 140.0 
287.0 161.0 
288.0 157.0 
309.0 146.0 
309.0 146.0 
445.0 140.0 
314.0 143.0 
445.0 140.0 
333.0 145.0 
315.0 154.0 
346.0 144.0 
327.0 148.0 
316.0 151.0 
315.0 185.0 
376.0 144.0 
327.0 150.0 
324.0 152.0 
319.0 161.0 
320.0 156.0 
317.0 183.0 
397.0 149.0 
373.0 150.0 
357.0 151.0 
327.0 152.0 
327.0 152.0 
320.0 161.0 
412.0 149.0 
350.0 153.0 
352.0 152.0 
320.0 192.0 
326.0 161.0 
324.0 166.0 
351.0 156.0 
351.0 156.0 
382.0 154.0 
373.0 155.0 
341.0 161.0 
341.0 161.0 
329.0 164.0 
354.0 160.0 
367.0 157.0 
432.0 154.0 
335.0 165.0 
347.0 164.0 
329.0 171.0 
396.0 157.0 
369.0 158.0 
396.0 157.0 
346.0 167.0 
351.0 165.0 
368.0 164.0 
330.0 194.0 
339.0 172.0 
339.0 172.0 
369.0 162.0 
387.0 159.0 
403.0 158.0 
348.0 168.0 
364.0 165.0 
358.0 166.0 
333.0 205.0 
340.0 178.0 
395.0 159.0 
390.0 160.0 
434.0 158.0 
350.0 169.0 
380.0 165.0 
366.0 167.0 
344.0 201.0 
347.0 178.0 
391.0 161.0 
355.0 169.0 
351.0 170.0 
350.0 173.0 
381.0 166.0 
377.0 168.0 
417.0 161.0 
392.0 162.0 
417.0 161.0 
391.0 165.0 
356.0 171.0 
366.0 170.0 
351.0 184.0 
355.0 180.0 
390.0 168.0 
399.0 162.0 
362.0 173.0 
362.0 173.0 
358.0 174.0 
389.0 171.0 
351.0 217.0 
356.0 186.0 
438.0 162.0 
