1930.0 555.0 
1930.0 555.0 
1846.0 603.0 
1928.0 556.0 
2124.0 523.0 
1949.0 547.0 
1916.0 563.0 
1850.0 601.0 
1908.0 574.0 
1915.0 566.0 
1874.0 586.0 
1846.0 603.0 
1930.0 555.0 
2124.0 523.0 
2098.0 532.0 
1915.0 566.0 
2124.0 523.0 
1822.0 608.0 
1931.0 552.0 
1872.0 587.0 
1916.0 563.0 
1949.0 547.0 
1971.0 540.0 
1869.0 588.0 
1902.0 575.0 
1928.0 556.0 
1850.0 601.0 
1846.0 603.0 
1849.0 602.0 
1822.0 608.0 
1970.0 544.0 
1949.0 547.0 
2115.0 525.0 
1910.0 570.0 
1908.0 574.0 
1902.0 575.0 
1915.0 566.0 
2109.0 531.0 
1814.0 609.0 
2121.0 524.0 
1987.0 533.0 
1949.0 547.0 
1877.0 577.0 
1869.0 588.0 
1916.0 563.0 
1985.0 534.0 
1927.0 562.0 
1909.0 573.0 
2109.0 531.0 
1946.0 548.0 
2125.0 523.0 
1819.0 609.0 
1819.0 609.0 
2108.0 532.0 
2003.0 533.0 
1854.0 601.0 
1882.0 577.0 
1846.0 604.0 
1910.0 573.0 
1875.0 587.0 
1916.0 564.0 
1949.0 549.0 
1869.0 589.0 
1977.0 541.0 
1931.0 555.0 
1932.0 553.0 
1926.0 563.0 
1971.0 543.0 
1989.0 535.0 
2116.0 528.0 
1960.0 547.0 
1869.0 589.0 
1882.0 577.0 
1910.0 573.0 
1960.0 547.0 
2003.0 533.0 
1990.0 534.0 
2124.0 525.0 
2111.0 531.0 
2124.0 525.0 
1926.0 563.0 
2111.0 531.0 
2108.0 532.0 
1990.0 534.0 
2124.0 525.0 
2003.0 533.0 
2003.0 533.0 
2003.0 533.0 
2003.0 533.0 
2003.0 533.0 
2003.0 533.0 
2003.0 533.0 
2003.0 533.0 
2003.0 533.0 
2003.0 533.0 
2003.0 533.0 
1882.0 577.0 
1882.0 577.0 
1882.0 577.0 
1882.0 577.0 
