1845.0 595.0 
2037.0 531.0 
2146.0 513.0 
1980.0 536.0 
2155.0 505.0 
1784.0 605.0 
2171.0 499.0 
2146.0 513.0 
1981.0 533.0 
1784.0 605.0 
2098.0 514.0 
1931.0 592.0 
2098.0 514.0 
1954.0 540.0 
2237.0 477.0 
1859.0 602.0 
2162.0 507.0 
2186.0 501.0 
2200.0 499.0 
2022.0 533.0 
2022.0 533.0 
2022.0 533.0 
2022.0 533.0 
2022.0 533.0 
1840.0 606.0 
1785.0 608.0 
2111.0 515.0 
2105.0 516.0 
1964.0 579.0 
1963.0 585.0 
2015.0 552.0 
1987.0 553.0 
2015.0 552.0 
1974.0 556.0 
2322.0 489.0 
1874.0 602.0 
2183.0 508.0 
2172.0 512.0 
2183.0 508.0 
2213.0 503.0 
2209.0 506.0 
2054.0 534.0 
2022.0 535.0 
1785.0 682.0 
1838.0 608.0 
1788.0 610.0 
2164.0 515.0 
2109.0 518.0 
1970.0 583.0 
1983.0 577.0 
2326.0 489.0 
1915.0 604.0 
1915.0 604.0 
2192.0 510.0 
2192.0 510.0 
2192.0 510.0 
2192.0 510.0 
2219.0 505.0 
2222.0 504.0 
2040.0 540.0 
2040.0 540.0 
2044.0 535.0 
2024.0 549.0 
1863.0 608.0 
1796.0 641.0 
1810.0 630.0 
1813.0 620.0 
1796.0 641.0 
1810.0 630.0 
1792.0 681.0 
1839.0 612.0 
1839.0 612.0 
2166.0 515.0 
2161.0 521.0 
2161.0 521.0 
2160.0 523.0 
1975.0 587.0 
2009.0 578.0 
2357.0 496.0 
2344.0 501.0 
2371.0 492.0 
1797.0 656.0 
1797.0 656.0 
2382.0 492.0 
2382.0 492.0 
2194.0 511.0 
1804.0 641.0 
1839.0 615.0 
1884.0 608.0 
1976.0 593.0 
2024.0 552.0 
2332.0 504.0 
2099.0 535.0 
2166.0 522.0 
2021.0 579.0 
2043.0 541.0 
2374.0 499.0 
2069.0 537.0 
1875.0 612.0 
2176.0 517.0 
