1642.0 402.0 
1600.0 425.0 
1483.0 498.0 
1523.0 461.0 
1523.0 461.0 
1655.0 394.0 
1483.0 498.0 
1575.0 450.0 
1487.0 495.0 
1592.0 429.0 
1483.0 498.0 
1600.0 425.0 
1523.0 461.0 
1523.0 461.0 
1515.0 473.0 
1516.0 472.0 
1479.0 500.0 
1490.0 479.0 
1642.0 402.0 
1655.0 394.0 
1511.0 474.0 
1487.0 495.0 
1523.0 461.0 
1658.0 389.0 
1509.0 477.0 
1483.0 498.0 
1582.0 431.0 
1608.0 411.0 
1575.0 451.0 
1598.0 429.0 
1517.0 473.0 
1479.0 501.0 
1494.0 479.0 
1490.0 489.0 
1490.0 489.0 
1494.0 479.0 
1652.0 405.0 
1513.0 476.0 
1528.0 463.0 
1531.0 461.0 
1682.0 391.0 
1690.0 390.0 
1682.0 391.0 
1690.0 390.0 
1690.0 390.0 
1690.0 390.0 
1690.0 390.0 
1674.0 392.0 
1659.0 393.0 
1682.0 391.0 
1690.0 390.0 
1659.0 393.0 
1511.0 477.0 
1582.0 437.0 
1582.0 437.0 
1588.0 435.0 
1588.0 435.0 
1588.0 435.0 
1587.0 436.0 
1594.0 431.0 
1617.0 416.0 
1616.0 417.0 
1615.0 419.0 
1628.0 413.0 
1610.0 426.0 
1634.0 411.0 
1624.0 414.0 
1609.0 428.0 
1480.0 501.0 
1480.0 501.0 
1693.0 390.0 
1580.0 451.0 
1546.0 465.0 
1653.0 407.0 
1522.0 475.0 
1534.0 466.0 
1615.0 425.0 
1617.0 417.0 
1635.0 414.0 
1584.0 439.0 
1599.0 430.0 
1491.0 500.0 
1596.0 431.0 
1666.0 396.0 
1586.0 438.0 
1511.0 478.0 
1635.0 414.0 
1493.0 493.0 
1498.0 486.0 
1511.0 478.0 
1498.0 486.0 
1666.0 396.0 
1688.0 391.0 
1497.0 491.0 
1684.0 393.0 
1676.0 394.0 
1673.0 395.0 
1684.0 393.0 
1673.0 395.0 
1676.0 394.0 
