+35 5 44 19 17 1 41 16 0 32 38 4 15 18 26 37 11 43 42 30 13 8 10 6 31 27 33 40 21 36 20 39 9 3 24 7 34 25 14 28 12 29 2 23 22  
+35 5 19 17 1 41 16 0 32 38 4 18 26 37 11 43 42 30 13 15 8 10 6 31 27 33 40 21 36 20 39 3 24 7 34 25 28 29 44 9 14 12 2 23 22  
+35 5 19 0 17 1 41 16 32 26 4 3 40 24 6 34 25 29 44 42 27 43 30 31 33 39 37 15 11 18 38 36 28 8 21 13 10 20 9 7 14 12 2 23 22  
+35 5 19 17 1 41 16 44 0 32 38 4 15 18 26 37 11 43 42 30 13 8 10 6 31 27 33 40 21 36 20 39 9 3 24 7 34 25 14 28 12 29 2 23 22  
+35 5 19 17 1 41 16 0 26 32 44 4 38 30 6 31 42 11 8 13 18 27 33 15 21 36 43 10 3 40 37 20 39 9 7 24 34 25 14 28 12 29 2 23 22  
+35 5 19 17 1 41 16 0 26 32 40 44 15 4 37 24 11 43 42 30 13 38 18 8 10 6 31 27 33 21 36 20 39 9 3 7 34 25 29 28 12 14 2 23 22  
+35 5 19 17 1 41 16 0 32 4 26 33 3 40 24 34 6 25 29 44 8 37 43 15 42 11 30 31 18 21 27 13 38 10 36 39 20 9 7 28 14 12 2 23 22  
+35 5 0 19 17 1 41 16 32 26 6 4 43 33 40 30 31 3 24 34 25 29 44 42 15 37 11 8 18 38 10 13 21 27 36 28 39 20 9 7 12 14 2 23 22  
+0 35 5 19 17 1 41 16 4 32 26 27 3 40 44 15 7 11 42 30 8 13 18 38 33 31 21 10 36 39 6 20 9 43 28 37 24 34 25 29 14 12 2 23 22  
+0 35 5 19 17 1 41 16 4 32 26 40 44 15 42 11 30 6 31 27 33 8 13 18 37 38 43 21 10 36 39 20 9 3 24 7 34 25 14 28 12 29 2 23 22  
+35 5 19 0 17 1 41 16 4 32 26 27 40 44 15 37 11 43 42 33 8 18 30 31 38 10 13 6 21 36 3 20 39 9 7 24 34 25 29 28 14 12 2 23 22  
+35 5 19 17 1 41 16 0 32 4 26 27 33 3 40 43 24 34 25 29 44 30 31 42 15 11 18 38 6 36 28 39 8 13 21 10 37 7 20 9 14 12 2 23 22  
+0 35 5 19 17 1 41 16 32 4 27 40 26 43 33 3 44 15 42 8 24 21 37 38 30 7 13 18 10 31 36 11 39 6 20 9 34 25 29 28 12 14 2 23 22  
+35 5 19 17 1 0 41 16 4 32 26 27 33 3 40 44 15 11 7 42 30 8 13 18 38 31 10 39 21 36 6 20 9 43 37 24 34 25 29 28 12 14 2 23 22  
+35 5 0 19 17 1 41 16 32 26 4 43 33 27 40 30 31 3 24 34 25 29 44 42 15 37 11 8 18 38 10 13 6 21 36 28 39 20 9 7 12 14 2 23 22  
+35 5 0 19 17 1 41 16 32 26 4 27 33 6 3 40 24 34 25 29 44 43 30 15 42 11 31 8 18 21 13 38 36 28 39 7 10 37 20 9 12 14 2 23 22  
+35 5 19 17 0 1 41 16 4 32 26 43 15 42 11 30 6 31 8 18 24 21 13 38 27 33 36 3 28 40 39 34 25 29 44 7 10 20 9 37 14 12 2 23 22  
+35 5 19 0 17 1 41 16 4 32 26 15 30 31 27 33 43 3 40 24 34 25 29 44 42 8 13 11 18 38 6 37 10 21 36 20 39 9 7 12 14 28 2 23 22  
+35 5 19 0 17 1 41 16 4 32 26 30 27 33 15 31 43 36 37 3 40 39 24 34 25 29 44 42 8 21 13 11 18 10 38 6 28 7 20 12 9 14 2 23 22  
+0 35 5 17 16 44 41 19 1 30 11 4 38 26 24 32 18 42 8 13 15 21 36 10 6 31 27 33 40 39 20 43 25 3 7 37 9 34 14 28 12 29 2 23 22  
+35 0 5 19 17 1 41 16 32 26 38 4 15 40 37 43 27 33 30 31 36 3 39 24 34 25 29 44 42 8 21 13 11 18 10 6 20 9 28 7 12 14 2 23 22  
+35 5 19 17 1 41 16 0 32 4 26 11 43 42 30 15 27 33 6 31 8 13 18 37 38 10 40 21 36 20 39 3 24 34 25 29 44 7 9 14 28 12 2 23 22  
+35 5 19 17 1 41 16 0 26 32 4 43 30 27 15 38 31 33 40 3 24 34 25 36 39 28 29 44 42 8 21 13 11 6 37 18 10 20 7 9 14 12 2 23 22  
+0 35 5 19 17 1 41 16 4 32 26 30 27 33 15 40 6 38 24 18 42 31 3 43 13 11 8 21 37 36 10 20 39 34 25 28 29 44 9 7 14 12 2 23 22  
+0 35 5 19 17 1 41 16 26 32 27 33 42 4 15 43 8 30 31 38 3 24 28 40 34 39 25 29 21 36 44 37 13 11 18 10 6 20 9 7 14 12 2 23 22  
+35 5 19 17 1 41 16 32 0 4 15 26 43 30 31 27 33 3 38 24 8 42 11 18 6 28 40 34 36 39 25 29 44 13 10 21 37 20 9 7 14 12 2 23 22  
+0 35 5 19 17 1 41 16 26 32 27 33 42 4 15 43 8 30 31 38 3 24 28 40 34 36 39 25 29 44 37 13 11 18 10 6 20 9 21 7 14 12 2 23 22  
+35 5 19 17 1 41 16 0 32 38 26 37 30 15 21 4 27 31 24 43 33 40 39 28 25 3 36 34 29 44 42 8 13 11 6 18 10 20 9 7 14 12 2 23 22  
+35 5 19 17 0 1 41 16 4 32 26 43 15 42 11 30 6 31 8 13 18 38 27 33 36 3 24 28 40 39 34 25 29 44 21 7 10 20 9 37 14 12 2 23 22  
