2491.0 817.0 
2339.0 866.0 
2401.0 861.0 
2499.0 812.0 
2682.0 763.0 
2472.0 839.0 
2339.0 866.0 
2719.0 749.0 
2435.0 841.0 
2769.0 714.0 
2541.0 772.0 
2404.0 863.0 
2683.0 765.0 
2747.0 755.0 
2447.0 845.0 
3103.0 733.0 
2820.0 742.0 
2953.0 741.0 
3107.0 732.0 
2820.0 742.0 
2553.0 822.0 
2550.0 828.0 
2592.0 783.0 
2407.0 879.0 
2687.0 765.0 
2687.0 765.0 
2809.0 755.0 
2465.0 845.0 
2462.0 865.0 
3299.0 740.0 
2896.0 746.0 
3250.0 744.0 
2586.0 832.0 
2568.0 838.0 
2604.0 807.0 
2646.0 794.0 
2594.0 823.0 
2639.0 801.0 
2451.0 885.0 
2433.0 937.0 
2449.0 888.0 
2414.0 939.0 
2722.0 765.0 
2690.0 769.0 
2687.0 777.0 
2476.0 845.0 
2463.0 869.0 
2979.0 754.0 
2979.0 754.0 
2589.0 837.0 
2612.0 817.0 
2606.0 821.0 
2604.0 824.0 
2456.0 907.0 
2455.0 924.0 
2455.0 924.0 
2419.0 941.0 
2884.0 768.0 
2760.0 769.0 
2691.0 778.0 
2481.0 855.0 
2481.0 855.0 
2504.0 850.0 
2469.0 901.0 
2474.0 899.0 
3058.0 760.0 
3300.0 756.0 
2665.0 818.0 
2623.0 832.0 
2606.0 846.0 
2608.0 840.0 
2453.0 960.0 
2464.0 942.0 
2464.0 942.0 
2812.0 775.0 
2751.0 804.0 
2727.0 815.0 
2765.0 790.0 
2806.0 778.0 
2803.0 783.0 
2732.0 807.0 
2492.0 890.0 
2492.0 890.0 
2486.0 896.0 
2493.0 872.0 
2509.0 855.0 
2506.0 866.0 
2506.0 866.0 
2469.0 934.0 
2475.0 899.0 
3094.0 762.0 
3094.0 762.0 
2666.0 819.0 
2630.0 834.0 
2632.0 833.0 
2612.0 840.0 
2612.0 840.0 
2459.0 961.0 
3160.0 763.0 
3098.0 774.0 
