90.0 31.0 
63.0 35.0 
63.0 35.0 
90.0 31.0 
72.0 32.0 
69.0 33.0 
72.0 32.0 
66.0 34.0 
66.0 34.0 
63.0 35.0 
90.0 31.0 
72.0 32.0 
66.0 34.0 
90.0 31.0 
72.0 32.0 
66.0 34.0 
90.0 31.0 
66.0 34.0 
72.0 32.0 
90.0 31.0 
66.0 34.0 
72.0 32.0 
90.0 31.0 
66.0 34.0 
72.0 32.0 
90.0 31.0 
66.0 34.0 
72.0 32.0 
90.0 31.0 
66.0 34.0 
72.0 32.0 
90.0 31.0 
66.0 34.0 
72.0 32.0 
90.0 31.0 
66.0 34.0 
72.0 32.0 
90.0 31.0 
66.0 34.0 
72.0 32.0 
90.0 31.0 
66.0 34.0 
72.0 32.0 
90.0 31.0 
66.0 34.0 
72.0 32.0 
90.0 31.0 
66.0 34.0 
72.0 32.0 
90.0 31.0 
66.0 34.0 
72.0 32.0 
66.0 34.0 
72.0 32.0 
66.0 34.0 
72.0 32.0 
66.0 34.0 
66.0 34.0 
66.0 34.0 
72.0 32.0 
66.0 34.0 
66.0 34.0 
72.0 32.0 
66.0 34.0 
72.0 32.0 
66.0 34.0 
90.0 31.0 
66.0 34.0 
72.0 32.0 
66.0 34.0 
66.0 34.0 
66.0 34.0 
72.0 32.0 
72.0 32.0 
66.0 34.0 
66.0 34.0 
90.0 31.0 
72.0 32.0 
90.0 31.0 
66.0 34.0 
66.0 34.0 
72.0 32.0 
90.0 31.0 
90.0 31.0 
66.0 34.0 
66.0 34.0 
72.0 32.0 
72.0 32.0 
90.0 31.0 
72.0 32.0 
72.0 32.0 
66.0 34.0 
90.0 31.0 
66.0 34.0 
72.0 32.0 
66.0 34.0 
72.0 32.0 
66.0 34.0 
72.0 32.0 
66.0 34.0 
