33.0 12.0 
17.0 15.0 
42.0 13.0 
34.0 14.0 
22.0 15.0 
20.0 18.0 
22.0 15.0 
50.0 13.0 
37.0 14.0 
21.0 26.0 
23.0 25.0 
24.0 19.0 
27.0 18.0 
23.0 25.0 
55.0 13.0 
37.0 15.0 
41.0 14.0 
21.0 40.0 
25.0 20.0 
27.0 19.0 
27.0 19.0 
28.0 18.0 
27.0 19.0 
27.0 19.0 
24.0 25.0 
39.0 17.0 
39.0 17.0 
42.0 14.0 
41.0 16.0 
26.0 21.0 
36.0 19.0 
28.0 20.0 
28.0 20.0 
36.0 19.0 
25.0 25.0 
24.0 26.0 
24.0 26.0 
39.0 18.0 
39.0 18.0 
44.0 14.0 
44.0 14.0 
44.0 14.0 
42.0 17.0 
27.0 21.0 
29.0 20.0 
29.0 20.0 
29.0 20.0 
37.0 19.0 
24.0 33.0 
24.0 33.0 
24.0 33.0 
25.0 26.0 
25.0 26.0 
71.0 14.0 
71.0 14.0 
44.0 15.0 
42.0 18.0 
27.0 22.0 
28.0 21.0 
27.0 22.0 
28.0 21.0 
31.0 20.0 
31.0 20.0 
39.0 19.0 
24.0 34.0 
24.0 34.0 
24.0 34.0 
24.0 34.0 
25.0 27.0 
25.0 27.0 
25.0 27.0 
25.0 27.0 
84.0 14.0 
55.0 15.0 
45.0 17.0 
46.0 16.0 
27.0 24.0 
27.0 24.0 
29.0 21.0 
29.0 21.0 
32.0 20.0 
42.0 19.0 
26.0 27.0 
25.0 29.0 
85.0 14.0 
85.0 14.0 
59.0 15.0 
46.0 18.0 
27.0 26.0 
29.0 22.0 
30.0 21.0 
33.0 20.0 
45.0 19.0 
25.0 33.0 
26.0 29.0 
26.0 29.0 
25.0 33.0 
63.0 15.0 
25.0 34.0 
27.0 27.0 
