193.0 87.0 
171.0 95.0 
234.0 68.0 
198.0 72.0 
193.0 93.0 
185.0 102.0 
192.0 97.0 
192.0 97.0 
235.0 69.0 
210.0 86.0 
217.0 73.0 
206.0 91.0 
210.0 86.0 
194.0 94.0 
187.0 119.0 
188.0 104.0 
192.0 100.0 
237.0 72.0 
230.0 75.0 
228.0 83.0 
228.0 83.0 
229.0 81.0 
219.0 84.0 
208.0 92.0 
218.0 88.0 
197.0 95.0 
187.0 124.0 
189.0 108.0 
189.0 108.0 
188.0 123.0 
192.0 101.0 
233.0 76.0 
231.0 79.0 
224.0 87.0 
228.0 86.0 
216.0 94.0 
219.0 88.0 
214.0 95.0 
208.0 97.0 
197.0 98.0 
189.0 129.0 
189.0 129.0 
190.0 127.0 
193.0 107.0 
195.0 105.0 
238.0 77.0 
231.0 85.0 
231.0 85.0 
232.0 80.0 
228.0 87.0 
219.0 90.0 
221.0 88.0 
217.0 96.0 
213.0 97.0 
197.0 100.0 
199.0 99.0 
192.0 130.0 
194.0 112.0 
193.0 120.0 
196.0 109.0 
195.0 110.0 
254.0 77.0 
243.0 79.0 
239.0 81.0 
234.0 85.0 
239.0 81.0 
230.0 87.0 
219.0 95.0 
221.0 93.0 
222.0 89.0 
222.0 89.0 
224.0 88.0 
218.0 96.0 
207.0 99.0 
204.0 100.0 
204.0 100.0 
207.0 99.0 
204.0 100.0 
204.0 100.0 
193.0 124.0 
195.0 122.0 
198.0 112.0 
195.0 122.0 
254.0 79.0 
236.0 86.0 
236.0 86.0 
239.0 82.0 
252.0 81.0 
232.0 87.0 
223.0 89.0 
223.0 89.0 
193.0 133.0 
257.0 79.0 
240.0 83.0 
205.0 101.0 
234.0 87.0 
253.0 81.0 
211.0 100.0 
219.0 97.0 
224.0 89.0 
