66.0 36.0 
73.0 31.0 
74.0 29.0 
74.0 29.0 
73.0 31.0 
70.0 34.0 
72.0 32.0 
67.0 36.0 
76.0 31.0 
71.0 35.0 
71.0 35.0 
71.0 35.0 
71.0 35.0 
71.0 35.0 
72.0 33.0 
75.0 32.0 
69.0 36.0 
67.0 39.0 
68.0 37.0 
80.0 31.0 
72.0 34.0 
72.0 34.0 
73.0 33.0 
73.0 33.0 
72.0 34.0 
70.0 39.0 
70.0 39.0 
70.0 39.0 
70.0 39.0 
70.0 39.0 
70.0 39.0 
68.0 46.0 
87.0 32.0 
87.0 32.0 
87.0 32.0 
74.0 33.0 
73.0 34.0 
73.0 34.0 
73.0 34.0 
73.0 34.0 
73.0 34.0 
73.0 34.0 
73.0 34.0 
72.0 36.0 
72.0 36.0 
73.0 34.0 
73.0 34.0 
73.0 34.0 
73.0 34.0 
73.0 34.0 
70.0 40.0 
70.0 40.0 
70.0 40.0 
70.0 40.0 
70.0 40.0 
70.0 40.0 
70.0 40.0 
71.0 39.0 
75.0 33.0 
75.0 33.0 
75.0 33.0 
75.0 33.0 
72.0 37.0 
73.0 35.0 
73.0 35.0 
74.0 34.0 
74.0 34.0 
74.0 34.0 
74.0 34.0 
74.0 34.0 
70.0 44.0 
77.0 33.0 
72.0 38.0 
72.0 38.0 
72.0 38.0 
73.0 36.0 
73.0 36.0 
73.0 36.0 
73.0 36.0 
75.0 34.0 
75.0 34.0 
74.0 35.0 
75.0 34.0 
74.0 35.0 
75.0 34.0 
75.0 34.0 
75.0 34.0 
75.0 34.0 
78.0 33.0 
78.0 33.0 
72.0 39.0 
72.0 39.0 
74.0 36.0 
74.0 36.0 
77.0 34.0 
75.0 35.0 
75.0 35.0 
77.0 34.0 
72.0 39.0 
72.0 39.0 
