78.0 54.0 
62.0 67.0 
58.0 72.0 
117.0 48.0 
179.0 33.0 
98.0 49.0 
75.0 55.0 
69.0 56.0 
68.0 60.0 
128.0 41.0 
146.0 34.0 
137.0 37.0 
134.0 39.0 
117.0 48.0 
79.0 54.0 
104.0 53.0 
76.0 57.0 
74.0 60.0 
68.0 66.0 
74.0 60.0 
133.0 43.0 
150.0 35.0 
139.0 41.0 
138.0 42.0 
143.0 39.0 
130.0 48.0 
79.0 55.0 
105.0 53.0 
78.0 58.0 
70.0 70.0 
70.0 70.0 
71.0 67.0 
76.0 61.0 
76.0 61.0 
76.0 61.0 
76.0 61.0 
74.0 63.0 
197.0 38.0 
140.0 42.0 
144.0 41.0 
134.0 48.0 
84.0 56.0 
98.0 55.0 
121.0 54.0 
79.0 58.0 
78.0 62.0 
74.0 67.0 
76.0 66.0 
225.0 40.0 
225.0 40.0 
163.0 41.0 
144.0 46.0 
144.0 46.0 
156.0 43.0 
150.0 44.0 
139.0 49.0 
135.0 52.0 
136.0 50.0 
97.0 57.0 
108.0 55.0 
134.0 54.0 
82.0 59.0 
93.0 58.0 
80.0 61.0 
81.0 60.0 
78.0 64.0 
74.0 69.0 
77.0 68.0 
77.0 68.0 
188.0 41.0 
164.0 42.0 
144.0 47.0 
159.0 43.0 
152.0 44.0 
142.0 52.0 
139.0 53.0 
139.0 53.0 
74.0 72.0 
219.0 41.0 
219.0 41.0 
171.0 42.0 
116.0 59.0 
88.0 60.0 
80.0 62.0 
120.0 56.0 
149.0 50.0 
152.0 45.0 
78.0 67.0 
159.0 44.0 
145.0 54.0 
133.0 55.0 
148.0 51.0 
146.0 53.0 
133.0 55.0 
78.0 67.0 
75.0 70.0 
75.0 70.0 
165.0 43.0 
165.0 43.0 
152.0 45.0 
