251.0 184.0 
1652.0 86.0 
1652.0 86.0 
251.0 184.0 
953.0 111.0 
300.0 160.0 
1456.0 95.0 
257.0 174.0 
1355.0 96.0 
583.0 133.0 
1051.0 110.0 
845.0 117.0 
320.0 151.0 
1058.0 107.0 
1463.0 92.0 
1192.0 105.0 
450.0 141.0 
706.0 127.0 
278.0 172.0 
1193.0 102.0 
713.0 124.0 
1115.0 106.0 
660.0 128.0 
280.0 166.0 
1571.0 88.0 
1348.0 99.0 
901.0 114.0 
610.0 131.0 
1308.0 100.0 
1250.0 101.0 
794.0 120.0 
765.0 121.0 
1115.0 106.0 
1250.0 101.0 
1628.0 87.0 
1520.0 91.0 
526.0 135.0 
610.0 131.0 
901.0 114.0 
467.0 138.0 
765.0 121.0 
399.0 146.0 
347.0 147.0 
794.0 120.0 
660.0 128.0 
526.0 135.0 
492.0 136.0 
297.0 161.0 
419.0 143.0 
875.0 116.0 
281.0 165.0 
1547.0 90.0 
1308.0 100.0 
713.0 124.0 
418.0 145.0 
467.0 138.0 
1520.0 91.0 
875.0 116.0 
492.0 136.0 
337.0 148.0 
1571.0 88.0 
1628.0 87.0 
1547.0 90.0 
327.0 150.0 
257.0 174.0 
320.0 151.0 
399.0 146.0 
278.0 172.0 
297.0 161.0 
281.0 165.0 
419.0 143.0 
347.0 147.0 
337.0 148.0 
327.0 150.0 
1355.0 96.0 
1348.0 99.0 
1051.0 110.0 
280.0 166.0 
1193.0 102.0 
418.0 145.0 
1192.0 105.0 
251.0 184.0 
297.0 161.0 
1115.0 106.0 
1250.0 101.0 
610.0 131.0 
1520.0 91.0 
901.0 114.0 
1308.0 100.0 
526.0 135.0 
713.0 124.0 
467.0 138.0 
794.0 120.0 
492.0 136.0 
1547.0 90.0 
1628.0 87.0 
320.0 151.0 
1051.0 110.0 
399.0 146.0 
278.0 172.0 
