331.0 181.0 
331.0 181.0 
331.0 181.0 
331.0 181.0 
331.0 181.0 
329.0 183.0 
761.0 138.0 
1214.0 117.0 
601.0 148.0 
761.0 138.0 
707.0 142.0 
423.0 159.0 
329.0 183.0 
307.0 196.0 
1646.0 101.0 
308.0 192.0 
761.0 138.0 
707.0 142.0 
1214.0 117.0 
761.0 138.0 
1460.0 108.0 
707.0 142.0 
1214.0 117.0 
601.0 148.0 
382.0 168.0 
707.0 142.0 
1646.0 101.0 
1701.0 97.0 
844.0 136.0 
1646.0 101.0 
761.0 138.0 
331.0 181.0 
1214.0 117.0 
761.0 138.0 
580.0 151.0 
307.0 196.0 
1460.0 108.0 
527.0 153.0 
306.0 198.0 
707.0 142.0 
1214.0 117.0 
1349.0 111.0 
681.0 145.0 
524.0 154.0 
308.0 192.0 
1028.0 125.0 
1028.0 125.0 
1701.0 97.0 
352.0 176.0 
922.0 131.0 
761.0 138.0 
844.0 136.0 
1460.0 108.0 
1460.0 108.0 
1646.0 101.0 
1241.0 116.0 
1646.0 101.0 
973.0 126.0 
707.0 142.0 
419.0 160.0 
601.0 148.0 
1459.0 110.0 
306.0 198.0 
308.0 192.0 
1701.0 97.0 
1133.0 120.0 
761.0 138.0 
1028.0 125.0 
1460.0 108.0 
948.0 129.0 
368.0 172.0 
710.0 140.0 
499.0 156.0 
356.0 175.0 
314.0 184.0 
419.0 160.0 
707.0 142.0 
403.0 163.0 
312.0 189.0 
954.0 128.0 
1700.0 99.0 
1269.0 113.0 
787.0 137.0 
844.0 136.0 
1459.0 110.0 
681.0 145.0 
1055.0 123.0 
707.0 142.0 
331.0 181.0 
1028.0 125.0 
397.0 164.0 
631.0 147.0 
1496.0 105.0 
871.0 132.0 
376.0 170.0 
423.0 159.0 
922.0 131.0 
1245.0 115.0 
306.0 230.0 
1709.0 97.0 
