362.0 146.0 
877.0 115.0 
330.0 160.0 
362.0 146.0 
1186.0 102.0 
297.0 191.0 
1272.0 99.0 
877.0 115.0 
559.0 135.0 
297.0 191.0 
360.0 147.0 
343.0 151.0 
563.0 134.0 
272.0 217.0 
563.0 134.0 
297.0 191.0 
1186.0 102.0 
293.0 195.0 
1432.0 88.0 
882.0 112.0 
1077.0 106.0 
877.0 115.0 
360.0 147.0 
1106.0 103.0 
1272.0 99.0 
705.0 121.0 
1106.0 103.0 
323.0 163.0 
1326.0 94.0 
1188.0 100.0 
1590.0 82.0 
1432.0 88.0 
1186.0 102.0 
563.0 134.0 
1106.0 103.0 
269.0 224.0 
1432.0 88.0 
363.0 141.0 
323.0 163.0 
473.0 136.0 
687.0 125.0 
323.0 163.0 
330.0 160.0 
1347.0 91.0 
297.0 191.0 
290.0 198.0 
306.0 172.0 
1186.0 102.0 
360.0 147.0 
1671.0 80.0 
1321.0 97.0 
1027.0 107.0 
297.0 191.0 
789.0 116.0 
878.0 113.0 
603.0 128.0 
314.0 171.0 
297.0 191.0 
297.0 191.0 
945.0 110.0 
270.0 220.0 
272.0 217.0 
1590.0 82.0 
278.0 215.0 
980.0 108.0 
467.0 138.0 
559.0 135.0 
789.0 116.0 
323.0 163.0 
1595.0 81.0 
269.0 224.0 
306.0 172.0 
293.0 195.0 
336.0 156.0 
442.0 140.0 
339.0 153.0 
330.0 160.0 
1432.0 88.0 
1671.0 80.0 
272.0 226.0 
272.0 226.0 
1766.0 80.0 
1766.0 80.0 
706.0 121.0 
1188.0 101.0 
638.0 131.0 
1106.0 104.0 
339.0 154.0 
791.0 117.0 
309.0 176.0 
280.0 217.0 
1617.0 82.0 
1590.0 85.0 
299.0 192.0 
325.0 165.0 
291.0 200.0 
1440.0 88.0 
1325.0 97.0 
468.0 138.0 
373.0 142.0 
