1433.0 440.0 
1433.0 440.0 
1744.0 374.0 
1434.0 438.0 
1520.0 401.0 
1433.0 440.0 
1477.0 412.0 
1598.0 385.0 
1458.0 425.0 
1433.0 440.0 
1622.0 376.0 
1626.0 375.0 
1622.0 376.0 
1476.0 414.0 
1433.0 440.0 
1622.0 376.0 
1433.0 440.0 
1461.0 424.0 
1499.0 411.0 
1546.0 388.0 
1415.0 447.0 
1474.0 415.0 
1435.0 436.0 
1526.0 399.0 
1433.0 440.0 
1458.0 425.0 
1519.0 402.0 
1622.0 376.0 
1543.0 390.0 
1435.0 436.0 
1598.0 385.0 
1434.0 438.0 
1503.0 403.0 
1499.0 411.0 
1626.0 375.0 
1434.0 438.0 
1465.0 423.0 
1415.0 448.0 
1415.0 448.0 
1642.0 375.0 
1642.0 375.0 
1600.0 385.0 
1561.0 388.0 
1623.0 378.0 
1453.0 436.0 
1416.0 447.0 
1476.0 415.0 
1459.0 425.0 
1495.0 412.0 
1531.0 400.0 
1465.0 424.0 
1543.0 391.0 
1624.0 376.0 
1437.0 438.0 
1434.0 439.0 
1504.0 405.0 
1477.0 413.0 
1434.0 439.0 
1507.0 404.0 
1545.0 390.0 
1531.0 400.0 
1543.0 391.0 
1465.0 424.0 
1517.0 403.0 
1453.0 436.0 
1522.0 401.0 
1495.0 412.0 
1504.0 405.0 
1520.0 402.0 
1459.0 425.0 
1545.0 390.0 
1517.0 403.0 
1522.0 401.0 
1477.0 413.0 
1522.0 401.0 
1522.0 401.0 
1495.0 412.0 
1495.0 412.0 
1415.0 448.0 
1531.0 400.0 
1531.0 400.0 
1531.0 400.0 
1531.0 400.0 
1531.0 400.0 
1531.0 400.0 
1531.0 400.0 
1531.0 400.0 
1531.0 400.0 
1459.0 425.0 
1459.0 425.0 
1545.0 390.0 
1545.0 390.0 
1545.0 390.0 
1545.0 390.0 
1545.0 390.0 
1545.0 390.0 
1453.0 436.0 
1453.0 436.0 
1504.0 405.0 
1504.0 405.0 
