1813.0 598.0 
1775.0 661.0 
1907.0 558.0 
1795.0 601.0 
1779.0 606.0 
2029.0 546.0 
1819.0 582.0 
2038.0 532.0 
1775.0 661.0 
1779.0 606.0 
1963.0 556.0 
1937.0 571.0 
1800.0 604.0 
1813.0 601.0 
2030.0 554.0 
2036.0 550.0 
1820.0 582.0 
2117.0 537.0 
2054.0 543.0 
1789.0 618.0 
1779.0 660.0 
1788.0 623.0 
1779.0 660.0 
1788.0 623.0 
1779.0 660.0 
1795.0 617.0 
1789.0 618.0 
1982.0 557.0 
2007.0 556.0 
1967.0 564.0 
1951.0 576.0 
1937.0 581.0 
1809.0 605.0 
1804.0 606.0 
2053.0 555.0 
1871.0 586.0 
1861.0 590.0 
1907.0 582.0 
1837.0 600.0 
1861.0 590.0 
1860.0 597.0 
1835.0 604.0 
2273.0 542.0 
2088.0 543.0 
2061.0 545.0 
2055.0 554.0 
1788.0 667.0 
1788.0 667.0 
1788.0 667.0 
1794.0 621.0 
1794.0 621.0 
1794.0 621.0 
1793.0 636.0 
1996.0 558.0 
2036.0 557.0 
1990.0 570.0 
1978.0 571.0 
1977.0 575.0 
1963.0 576.0 
1963.0 576.0 
1951.0 577.0 
1806.0 610.0 
1806.0 610.0 
1805.0 620.0 
1805.0 620.0 
1819.0 607.0 
1880.0 588.0 
1880.0 588.0 
1942.0 583.0 
1850.0 601.0 
1850.0 601.0 
1873.0 598.0 
2091.0 544.0 
2091.0 544.0 
2091.0 544.0 
2102.0 543.0 
2091.0 544.0 
2068.0 553.0 
2074.0 548.0 
1796.0 622.0 
1796.0 622.0 
1794.0 679.0 
2028.0 559.0 
2004.0 561.0 
2028.0 559.0 
2046.0 558.0 
1983.0 574.0 
1992.0 573.0 
1982.0 575.0 
1982.0 575.0 
2095.0 544.0 
1797.0 622.0 
1874.0 599.0 
1912.0 590.0 
1951.0 584.0 
1850.0 608.0 
2005.0 562.0 
1954.0 579.0 
1900.0 594.0 
1989.0 574.0 
