2104.0 614.0 
2033.0 625.0 
1965.0 644.0 
2040.0 618.0 
1978.0 642.0 
1948.0 651.0 
2034.0 619.0 
1948.0 651.0 
2040.0 618.0 
2059.0 615.0 
1948.0 651.0 
1955.0 650.0 
2175.0 610.0 
2204.0 607.0 
1978.0 642.0 
1986.0 636.0 
1955.0 650.0 
2040.0 618.0 
2108.0 612.0 
1976.0 646.0 
1976.0 646.0 
1976.0 646.0 
1976.0 646.0 
1976.0 646.0 
1976.0 646.0 
1975.0 647.0 
1976.0 646.0 
1976.0 646.0 
1976.0 646.0 
2035.0 621.0 
2073.0 617.0 
2104.0 615.0 
2104.0 615.0 
2104.0 615.0 
2104.0 615.0 
2104.0 615.0 
2104.0 615.0 
2073.0 617.0 
2104.0 615.0 
1953.0 653.0 
2267.0 610.0 
2267.0 610.0 
2267.0 610.0 
2243.0 611.0 
2267.0 610.0 
2278.0 608.0 
1984.0 644.0 
1979.0 645.0 
2004.0 638.0 
2004.0 638.0 
2006.0 637.0 
1956.0 650.0 
2059.0 618.0 
2108.0 613.0 
2178.0 612.0 
2178.0 612.0 
2178.0 612.0 
2040.0 623.0 
2040.0 623.0 
2040.0 623.0 
2037.0 624.0 
2104.0 616.0 
2104.0 616.0 
1955.0 653.0 
2277.0 611.0 
1981.0 646.0 
1981.0 646.0 
2025.0 642.0 
2035.0 641.0 
2011.0 643.0 
1959.0 651.0 
1968.0 650.0 
2060.0 618.0 
2180.0 612.0 
1955.0 655.0 
2306.0 611.0 
2306.0 611.0 
2121.0 617.0 
2182.0 615.0 
2200.0 613.0 
2037.0 630.0 
2036.0 641.0 
2024.0 643.0 
2264.0 612.0 
1986.0 647.0 
2051.0 623.0 
2079.0 618.0 
2072.0 621.0 
2044.0 628.0 
2264.0 612.0 
1964.0 651.0 
1981.0 650.0 
1986.0 647.0 
2078.0 619.0 
2034.0 642.0 
2051.0 623.0 
2040.0 629.0 
1964.0 651.0 
1981.0 650.0 
1981.0 650.0 
