1925.0 581.0 
1909.0 584.0 
1871.0 599.0 
1870.0 606.0 
1959.0 569.0 
2032.0 548.0 
1950.0 578.0 
1976.0 562.0 
1965.0 564.0 
1865.0 608.0 
1995.0 560.0 
1956.0 573.0 
1950.0 578.0 
1870.0 606.0 
2023.0 552.0 
1933.0 582.0 
1933.0 582.0 
1933.0 582.0 
1934.0 581.0 
1925.0 587.0 
1925.0 587.0 
1925.0 587.0 
1926.0 586.0 
1927.0 584.0 
1925.0 587.0 
1873.0 603.0 
1892.0 600.0 
1889.0 601.0 
1960.0 570.0 
2037.0 548.0 
1978.0 563.0 
1977.0 569.0 
1977.0 569.0 
1953.0 578.0 
1953.0 578.0 
1953.0 578.0 
2031.0 562.0 
2031.0 562.0 
2031.0 562.0 
2032.0 555.0 
2031.0 562.0 
2036.0 552.0 
1934.0 582.0 
1928.0 586.0 
1927.0 588.0 
1927.0 588.0 
1876.0 608.0 
1876.0 608.0 
1879.0 603.0 
1892.0 601.0 
1892.0 601.0 
1892.0 601.0 
1892.0 601.0 
1892.0 601.0 
1965.0 574.0 
1971.0 571.0 
2069.0 550.0 
2069.0 550.0 
2069.0 550.0 
1994.0 565.0 
1994.0 565.0 
2027.0 563.0 
1997.0 564.0 
1994.0 565.0 
1987.0 569.0 
1962.0 578.0 
1962.0 578.0 
1962.0 578.0 
1959.0 579.0 
2035.0 561.0 
2035.0 561.0 
2041.0 552.0 
2036.0 553.0 
1881.0 610.0 
2154.0 550.0 
2154.0 550.0 
1999.0 564.0 
1928.0 587.0 
2071.0 551.0 
1897.0 601.0 
2036.0 558.0 
2038.0 553.0 
1968.0 574.0 
1959.0 580.0 
1882.0 603.0 
1989.0 570.0 
1972.0 571.0 
1897.0 601.0 
2069.0 552.0 
2036.0 558.0 
1935.0 583.0 
1962.0 579.0 
1895.0 602.0 
1935.0 583.0 
1989.0 570.0 
1930.0 586.0 
1962.0 579.0 
1934.0 584.0 
1934.0 584.0 
1930.0 586.0 
