273.0 124.0 
335.0 129.0 
300.0 134.0 
336.0 128.0 
335.0 129.0 
275.0 147.0 
335.0 129.0 
380.0 124.0 
275.0 147.0 
326.0 130.0 
318.0 135.0 
309.0 136.0 
343.0 129.0 
436.0 128.0 
337.0 132.0 
326.0 136.0 
311.0 142.0 
325.0 138.0 
324.0 139.0 
344.0 130.0 
333.0 136.0 
317.0 145.0 
312.0 181.0 
325.0 139.0 
354.0 130.0 
352.0 131.0 
344.0 133.0 
336.0 136.0 
336.0 136.0 
321.0 146.0 
326.0 140.0 
368.0 135.0 
353.0 137.0 
344.0 138.0 
325.0 175.0 
331.0 140.0 
331.0 140.0 
326.0 142.0 
387.0 136.0 
362.0 137.0 
346.0 139.0 
336.0 140.0 
327.0 144.0 
393.0 137.0 
376.0 138.0 
354.0 143.0 
355.0 140.0 
327.0 158.0 
328.0 146.0 
352.0 145.0 
394.0 137.0 
359.0 142.0 
359.0 142.0 
355.0 144.0 
366.0 140.0 
327.0 166.0 
328.0 154.0 
332.0 147.0 
432.0 137.0 
361.0 142.0 
397.0 141.0 
397.0 141.0 
332.0 148.0 
343.0 147.0 
453.0 139.0 
371.0 142.0 
361.0 143.0 
361.0 143.0 
332.0 155.0 
332.0 155.0 
338.0 153.0 
344.0 148.0 
386.0 142.0 
362.0 147.0 
363.0 146.0 
378.0 144.0 
334.0 160.0 
332.0 161.0 
342.0 153.0 
348.0 148.0 
344.0 149.0 
394.0 142.0 
370.0 146.0 
370.0 146.0 
382.0 145.0 
342.0 155.0 
354.0 148.0 
347.0 150.0 
346.0 152.0 
403.0 144.0 
405.0 143.0 
370.0 147.0 
343.0 163.0 
345.0 161.0 
358.0 149.0 
365.0 148.0 
347.0 151.0 
349.0 150.0 
346.0 158.0 
475.0 145.0 
