1795.0 224.0 
1682.0 240.0 
1795.0 224.0 
1313.0 241.0 
427.0 316.0 
481.0 308.0 
427.0 316.0 
1795.0 224.0 
1013.0 271.0 
1795.0 224.0 
1313.0 241.0 
481.0 308.0 
1149.0 253.0 
572.0 279.0 
1782.0 229.0 
483.0 284.0 
690.0 276.0 
1715.0 237.0 
1795.0 224.0 
1122.0 263.0 
1123.0 254.0 
427.0 316.0 
1044.0 268.0 
1166.0 250.0 
1392.0 247.0 
1590.0 244.0 
1704.0 242.0 
1590.0 244.0 
657.0 279.0 
657.0 279.0 
523.0 285.0 
523.0 285.0 
485.0 306.0 
491.0 292.0 
903.0 276.0 
745.0 278.0 
799.0 277.0 
1764.0 237.0 
1720.0 240.0 
1839.0 224.0 
1135.0 260.0 
1151.0 254.0 
1151.0 254.0 
430.0 316.0 
1101.0 275.0 
1318.0 253.0 
1419.0 252.0 
1428.0 247.0 
1662.0 244.0 
718.0 279.0 
669.0 282.0 
525.0 285.0 
504.0 293.0 
502.0 314.0 
1802.0 239.0 
1789.0 242.0 
1863.0 229.0 
1856.0 238.0 
1898.0 228.0 
1143.0 266.0 
1178.0 254.0 
430.0 318.0 
1433.0 251.0 
1433.0 251.0 
1502.0 250.0 
1724.0 247.0 
1788.0 245.0 
975.0 279.0 
772.0 280.0 
726.0 283.0 
525.0 292.0 
529.0 291.0 
525.0 292.0 
559.0 286.0 
521.0 306.0 
521.0 306.0 
503.0 314.0 
1791.0 244.0 
1867.0 230.0 
1867.0 230.0 
1867.0 230.0 
1863.0 236.0 
1178.0 270.0 
1208.0 258.0 
1333.0 255.0 
1210.0 256.0 
1208.0 258.0 
431.0 320.0 
1874.0 233.0 
435.0 326.0 
733.0 283.0 
1806.0 248.0 
1160.0 279.0 
1516.0 252.0 
565.0 286.0 
1436.0 254.0 
1209.0 263.0 
1347.0 259.0 
531.0 300.0 
530.0 307.0 
