84.0 42.0 
93.0 37.0 
66.0 74.0 
70.0 61.0 
57.0 81.0 
79.0 48.0 
87.0 43.0 
84.0 46.0 
102.0 41.0 
102.0 41.0 
69.0 74.0 
69.0 74.0 
66.0 76.0 
71.0 67.0 
72.0 64.0 
76.0 62.0 
71.0 67.0 
79.0 50.0 
83.0 49.0 
79.0 50.0 
88.0 43.0 
85.0 46.0 
85.0 46.0 
85.0 46.0 
104.0 41.0 
66.0 88.0 
74.0 65.0 
76.0 64.0 
78.0 63.0 
78.0 63.0 
73.0 82.0 
72.0 87.0 
72.0 87.0 
80.0 50.0 
92.0 45.0 
89.0 49.0 
109.0 42.0 
104.0 43.0 
119.0 41.0 
75.0 76.0 
76.0 70.0 
78.0 64.0 
78.0 64.0 
74.0 82.0 
81.0 59.0 
82.0 51.0 
95.0 45.0 
90.0 49.0 
89.0 50.0 
89.0 50.0 
118.0 42.0 
118.0 42.0 
118.0 42.0 
110.0 43.0 
76.0 71.0 
79.0 66.0 
75.0 84.0 
75.0 84.0 
81.0 60.0 
82.0 53.0 
85.0 51.0 
82.0 53.0 
82.0 53.0 
101.0 46.0 
106.0 45.0 
101.0 46.0 
99.0 47.0 
94.0 49.0 
94.0 49.0 
90.0 50.0 
120.0 42.0 
118.0 43.0 
78.0 71.0 
77.0 77.0 
77.0 77.0 
76.0 80.0 
79.0 67.0 
79.0 67.0 
83.0 55.0 
89.0 53.0 
117.0 45.0 
117.0 45.0 
105.0 46.0 
105.0 46.0 
101.0 48.0 
99.0 49.0 
91.0 52.0 
96.0 50.0 
93.0 51.0 
120.0 43.0 
80.0 69.0 
79.0 85.0 
82.0 68.0 
83.0 62.0 
84.0 61.0 
84.0 61.0 
86.0 57.0 
89.0 56.0 
125.0 43.0 
125.0 43.0 
