125.0 27.0 
46.0 56.0 
46.0 56.0 
125.0 27.0 
104.0 33.0 
96.0 34.0 
77.0 39.0 
96.0 34.0 
122.0 29.0 
116.0 30.0 
71.0 42.0 
110.0 31.0 
65.0 43.0 
116.0 30.0 
90.0 35.0 
65.0 43.0 
110.0 31.0 
84.0 37.0 
61.0 44.0 
80.0 38.0 
106.0 32.0 
47.0 54.0 
90.0 35.0 
80.0 38.0 
87.0 36.0 
74.0 41.0 
87.0 36.0 
84.0 37.0 
71.0 42.0 
106.0 32.0 
60.0 45.0 
58.0 46.0 
76.0 40.0 
50.0 52.0 
55.0 48.0 
48.0 53.0 
74.0 41.0 
56.0 47.0 
123.0 28.0 
53.0 49.0 
104.0 33.0 
58.0 46.0 
53.0 49.0 
61.0 44.0 
47.0 54.0 
56.0 47.0 
48.0 53.0 
123.0 28.0 
52.0 50.0 
51.0 51.0 
60.0 45.0 
76.0 40.0 
122.0 29.0 
55.0 48.0 
50.0 52.0 
51.0 51.0 
52.0 50.0 
125.0 27.0 
46.0 56.0 
96.0 34.0 
116.0 30.0 
65.0 43.0 
110.0 31.0 
90.0 35.0 
80.0 38.0 
71.0 42.0 
87.0 36.0 
84.0 37.0 
106.0 32.0 
104.0 33.0 
74.0 41.0 
58.0 46.0 
61.0 44.0 
47.0 54.0 
48.0 53.0 
123.0 28.0 
56.0 47.0 
76.0 40.0 
122.0 29.0 
50.0 52.0 
51.0 51.0 
52.0 50.0 
55.0 48.0 
46.0 56.0 
125.0 27.0 
96.0 34.0 
116.0 30.0 
110.0 31.0 
90.0 35.0 
80.0 38.0 
84.0 37.0 
87.0 36.0 
71.0 42.0 
106.0 32.0 
74.0 41.0 
104.0 33.0 
58.0 46.0 
47.0 54.0 
56.0 47.0 
52.0 50.0 
