1716.0 565.0 
1894.0 506.0 
1725.0 564.0 
1894.0 506.0 
1757.0 551.0 
1802.0 524.0 
1804.0 523.0 
1729.0 563.0 
1880.0 512.0 
1805.0 521.0 
1799.0 527.0 
1818.0 520.0 
1777.0 535.0 
1880.0 512.0 
1883.0 509.0 
1894.0 506.0 
1894.0 506.0 
1893.0 507.0 
1894.0 506.0 
1757.0 551.0 
1804.0 523.0 
1725.0 564.0 
1777.0 535.0 
1761.0 538.0 
1757.0 551.0 
1712.0 568.0 
1719.0 565.0 
1719.0 565.0 
1805.0 522.0 
1805.0 522.0 
1805.0 522.0 
1799.0 530.0 
1801.0 528.0 
1818.0 521.0 
1818.0 521.0 
1818.0 521.0 
1881.0 512.0 
1881.0 512.0 
1881.0 512.0 
1883.0 510.0 
1894.0 507.0 
1731.0 564.0 
1731.0 564.0 
1731.0 564.0 
1731.0 564.0 
1731.0 564.0 
1731.0 564.0 
1731.0 564.0 
1731.0 564.0 
1731.0 564.0 
1731.0 564.0 
1731.0 564.0 
1731.0 564.0 
1777.0 536.0 
1774.0 538.0 
1763.0 540.0 
1761.0 548.0 
1759.0 558.0 
1759.0 558.0 
1759.0 558.0 
1757.0 559.0 
1716.0 568.0 
1716.0 568.0 
1712.0 570.0 
1896.0 507.0 
1896.0 507.0 
1715.0 570.0 
1715.0 570.0 
1721.0 565.0 
1838.0 521.0 
1803.0 529.0 
1762.0 548.0 
1762.0 548.0 
1881.0 513.0 
1815.0 522.0 
1777.0 537.0 
1777.0 537.0 
1881.0 513.0 
1764.0 540.0 
1805.0 523.0 
1763.0 545.0 
1891.0 511.0 
1719.0 567.0 
1893.0 510.0 
1764.0 540.0 
1894.0 508.0 
1717.0 569.0 
1805.0 523.0 
1717.0 569.0 
1894.0 508.0 
1805.0 523.0 
1805.0 523.0 
1805.0 523.0 
1805.0 523.0 
1881.0 513.0 
1894.0 508.0 
1894.0 508.0 
1894.0 508.0 
1777.0 537.0 
1777.0 537.0 
