749.0 170.0 
372.0 282.0 
1697.0 130.0 
1724.0 129.0 
975.0 154.0 
1068.0 150.0 
1736.0 128.0 
867.0 163.0 
396.0 238.0 
867.0 163.0 
1542.0 137.0 
372.0 282.0 
697.0 176.0 
1441.0 142.0 
1481.0 138.0 
685.0 180.0 
624.0 182.0 
568.0 183.0 
1832.0 126.0 
1368.0 145.0 
934.0 156.0 
479.0 203.0 
1079.0 149.0 
372.0 282.0 
1178.0 147.0 
491.0 185.0 
1743.0 127.0 
707.0 171.0 
445.0 210.0 
854.0 168.0 
410.0 214.0 
1125.0 148.0 
1696.0 132.0 
382.0 241.0 
865.0 167.0 
1585.0 133.0 
1841.0 125.0 
1377.0 144.0 
449.0 209.0 
480.0 188.0 
404.0 237.0 
1471.0 139.0 
1021.0 154.0 
1021.0 154.0 
1078.0 152.0 
1742.0 128.0 
399.0 240.0 
868.0 165.0 
922.0 163.0 
868.0 165.0 
697.0 178.0 
697.0 178.0 
1567.0 138.0 
625.0 182.0 
625.0 182.0 
1837.0 126.0 
935.0 156.0 
1092.0 150.0 
372.0 284.0 
372.0 284.0 
374.0 282.0 
372.0 284.0 
525.0 185.0 
525.0 185.0 
1830.0 127.0 
1830.0 127.0 
718.0 174.0 
718.0 174.0 
751.0 172.0 
724.0 173.0 
863.0 168.0 
863.0 168.0 
414.0 216.0 
410.0 218.0 
1178.0 148.0 
383.0 260.0 
383.0 260.0 
388.0 243.0 
383.0 260.0 
1594.0 133.0 
1454.0 144.0 
1394.0 146.0 
1387.0 147.0 
1387.0 147.0 
1387.0 147.0 
1387.0 147.0 
1387.0 147.0 
1387.0 147.0 
469.0 210.0 
456.0 214.0 
456.0 214.0 
469.0 210.0 
457.0 211.0 
488.0 199.0 
488.0 199.0 
487.0 203.0 
491.0 193.0 
496.0 192.0 
1508.0 139.0 
372.0 289.0 
