65.0 89.0 
72.0 28.0 
69.0 75.0 
80.0 27.0 
65.0 90.0 
72.0 34.0 
71.0 75.0 
69.0 84.0 
70.0 80.0 
86.0 31.0 
92.0 29.0 
82.0 32.0 
68.0 167.0 
68.0 167.0 
68.0 167.0 
73.0 44.0 
78.0 34.0 
73.0 44.0 
78.0 34.0 
78.0 34.0 
78.0 34.0 
74.0 40.0 
71.0 78.0 
69.0 92.0 
90.0 31.0 
92.0 30.0 
89.0 32.0 
73.0 45.0 
81.0 34.0 
78.0 39.0 
78.0 39.0 
81.0 34.0 
78.0 39.0 
78.0 39.0 
80.0 36.0 
72.0 84.0 
69.0 93.0 
94.0 30.0 
92.0 31.0 
90.0 33.0 
75.0 50.0 
75.0 50.0 
73.0 59.0 
77.0 45.0 
75.0 50.0 
77.0 45.0 
76.0 48.0 
88.0 34.0 
88.0 34.0 
85.0 35.0 
88.0 34.0 
78.0 40.0 
82.0 36.0 
71.0 95.0 
71.0 95.0 
69.0 97.0 
94.0 32.0 
94.0 32.0 
94.0 32.0 
94.0 32.0 
73.0 62.0 
75.0 58.0 
76.0 49.0 
86.0 35.0 
90.0 34.0 
90.0 34.0 
90.0 34.0 
78.0 41.0 
78.0 41.0 
78.0 41.0 
80.0 40.0 
78.0 41.0 
78.0 41.0 
78.0 41.0 
83.0 36.0 
82.0 37.0 
83.0 36.0 
69.0 102.0 
71.0 97.0 
100.0 32.0 
91.0 34.0 
91.0 34.0 
69.0 150.0 
71.0 99.0 
73.0 66.0 
79.0 41.0 
86.0 38.0 
89.0 36.0 
78.0 42.0 
86.0 38.0 
75.0 61.0 
76.0 53.0 
76.0 53.0 
75.0 61.0 
75.0 61.0 
75.0 61.0 
75.0 61.0 
75.0 61.0 
75.0 61.0 
75.0 61.0 
