90.0 38.0 
75.0 61.0 
78.0 41.0 
69.0 93.0 
87.0 39.0 
75.0 61.0 
84.0 44.0 
78.0 49.0 
69.0 170.0 
72.0 164.0 
73.0 93.0 
69.0 170.0 
88.0 40.0 
75.0 85.0 
76.0 71.0 
76.0 71.0 
85.0 45.0 
84.0 46.0 
81.0 51.0 
78.0 53.0 
73.0 101.0 
71.0 176.0 
92.0 40.0 
90.0 41.0 
90.0 41.0 
92.0 40.0 
89.0 43.0 
76.0 81.0 
76.0 81.0 
76.0 81.0 
76.0 81.0 
76.0 81.0 
76.0 81.0 
77.0 77.0 
77.0 77.0 
76.0 81.0 
76.0 81.0 
85.0 48.0 
84.0 59.0 
81.0 63.0 
81.0 63.0 
78.0 71.0 
82.0 61.0 
79.0 65.0 
74.0 172.0 
73.0 191.0 
72.0 197.0 
73.0 191.0 
90.0 42.0 
90.0 42.0 
90.0 42.0 
90.0 42.0 
90.0 42.0 
90.0 42.0 
90.0 42.0 
92.0 41.0 
92.0 41.0 
92.0 41.0 
92.0 41.0 
92.0 41.0 
94.0 40.0 
92.0 41.0 
92.0 41.0 
92.0 41.0 
76.0 84.0 
76.0 84.0 
76.0 84.0 
86.0 53.0 
86.0 53.0 
88.0 52.0 
86.0 53.0 
81.0 64.0 
82.0 62.0 
79.0 68.0 
90.0 43.0 
90.0 43.0 
92.0 42.0 
76.0 87.0 
76.0 87.0 
92.0 43.0 
92.0 43.0 
77.0 90.0 
81.0 66.0 
86.0 55.0 
80.0 84.0 
87.0 54.0 
90.0 44.0 
81.0 66.0 
90.0 44.0 
79.0 85.0 
79.0 85.0 
79.0 85.0 
90.0 44.0 
90.0 44.0 
90.0 44.0 
90.0 44.0 
90.0 44.0 
90.0 44.0 
90.0 44.0 
90.0 44.0 
