291.0 192.0 
1400.0 116.0 
572.0 156.0 
633.0 150.0 
1400.0 116.0 
418.0 161.0 
760.0 142.0 
291.0 192.0 
291.0 192.0 
291.0 192.0 
687.0 147.0 
1402.0 115.0 
644.0 149.0 
418.0 161.0 
1677.0 104.0 
760.0 142.0 
307.0 191.0 
291.0 192.0 
920.0 128.0 
339.0 176.0 
332.0 177.0 
354.0 172.0 
1402.0 115.0 
1441.0 113.0 
339.0 176.0 
1639.0 106.0 
681.0 148.0 
314.0 187.0 
1181.0 122.0 
817.0 138.0 
291.0 192.0 
1677.0 104.0 
1441.0 113.0 
696.0 146.0 
914.0 129.0 
718.0 144.0 
354.0 172.0 
1208.0 120.0 
817.0 138.0 
381.0 162.0 
914.0 129.0 
332.0 177.0 
633.0 150.0 
1145.0 124.0 
291.0 192.0 
1441.0 113.0 
1441.0 113.0 
1677.0 104.0 
1677.0 104.0 
1402.0 115.0 
418.0 161.0 
718.0 144.0 
513.0 160.0 
887.0 134.0 
1639.0 106.0 
381.0 162.0 
687.0 147.0 
314.0 187.0 
1482.0 111.0 
1267.0 118.0 
944.0 127.0 
596.0 151.0 
522.0 158.0 
1235.0 119.0 
1208.0 120.0 
318.0 182.0 
314.0 187.0 
339.0 176.0 
332.0 177.0 
545.0 157.0 
701.0 145.0 
364.0 164.0 
892.0 133.0 
681.0 148.0 
1640.0 105.0 
1235.0 119.0 
1181.0 122.0 
1400.0 116.0 
1145.0 124.0 
914.0 129.0 
1631.0 107.0 
887.0 134.0 
340.0 175.0 
1289.0 117.0 
418.0 161.0 
1208.0 120.0 
418.0 161.0 
860.0 135.0 
1235.0 119.0 
522.0 158.0 
644.0 149.0 
914.0 129.0 
760.0 142.0 
280.0 193.0 
291.0 192.0 
1145.0 124.0 
681.0 148.0 
914.0 129.0 
780.0 139.0 
1677.0 105.0 
