205.0 99.0 
217.0 77.0 
210.0 85.0 
209.0 118.0 
219.0 81.0 
219.0 81.0 
218.0 94.0 
210.0 99.0 
221.0 81.0 
219.0 94.0 
215.0 100.0 
217.0 99.0 
217.0 99.0 
263.0 83.0 
224.0 86.0 
223.0 89.0 
220.0 97.0 
215.0 101.0 
215.0 101.0 
228.0 86.0 
224.0 87.0 
223.0 90.0 
222.0 98.0 
219.0 102.0 
217.0 110.0 
225.0 87.0 
224.0 91.0 
224.0 91.0 
223.0 97.0 
224.0 91.0 
221.0 108.0 
221.0 108.0 
222.0 106.0 
219.0 120.0 
225.0 88.0 
249.0 87.0 
224.0 98.0 
221.0 111.0 
230.0 88.0 
225.0 95.0 
226.0 91.0 
224.0 102.0 
232.0 90.0 
239.0 89.0 
239.0 89.0 
225.0 97.0 
226.0 94.0 
224.0 107.0 
237.0 93.0 
242.0 89.0 
239.0 90.0 
225.0 99.0 
225.0 99.0 
226.0 95.0 
227.0 94.0 
224.0 109.0 
247.0 89.0 
247.0 89.0 
241.0 91.0 
239.0 93.0 
244.0 90.0 
225.0 100.0 
226.0 96.0 
231.0 94.0 
224.0 116.0 
224.0 116.0 
249.0 89.0 
246.0 90.0 
225.0 102.0 
226.0 98.0 
238.0 97.0 
244.0 96.0 
244.0 96.0 
250.0 89.0 
246.0 91.0 
249.0 90.0 
249.0 90.0 
225.0 118.0 
227.0 99.0 
227.0 99.0 
226.0 104.0 
230.0 98.0 
227.0 99.0 
245.0 96.0 
245.0 96.0 
277.0 90.0 
249.0 91.0 
231.0 99.0 
231.0 99.0 
228.0 100.0 
227.0 102.0 
245.0 97.0 
250.0 92.0 
252.0 91.0 
229.0 100.0 
229.0 100.0 
227.0 104.0 
245.0 98.0 
265.0 91.0 
227.0 110.0 
