100.0 35.0 
100.0 35.0 
82.0 38.0 
83.0 37.0 
100.0 35.0 
77.0 39.0 
88.0 37.0 
103.0 36.0 
103.0 36.0 
103.0 36.0 
104.0 35.0 
83.0 40.0 
80.0 46.0 
88.0 39.0 
89.0 38.0 
88.0 39.0 
107.0 36.0 
86.0 40.0 
81.0 47.0 
98.0 38.0 
98.0 38.0 
89.0 39.0 
109.0 36.0 
87.0 40.0 
82.0 60.0 
82.0 60.0 
84.0 48.0 
99.0 38.0 
99.0 38.0 
99.0 38.0 
92.0 39.0 
91.0 41.0 
89.0 44.0 
91.0 41.0 
87.0 45.0 
82.0 65.0 
82.0 65.0 
84.0 54.0 
94.0 39.0 
94.0 39.0 
93.0 40.0 
90.0 44.0 
90.0 44.0 
90.0 44.0 
91.0 42.0 
87.0 46.0 
83.0 71.0 
86.0 54.0 
86.0 54.0 
86.0 54.0 
86.0 54.0 
86.0 54.0 
85.0 64.0 
85.0 64.0 
84.0 65.0 
86.0 54.0 
86.0 54.0 
84.0 65.0 
84.0 65.0 
84.0 65.0 
95.0 39.0 
95.0 39.0 
95.0 39.0 
93.0 41.0 
93.0 41.0 
91.0 43.0 
87.0 47.0 
87.0 47.0 
87.0 47.0 
89.0 46.0 
84.0 67.0 
84.0 67.0 
84.0 67.0 
84.0 67.0 
85.0 66.0 
95.0 40.0 
95.0 40.0 
104.0 39.0 
95.0 40.0 
95.0 40.0 
92.0 44.0 
87.0 49.0 
89.0 47.0 
85.0 67.0 
96.0 40.0 
94.0 45.0 
93.0 46.0 
93.0 46.0 
93.0 46.0 
88.0 50.0 
87.0 58.0 
91.0 49.0 
85.0 68.0 
85.0 68.0 
85.0 68.0 
99.0 40.0 
99.0 40.0 
85.0 69.0 
87.0 63.0 
90.0 50.0 
