12.0 17.0 
12.0 17.0 
14.0 8.0 
12.0 23.0 
14.0 9.0 
15.0 8.0 
13.0 24.0 
14.0 13.0 
14.0 13.0 
14.0 13.0 
18.0 12.0 
20.0 10.0 
37.0 8.0 
13.0 25.0 
13.0 25.0 
15.0 14.0 
14.0 16.0 
16.0 13.0 
15.0 14.0 
21.0 10.0 
21.0 10.0 
43.0 9.0 
14.0 18.0 
18.0 15.0 
16.0 16.0 
16.0 16.0 
18.0 15.0 
22.0 14.0 
22.0 14.0 
25.0 10.0 
22.0 14.0 
22.0 14.0 
14.0 22.0 
16.0 17.0 
20.0 15.0 
18.0 16.0 
20.0 15.0 
31.0 10.0 
27.0 11.0 
27.0 11.0 
31.0 10.0 
25.0 12.0 
14.0 24.0 
16.0 18.0 
16.0 18.0 
16.0 18.0 
16.0 18.0 
19.0 16.0 
30.0 11.0 
30.0 11.0 
39.0 10.0 
28.0 12.0 
28.0 12.0 
25.0 14.0 
14.0 25.0 
17.0 18.0 
16.0 19.0 
22.0 16.0 
31.0 11.0 
31.0 11.0 
31.0 11.0 
25.0 15.0 
30.0 14.0 
30.0 14.0 
30.0 14.0 
14.0 26.0 
14.0 26.0 
14.0 26.0 
14.0 26.0 
21.0 18.0 
16.0 22.0 
16.0 22.0 
17.0 19.0 
23.0 17.0 
23.0 17.0 
32.0 11.0 
32.0 11.0 
26.0 15.0 
26.0 15.0 
26.0 15.0 
26.0 15.0 
31.0 14.0 
15.0 26.0 
15.0 26.0 
14.0 27.0 
15.0 26.0 
17.0 20.0 
18.0 19.0 
25.0 18.0 
32.0 12.0 
39.0 11.0 
28.0 15.0 
26.0 16.0 
26.0 16.0 
26.0 16.0 
26.0 16.0 
14.0 28.0 
62.0 11.0 
33.0 12.0 
16.0 26.0 
