2221.0 561.0 
2106.0 572.0 
2083.0 589.0 
2097.0 578.0 
2239.0 558.0 
1912.0 630.0 
2087.0 582.0 
2058.0 591.0 
2221.0 561.0 
1975.0 595.0 
2168.0 564.0 
2239.0 558.0 
2334.0 556.0 
2106.0 572.0 
1945.0 624.0 
1915.0 667.0 
1929.0 639.0 
1915.0 667.0 
1930.0 631.0 
1930.0 631.0 
1934.0 630.0 
1929.0 639.0 
1916.0 660.0 
1934.0 630.0 
2103.0 586.0 
2103.0 586.0 
2091.0 591.0 
1981.0 602.0 
2027.0 597.0 
1975.0 603.0 
1981.0 602.0 
2027.0 597.0 
1985.0 598.0 
2071.0 595.0 
2222.0 564.0 
2222.0 564.0 
2222.0 564.0 
2189.0 570.0 
2264.0 561.0 
2249.0 562.0 
2155.0 572.0 
2115.0 573.0 
1954.0 629.0 
1954.0 629.0 
1931.0 636.0 
1922.0 661.0 
1921.0 680.0 
1940.0 635.0 
1944.0 634.0 
1940.0 635.0 
1944.0 634.0 
2114.0 588.0 
2095.0 594.0 
2098.0 592.0 
1980.0 608.0 
1981.0 606.0 
1981.0 606.0 
1987.0 601.0 
1988.0 599.0 
2047.0 598.0 
2229.0 567.0 
2243.0 565.0 
2222.0 569.0 
2243.0 565.0 
2202.0 570.0 
2252.0 564.0 
2183.0 572.0 
2135.0 577.0 
2179.0 574.0 
2135.0 577.0 
2118.0 584.0 
2134.0 582.0 
1958.0 630.0 
1979.0 629.0 
1921.0 681.0 
2269.0 564.0 
1931.0 663.0 
1948.0 635.0 
1987.0 613.0 
2141.0 577.0 
2185.0 573.0 
2048.0 599.0 
2027.0 602.0 
2098.0 596.0 
1993.0 609.0 
1933.0 642.0 
2221.0 571.0 
2120.0 585.0 
2235.0 567.0 
1936.0 637.0 
2102.0 592.0 
2258.0 565.0 
2232.0 568.0 
2117.0 588.0 
2258.0 565.0 
2102.0 592.0 
2117.0 588.0 
1935.0 640.0 
1933.0 642.0 
1935.0 640.0 
