647.0 165.0 
647.0 165.0 
1188.0 140.0 
1597.0 124.0 
627.0 166.0 
1188.0 140.0 
396.0 182.0 
725.0 158.0 
593.0 169.0 
555.0 170.0 
1659.0 122.0 
943.0 148.0 
699.0 161.0 
1482.0 129.0 
1362.0 134.0 
413.0 180.0 
1426.0 131.0 
771.0 156.0 
647.0 165.0 
1408.0 132.0 
943.0 148.0 
1032.0 146.0 
1659.0 122.0 
1725.0 119.0 
725.0 158.0 
796.0 154.0 
1389.0 133.0 
1725.0 119.0 
413.0 180.0 
599.0 168.0 
1095.0 143.0 
1539.0 125.0 
849.0 153.0 
535.0 171.0 
593.0 169.0 
1502.0 126.0 
729.0 157.0 
625.0 167.0 
1224.0 138.0 
994.0 147.0 
694.0 162.0 
1725.0 119.0 
413.0 180.0 
1620.0 123.0 
1362.0 134.0 
1659.0 122.0 
280.0 189.0 
790.0 155.0 
355.0 183.0 
281.0 187.0 
555.0 170.0 
1725.0 119.0 
535.0 171.0 
1539.0 125.0 
1095.0 143.0 
455.0 177.0 
1095.0 143.0 
1597.0 124.0 
729.0 157.0 
1461.0 130.0 
1659.0 122.0 
1112.0 142.0 
1329.0 135.0 
1224.0 138.0 
684.0 164.0 
599.0 168.0 
1032.0 146.0 
1725.0 119.0 
1281.0 137.0 
464.0 175.0 
895.0 149.0 
729.0 157.0 
625.0 167.0 
468.0 174.0 
855.0 151.0 
703.0 160.0 
1726.0 118.0 
413.0 180.0 
348.0 184.0 
396.0 182.0 
281.0 191.0 
281.0 191.0 
1725.0 120.0 
540.0 171.0 
1432.0 135.0 
1502.0 127.0 
416.0 180.0 
603.0 168.0 
354.0 184.0 
921.0 149.0 
1251.0 138.0 
1115.0 142.0 
1095.0 144.0 
466.0 178.0 
1675.0 122.0 
1043.0 146.0 
1462.0 130.0 
1637.0 123.0 
1597.0 125.0 
694.0 163.0 
