2872.0 951.0 
3241.0 862.0 
2898.0 885.0 
2795.0 1008.0 
3508.0 859.0 
3179.0 865.0 
3361.0 861.0 
2974.0 909.0 
2931.0 920.0 
2956.0 916.0 
2910.0 951.0 
3064.0 902.0 
2927.0 943.0 
3158.0 888.0 
3235.0 870.0 
3808.0 862.0 
3793.0 866.0 
3597.0 869.0 
2954.0 928.0 
2910.0 997.0 
3141.0 925.0 
2940.0 951.0 
2940.0 951.0 
2940.0 951.0 
2938.0 994.0 
3220.0 919.0 
3528.0 884.0 
3285.0 885.0 
3628.0 869.0 
2956.0 941.0 
2976.0 930.0 
2961.0 932.0 
3037.0 928.0 
2936.0 1013.0 
2941.0 971.0 
3370.0 906.0 
3370.0 906.0 
3330.0 912.0 
3631.0 873.0 
3631.0 873.0 
2958.0 947.0 
3018.0 942.0 
3136.0 931.0 
3040.0 934.0 
3089.0 933.0 
2954.0 979.0 
3461.0 911.0 
3332.0 923.0 
3651.0 878.0 
3682.0 873.0 
3676.0 877.0 
3636.0 896.0 
3636.0 896.0 
2969.0 967.0 
2969.0 967.0 
2968.0 968.0 
3008.0 961.0 
2969.0 967.0 
3006.0 966.0 
3048.0 949.0 
3096.0 945.0 
3166.0 937.0 
2959.0 987.0 
3476.0 918.0 
3451.0 926.0 
3423.0 934.0 
3372.0 935.0 
3664.0 887.0 
3711.0 874.0 
3677.0 881.0 
3688.0 877.0 
2982.0 986.0 
3092.0 949.0 
3064.0 956.0 
3105.0 945.0 
3255.0 939.0 
3255.0 939.0 
2979.0 991.0 
3567.0 920.0 
3542.0 930.0 
3428.0 935.0 
3676.0 896.0 
3676.0 896.0 
3676.0 896.0 
3687.0 888.0 
3699.0 882.0 
2980.0 991.0 
3976.0 882.0 
3607.0 920.0 
3700.0 887.0 
3069.0 973.0 
3581.0 927.0 
3783.0 884.0 
3444.0 936.0 
3339.0 944.0 
2987.0 987.0 
3189.0 946.0 
3400.0 940.0 
3081.0 957.0 
3135.0 948.0 
