1731.0 109.0 
303.0 190.0 
498.0 169.0 
1035.0 135.0 
426.0 172.0 
1467.0 119.0 
343.0 182.0 
1251.0 127.0 
364.0 177.0 
1655.0 114.0 
1569.0 115.0 
1197.0 130.0 
1132.0 131.0 
1374.0 121.0 
551.0 162.0 
413.0 174.0 
1113.0 134.0 
614.0 159.0 
498.0 169.0 
692.0 155.0 
1359.0 123.0 
984.0 137.0 
1488.0 118.0 
801.0 147.0 
846.0 145.0 
1706.0 111.0 
984.0 137.0 
664.0 157.0 
1656.0 112.0 
812.0 146.0 
923.0 139.0 
919.0 140.0 
865.0 142.0 
551.0 162.0 
1230.0 129.0 
1301.0 125.0 
600.0 160.0 
554.0 161.0 
1301.0 125.0 
664.0 157.0 
713.0 154.0 
324.0 185.0 
1524.0 117.0 
378.0 176.0 
326.0 183.0 
865.0 142.0 
849.0 143.0 
774.0 149.0 
1374.0 121.0 
378.0 176.0 
1329.0 124.0 
1329.0 124.0 
1551.0 116.0 
774.0 149.0 
1524.0 117.0 
310.0 189.0 
318.0 186.0 
741.0 152.0 
719.0 153.0 
1117.0 133.0 
923.0 139.0 
919.0 140.0 
1230.0 129.0 
1710.0 110.0 
317.0 187.0 
1551.0 116.0 
759.0 150.0 
1117.0 133.0 
600.0 160.0 
759.0 150.0 
747.0 151.0 
310.0 189.0 
317.0 187.0 
747.0 151.0 
719.0 153.0 
741.0 152.0 
1710.0 110.0 
554.0 161.0 
849.0 143.0 
326.0 183.0 
1656.0 112.0 
1230.0 129.0 
554.0 161.0 
310.0 189.0 
554.0 161.0 
310.0 189.0 
1374.0 121.0 
774.0 149.0 
1710.0 110.0 
1710.0 110.0 
865.0 142.0 
326.0 183.0 
747.0 151.0 
774.0 149.0 
719.0 153.0 
865.0 142.0 
1301.0 125.0 
774.0 149.0 
919.0 140.0 
1374.0 121.0 
