76.0 28.0 
93.0 26.0 
80.0 29.0 
76.0 32.0 
98.0 29.0 
84.0 30.0 
104.0 29.0 
85.0 34.0 
85.0 34.0 
87.0 30.0 
84.0 41.0 
86.0 39.0 
87.0 34.0 
92.0 30.0 
86.0 40.0 
87.0 37.0 
88.0 34.0 
105.0 31.0 
93.0 33.0 
95.0 32.0 
90.0 35.0 
90.0 35.0 
125.0 31.0 
94.0 33.0 
91.0 48.0 
92.0 40.0 
126.0 32.0 
95.0 34.0 
95.0 34.0 
110.0 34.0 
110.0 34.0 
110.0 34.0 
97.0 35.0 
110.0 34.0 
97.0 36.0 
110.0 35.0 
100.0 37.0 
98.0 40.0 
102.0 36.0 
97.0 41.0 
101.0 37.0 
101.0 37.0 
99.0 40.0 
126.0 36.0 
97.0 44.0 
101.0 38.0 
101.0 38.0 
103.0 37.0 
97.0 46.0 
102.0 38.0 
102.0 38.0 
105.0 37.0 
98.0 46.0 
97.0 49.0 
104.0 38.0 
102.0 39.0 
102.0 39.0 
113.0 37.0 
101.0 46.0 
98.0 48.0 
101.0 46.0 
106.0 38.0 
106.0 38.0 
105.0 41.0 
102.0 42.0 
115.0 37.0 
111.0 38.0 
106.0 39.0 
106.0 39.0 
106.0 39.0 
105.0 42.0 
103.0 48.0 
103.0 48.0 
104.0 43.0 
125.0 37.0 
117.0 38.0 
106.0 40.0 
109.0 39.0 
106.0 40.0 
104.0 48.0 
104.0 48.0 
130.0 37.0 
110.0 39.0 
107.0 41.0 
134.0 38.0 
114.0 39.0 
111.0 40.0 
107.0 46.0 
109.0 41.0 
109.0 41.0 
137.0 38.0 
119.0 39.0 
107.0 49.0 
107.0 49.0 
115.0 40.0 
110.0 42.0 
108.0 47.0 
109.0 43.0 
108.0 47.0 
109.0 43.0 
