350.0 128.0 
291.0 140.0 
371.0 137.0 
417.0 128.0 
379.0 131.0 
303.0 157.0 
303.0 157.0 
318.0 144.0 
315.0 154.0 
303.0 157.0 
303.0 157.0 
303.0 157.0 
303.0 157.0 
303.0 157.0 
381.0 133.0 
331.0 145.0 
331.0 145.0 
331.0 145.0 
317.0 167.0 
410.0 134.0 
340.0 153.0 
384.0 150.0 
382.0 151.0 
382.0 151.0 
396.0 148.0 
325.0 187.0 
328.0 170.0 
321.0 189.0 
429.0 142.0 
342.0 155.0 
355.0 154.0 
424.0 149.0 
424.0 149.0 
424.0 149.0 
401.0 151.0 
401.0 151.0 
330.0 176.0 
343.0 169.0 
344.0 164.0 
370.0 155.0 
370.0 155.0 
370.0 155.0 
370.0 155.0 
387.0 154.0 
358.0 156.0 
401.0 152.0 
401.0 152.0 
341.0 182.0 
341.0 182.0 
340.0 184.0 
344.0 170.0 
347.0 169.0 
393.0 154.0 
376.0 158.0 
374.0 160.0 
360.0 163.0 
424.0 153.0 
358.0 169.0 
355.0 171.0 
354.0 202.0 
388.0 158.0 
384.0 160.0 
360.0 168.0 
369.0 164.0 
367.0 166.0 
428.0 155.0 
437.0 154.0 
358.0 188.0 
357.0 208.0 
396.0 159.0 
396.0 159.0 
374.0 164.0 
372.0 172.0 
368.0 186.0 
368.0 186.0 
529.0 154.0 
359.0 192.0 
359.0 192.0 
359.0 192.0 
358.0 230.0 
358.0 230.0 
405.0 159.0 
405.0 159.0 
376.0 164.0 
373.0 176.0 
370.0 189.0 
363.0 205.0 
368.0 200.0 
360.0 210.0 
405.0 161.0 
418.0 160.0 
381.0 171.0 
381.0 171.0 
388.0 166.0 
389.0 165.0 
377.0 184.0 
379.0 178.0 
371.0 196.0 
374.0 191.0 
370.0 197.0 
