69.0 49.0 
66.0 51.0 
63.0 55.0 
75.0 37.0 
74.0 49.0 
70.0 50.0 
70.0 50.0 
63.0 65.0 
66.0 55.0 
66.0 55.0 
66.0 55.0 
63.0 65.0 
75.0 38.0 
67.0 61.0 
69.0 55.0 
66.0 69.0 
64.0 81.0 
80.0 41.0 
83.0 39.0 
76.0 46.0 
86.0 38.0 
68.0 68.0 
71.0 56.0 
67.0 71.0 
64.0 87.0 
81.0 45.0 
85.0 40.0 
85.0 40.0 
77.0 55.0 
78.0 46.0 
72.0 57.0 
73.0 56.0 
68.0 71.0 
67.0 84.0 
68.0 71.0 
68.0 71.0 
64.0 99.0 
64.0 99.0 
64.0 99.0 
64.0 99.0 
64.0 99.0 
91.0 40.0 
87.0 41.0 
87.0 41.0 
91.0 40.0 
87.0 41.0 
81.0 48.0 
82.0 46.0 
72.0 68.0 
78.0 56.0 
74.0 58.0 
74.0 58.0 
78.0 56.0 
67.0 85.0 
67.0 85.0 
68.0 72.0 
64.0 104.0 
91.0 42.0 
97.0 41.0 
89.0 43.0 
81.0 50.0 
82.0 47.0 
87.0 46.0 
82.0 47.0 
77.0 60.0 
75.0 65.0 
77.0 60.0 
78.0 57.0 
68.0 92.0 
69.0 72.0 
69.0 72.0 
64.0 105.0 
104.0 41.0 
102.0 42.0 
90.0 43.0 
84.0 47.0 
82.0 49.0 
76.0 71.0 
77.0 66.0 
78.0 58.0 
69.0 74.0 
69.0 74.0 
69.0 74.0 
70.0 72.0 
64.0 106.0 
64.0 106.0 
103.0 42.0 
90.0 44.0 
91.0 43.0 
87.0 48.0 
87.0 48.0 
83.0 51.0 
84.0 50.0 
82.0 57.0 
64.0 108.0 
64.0 108.0 
104.0 42.0 
72.0 72.0 
78.0 65.0 
71.0 94.0 
