126.0 31.0 
66.0 48.0 
126.0 31.0 
62.0 49.0 
49.0 58.0 
124.0 32.0 
81.0 40.0 
69.0 46.0 
66.0 48.0 
62.0 49.0 
54.0 52.0 
126.0 31.0 
54.0 52.0 
126.0 31.0 
124.0 32.0 
49.0 58.0 
49.0 58.0 
54.0 52.0 
86.0 38.0 
79.0 41.0 
75.0 43.0 
50.0 56.0 
78.0 42.0 
62.0 49.0 
48.0 60.0 
68.0 47.0 
95.0 36.0 
73.0 44.0 
49.0 58.0 
56.0 50.0 
95.0 36.0 
124.0 32.0 
49.0 58.0 
66.0 48.0 
79.0 41.0 
56.0 50.0 
124.0 32.0 
52.0 53.0 
81.0 40.0 
99.0 34.0 
82.0 39.0 
88.0 37.0 
62.0 49.0 
54.0 52.0 
95.0 36.0 
48.0 60.0 
123.0 33.0 
127.0 31.0 
127.0 31.0 
48.0 62.0 
48.0 62.0 
125.0 33.0 
103.0 34.0 
68.0 48.0 
57.0 50.0 
50.0 57.0 
76.0 43.0 
83.0 39.0 
70.0 46.0 
52.0 54.0 
56.0 52.0 
49.0 60.0 
90.0 37.0 
63.0 49.0 
96.0 36.0 
63.0 49.0 
70.0 46.0 
74.0 44.0 
87.0 38.0 
74.0 44.0 
80.0 42.0 
100.0 35.0 
96.0 36.0 
51.0 56.0 
52.0 54.0 
56.0 52.0 
49.0 60.0 
87.0 38.0 
103.0 34.0 
100.0 35.0 
90.0 37.0 
51.0 56.0 
80.0 42.0 
81.0 41.0 
81.0 41.0 
82.0 40.0 
82.0 40.0 
70.0 46.0 
70.0 46.0 
74.0 44.0 
52.0 54.0 
52.0 54.0 
103.0 34.0 
103.0 34.0 
103.0 34.0 
103.0 34.0 
103.0 34.0 
103.0 34.0 
103.0 34.0 
103.0 34.0 
