1826.0 472.0 
1564.0 541.0 
1826.0 472.0 
1564.0 541.0 
1640.0 510.0 
1773.0 479.0 
1600.0 532.0 
1651.0 505.0 
1639.0 518.0 
1794.0 476.0 
1705.0 501.0 
1794.0 476.0 
1576.0 539.0 
1663.0 503.0 
1604.0 525.0 
1759.0 486.0 
1729.0 492.0 
1688.0 502.0 
1723.0 495.0 
1738.0 491.0 
1759.0 486.0 
1610.0 521.0 
1595.0 536.0 
1738.0 491.0 
1622.0 519.0 
1768.0 483.0 
1710.0 497.0 
1688.0 502.0 
1604.0 525.0 
1584.0 537.0 
1768.0 483.0 
1663.0 503.0 
1622.0 519.0 
1610.0 521.0 
1584.0 537.0 
1716.0 496.0 
1716.0 496.0 
1710.0 497.0 
1595.0 536.0 
1639.0 518.0 
1564.0 541.0 
1826.0 472.0 
1794.0 476.0 
1759.0 486.0 
1688.0 502.0 
1584.0 537.0 
1768.0 483.0 
1716.0 496.0 
1604.0 525.0 
1622.0 519.0 
1663.0 503.0 
1639.0 518.0 
1610.0 521.0 
1826.0 472.0 
1688.0 502.0 
1759.0 486.0 
1584.0 537.0 
1716.0 496.0 
1768.0 483.0 
1622.0 519.0 
1639.0 518.0 
1610.0 521.0 
1716.0 496.0 
1768.0 483.0 
1622.0 519.0 
1639.0 518.0 
1584.0 537.0 
1639.0 518.0 
1639.0 518.0 
1639.0 518.0 
1639.0 518.0 
1584.0 537.0 
1584.0 537.0 
1584.0 537.0 
1768.0 483.0 
1639.0 518.0 
1768.0 483.0 
1639.0 518.0 
1584.0 537.0 
1584.0 537.0 
1584.0 537.0 
1716.0 496.0 
1584.0 537.0 
1584.0 537.0 
1584.0 537.0 
1639.0 518.0 
1584.0 537.0 
1639.0 518.0 
1768.0 483.0 
1639.0 518.0 
1716.0 496.0 
1584.0 537.0 
1584.0 537.0 
1639.0 518.0 
1639.0 518.0 
1584.0 537.0 
1584.0 537.0 
1768.0 483.0 
1639.0 518.0 
1639.0 518.0 
