241.0 87.0 
237.0 94.0 
245.0 81.0 
225.0 96.0 
331.0 76.0 
242.0 93.0 
240.0 95.0 
240.0 95.0 
247.0 84.0 
247.0 84.0 
270.0 81.0 
252.0 83.0 
225.0 110.0 
229.0 98.0 
246.0 94.0 
241.0 96.0 
247.0 93.0 
248.0 92.0 
250.0 91.0 
296.0 81.0 
254.0 83.0 
252.0 84.0 
239.0 102.0 
235.0 103.0 
231.0 125.0 
241.0 100.0 
241.0 100.0 
241.0 100.0 
245.0 99.0 
241.0 100.0 
241.0 100.0 
241.0 100.0 
247.0 94.0 
291.0 83.0 
291.0 83.0 
252.0 92.0 
253.0 85.0 
257.0 84.0 
235.0 122.0 
235.0 122.0 
237.0 112.0 
242.0 102.0 
243.0 101.0 
247.0 98.0 
248.0 96.0 
252.0 93.0 
256.0 86.0 
255.0 87.0 
254.0 88.0 
270.0 85.0 
274.0 84.0 
236.0 125.0 
240.0 115.0 
241.0 114.0 
245.0 103.0 
247.0 102.0 
253.0 93.0 
253.0 93.0 
262.0 86.0 
258.0 88.0 
255.0 90.0 
258.0 88.0 
258.0 88.0 
301.0 84.0 
288.0 85.0 
242.0 115.0 
241.0 130.0 
245.0 112.0 
246.0 105.0 
247.0 104.0 
252.0 103.0 
253.0 97.0 
274.0 86.0 
267.0 87.0 
274.0 86.0 
255.0 96.0 
258.0 91.0 
261.0 88.0 
242.0 116.0 
242.0 116.0 
242.0 116.0 
246.0 109.0 
248.0 105.0 
249.0 104.0 
254.0 99.0 
291.0 86.0 
280.0 87.0 
256.0 96.0 
259.0 93.0 
263.0 90.0 
265.0 88.0 
243.0 118.0 
245.0 116.0 
245.0 116.0 
303.0 87.0 
243.0 121.0 
289.0 88.0 
277.0 90.0 
254.0 104.0 
259.0 94.0 
