139.0 26.0 
127.0 31.0 
139.0 26.0 
127.0 31.0 
130.0 29.0 
130.0 29.0 
136.0 27.0 
133.0 28.0 
136.0 27.0 
133.0 28.0 
136.0 27.0 
130.0 29.0 
130.0 29.0 
136.0 27.0 
136.0 27.0 
127.0 31.0 
133.0 28.0 
133.0 28.0 
127.0 31.0 
139.0 26.0 
136.0 27.0 
136.0 27.0 
127.0 31.0 
127.0 31.0 
130.0 29.0 
136.0 27.0 
133.0 28.0 
139.0 26.0 
130.0 29.0 
136.0 27.0 
136.0 27.0 
127.0 31.0 
136.0 27.0 
130.0 29.0 
139.0 26.0 
133.0 28.0 
139.0 26.0 
136.0 27.0 
127.0 31.0 
127.0 31.0 
127.0 31.0 
127.0 31.0 
133.0 28.0 
127.0 31.0 
136.0 27.0 
130.0 29.0 
127.0 31.0 
127.0 31.0 
136.0 27.0 
139.0 26.0 
127.0 31.0 
127.0 31.0 
127.0 31.0 
127.0 31.0 
136.0 27.0 
136.0 27.0 
127.0 31.0 
130.0 29.0 
127.0 31.0 
136.0 27.0 
139.0 26.0 
127.0 31.0 
133.0 28.0 
130.0 29.0 
127.0 31.0 
127.0 31.0 
136.0 27.0 
127.0 31.0 
136.0 27.0 
127.0 31.0 
130.0 29.0 
130.0 29.0 
133.0 28.0 
127.0 31.0 
130.0 29.0 
130.0 29.0 
127.0 31.0 
136.0 27.0 
136.0 27.0 
127.0 31.0 
127.0 31.0 
136.0 27.0 
139.0 26.0 
139.0 26.0 
130.0 29.0 
139.0 26.0 
127.0 31.0 
127.0 31.0 
136.0 27.0 
127.0 31.0 
127.0 31.0 
127.0 31.0 
136.0 27.0 
133.0 28.0 
136.0 27.0 
133.0 28.0 
133.0 28.0 
139.0 26.0 
136.0 27.0 
136.0 27.0 
