1451.0 224.0 
424.0 321.0 
1174.0 238.0 
656.0 262.0 
721.0 254.0 
862.0 247.0 
1258.0 233.0 
1428.0 228.0 
641.0 273.0 
1703.0 204.0 
1482.0 214.0 
957.0 243.0 
445.0 289.0 
1916.0 190.0 
529.0 275.0 
427.0 322.0 
426.0 323.0 
1185.0 239.0 
1185.0 239.0 
673.0 271.0 
727.0 266.0 
799.0 259.0 
854.0 254.0 
1287.0 237.0 
1444.0 229.0 
1834.0 211.0 
1776.0 213.0 
1523.0 223.0 
1500.0 226.0 
1555.0 215.0 
1488.0 227.0 
1048.0 246.0 
1137.0 245.0 
984.0 247.0 
481.0 295.0 
464.0 304.0 
525.0 294.0 
454.0 311.0 
1930.0 200.0 
545.0 286.0 
551.0 283.0 
574.0 279.0 
429.0 324.0 
429.0 324.0 
1205.0 241.0 
1273.0 239.0 
1205.0 241.0 
726.0 278.0 
728.0 272.0 
729.0 266.0 
851.0 262.0 
851.0 262.0 
932.0 258.0 
1891.0 212.0 
1542.0 223.0 
1631.0 222.0 
1824.0 221.0 
1843.0 219.0 
1867.0 216.0 
1843.0 219.0 
1058.0 246.0 
1028.0 250.0 
1048.0 247.0 
487.0 300.0 
487.0 300.0 
473.0 307.0 
483.0 304.0 
1934.0 200.0 
1934.0 200.0 
546.0 299.0 
555.0 296.0 
559.0 286.0 
577.0 282.0 
577.0 282.0 
598.0 281.0 
704.0 279.0 
467.0 343.0 
1970.0 201.0 
480.0 316.0 
1384.0 239.0 
727.0 281.0 
1618.0 230.0 
1966.0 216.0 
1712.0 224.0 
1551.0 235.0 
825.0 266.0 
1289.0 240.0 
740.0 269.0 
1887.0 222.0 
1203.0 246.0 
1032.0 259.0 
917.0 263.0 
577.0 291.0 
941.0 261.0 
598.0 282.0 
1217.0 241.0 
566.0 298.0 
1110.0 248.0 
1054.0 252.0 
1896.0 217.0 
