113.0 59.0 
130.0 44.0 
127.0 45.0 
142.0 38.0 
117.0 48.0 
106.0 64.0 
142.0 38.0 
141.0 41.0 
121.0 47.0 
115.0 61.0 
133.0 44.0 
133.0 44.0 
130.0 45.0 
117.0 56.0 
111.0 69.0 
108.0 70.0 
107.0 84.0 
114.0 66.0 
148.0 41.0 
143.0 42.0 
148.0 41.0 
122.0 52.0 
122.0 52.0 
123.0 47.0 
122.0 52.0 
115.0 63.0 
131.0 45.0 
131.0 45.0 
117.0 57.0 
110.0 74.0 
110.0 74.0 
110.0 74.0 
112.0 71.0 
110.0 74.0 
109.0 86.0 
145.0 42.0 
143.0 44.0 
145.0 42.0 
143.0 44.0 
125.0 48.0 
125.0 48.0 
128.0 47.0 
132.0 45.0 
124.0 57.0 
120.0 58.0 
120.0 58.0 
117.0 61.0 
112.0 74.0 
112.0 74.0 
111.0 84.0 
110.0 87.0 
146.0 43.0 
148.0 42.0 
146.0 43.0 
148.0 42.0 
145.0 44.0 
145.0 44.0 
145.0 44.0 
126.0 48.0 
126.0 48.0 
126.0 48.0 
126.0 48.0 
125.0 55.0 
126.0 48.0 
130.0 47.0 
134.0 45.0 
123.0 59.0 
124.0 58.0 
117.0 64.0 
120.0 63.0 
121.0 61.0 
120.0 63.0 
115.0 77.0 
111.0 85.0 
111.0 85.0 
149.0 43.0 
149.0 43.0 
149.0 43.0 
149.0 43.0 
149.0 43.0 
146.0 44.0 
126.0 49.0 
129.0 48.0 
126.0 49.0 
126.0 49.0 
132.0 47.0 
112.0 90.0 
112.0 90.0 
150.0 43.0 
116.0 77.0 
134.0 46.0 
143.0 45.0 
126.0 50.0 
117.0 70.0 
115.0 87.0 
123.0 60.0 
120.0 65.0 
130.0 48.0 
130.0 48.0 
118.0 66.0 
