49.0 57.0 
54.0 52.0 
54.0 52.0 
49.0 57.0 
57.0 50.0 
57.0 50.0 
51.0 55.0 
117.0 27.0 
53.0 53.0 
47.0 59.0 
101.0 31.0 
74.0 44.0 
93.0 37.0 
64.0 49.0 
74.0 44.0 
57.0 50.0 
96.0 34.0 
49.0 57.0 
57.0 50.0 
117.0 27.0 
81.0 40.0 
47.0 59.0 
101.0 31.0 
54.0 52.0 
111.0 28.0 
49.0 57.0 
97.0 33.0 
47.0 59.0 
51.0 55.0 
47.0 59.0 
117.0 27.0 
117.0 27.0 
96.0 34.0 
82.0 38.0 
93.0 37.0 
56.0 51.0 
53.0 53.0 
93.0 37.0 
109.0 29.0 
53.0 53.0 
94.0 35.0 
47.0 59.0 
117.0 27.0 
74.0 44.0 
64.0 49.0 
81.0 40.0 
81.0 40.0 
53.0 53.0 
101.0 31.0 
111.0 28.0 
111.0 28.0 
117.0 27.0 
109.0 29.0 
96.0 34.0 
49.0 57.0 
51.0 55.0 
51.0 55.0 
93.0 37.0 
76.0 41.0 
93.0 37.0 
72.0 45.0 
65.0 46.0 
117.0 27.0 
101.0 31.0 
81.0 40.0 
47.0 59.0 
75.0 42.0 
54.0 52.0 
81.0 40.0 
127.0 27.0 
127.0 27.0 
47.0 60.0 
47.0 60.0 
113.0 28.0 
102.0 31.0 
88.0 38.0 
65.0 48.0 
55.0 53.0 
73.0 45.0 
67.0 46.0 
57.0 51.0 
58.0 50.0 
76.0 42.0 
94.0 36.0 
97.0 34.0 
53.0 54.0 
96.0 35.0 
97.0 34.0 
94.0 36.0 
65.0 48.0 
48.0 59.0 
84.0 39.0 
58.0 50.0 
75.0 43.0 
79.0 41.0 
79.0 41.0 
82.0 40.0 
84.0 39.0 
73.0 45.0 
67.0 46.0 
