12.0 9.0 
14.0 7.0 
24.0 6.0 
12.0 9.0 
16.0 7.0 
15.0 8.0 
15.0 8.0 
15.0 8.0 
16.0 7.0 
15.0 8.0 
26.0 6.0 
18.0 7.0 
18.0 7.0 
15.0 9.0 
15.0 9.0 
15.0 9.0 
16.0 8.0 
16.0 8.0 
19.0 7.0 
15.0 10.0 
15.0 10.0 
15.0 10.0 
15.0 10.0 
17.0 8.0 
17.0 8.0 
21.0 7.0 
15.0 11.0 
16.0 10.0 
15.0 11.0 
16.0 10.0 
15.0 11.0 
15.0 11.0 
17.0 9.0 
17.0 9.0 
17.0 9.0 
17.0 9.0 
17.0 9.0 
17.0 9.0 
21.0 8.0 
21.0 8.0 
22.0 7.0 
21.0 8.0 
15.0 12.0 
15.0 12.0 
18.0 9.0 
18.0 9.0 
18.0 9.0 
17.0 10.0 
17.0 10.0 
17.0 10.0 
17.0 10.0 
17.0 10.0 
17.0 10.0 
17.0 10.0 
17.0 10.0 
23.0 7.0 
23.0 7.0 
23.0 7.0 
22.0 8.0 
15.0 13.0 
16.0 12.0 
16.0 12.0 
15.0 13.0 
19.0 9.0 
19.0 9.0 
17.0 11.0 
18.0 10.0 
17.0 11.0 
18.0 10.0 
17.0 11.0 
18.0 10.0 
18.0 10.0 
26.0 7.0 
23.0 8.0 
23.0 8.0 
23.0 8.0 
23.0 8.0 
23.0 8.0 
23.0 8.0 
15.0 19.0 
16.0 13.0 
16.0 13.0 
16.0 13.0 
21.0 9.0 
17.0 12.0 
20.0 10.0 
18.0 11.0 
18.0 11.0 
18.0 11.0 
18.0 11.0 
20.0 10.0 
18.0 11.0 
18.0 11.0 
30.0 7.0 
16.0 14.0 
16.0 14.0 
24.0 8.0 
18.0 12.0 
23.0 10.0 
19.0 11.0 
