69.0 30.0 
69.0 30.0 
69.0 30.0 
69.0 30.0 
80.0 26.0 
69.0 30.0 
69.0 30.0 
69.0 30.0 
82.0 26.0 
80.0 28.0 
82.0 26.0 
70.0 30.0 
70.0 30.0 
70.0 30.0 
70.0 30.0 
70.0 30.0 
70.0 30.0 
70.0 30.0 
70.0 30.0 
70.0 30.0 
70.0 30.0 
70.0 30.0 
70.0 30.0 
70.0 30.0 
70.0 30.0 
70.0 30.0 
70.0 30.0 
70.0 30.0 
70.0 30.0 
70.0 30.0 
70.0 30.0 
70.0 30.0 
70.0 30.0 
70.0 30.0 
70.0 30.0 
70.0 30.0 
70.0 30.0 
70.0 30.0 
70.0 30.0 
70.0 30.0 
70.0 30.0 
70.0 30.0 
70.0 30.0 
70.0 30.0 
70.0 30.0 
70.0 30.0 
70.0 30.0 
70.0 30.0 
70.0 30.0 
70.0 30.0 
70.0 30.0 
70.0 30.0 
70.0 30.0 
70.0 30.0 
70.0 30.0 
70.0 30.0 
70.0 30.0 
70.0 30.0 
70.0 30.0 
70.0 30.0 
70.0 30.0 
70.0 30.0 
70.0 30.0 
70.0 30.0 
70.0 30.0 
70.0 30.0 
70.0 30.0 
70.0 30.0 
70.0 30.0 
70.0 30.0 
70.0 30.0 
70.0 30.0 
70.0 30.0 
70.0 30.0 
70.0 30.0 
70.0 30.0 
70.0 30.0 
70.0 30.0 
70.0 30.0 
70.0 30.0 
70.0 30.0 
70.0 30.0 
70.0 30.0 
70.0 30.0 
70.0 30.0 
70.0 30.0 
70.0 30.0 
70.0 30.0 
70.0 30.0 
70.0 30.0 
70.0 30.0 
70.0 30.0 
70.0 30.0 
70.0 30.0 
70.0 30.0 
70.0 30.0 
70.0 30.0 
83.0 26.0 
83.0 26.0 
70.0 31.0 
