59.0 29.0 
59.0 29.0 
59.0 29.0 
72.0 24.0 
60.0 25.0 
59.0 29.0 
59.0 29.0 
63.0 25.0 
59.0 30.0 
59.0 30.0 
59.0 30.0 
59.0 30.0 
59.0 30.0 
59.0 30.0 
59.0 30.0 
59.0 30.0 
59.0 30.0 
59.0 30.0 
59.0 30.0 
59.0 30.0 
59.0 30.0 
60.0 29.0 
59.0 30.0 
59.0 30.0 
59.0 30.0 
59.0 30.0 
59.0 30.0 
59.0 30.0 
59.0 30.0 
59.0 30.0 
60.0 29.0 
60.0 29.0 
59.0 30.0 
59.0 30.0 
59.0 30.0 
59.0 30.0 
59.0 30.0 
59.0 30.0 
59.0 30.0 
59.0 30.0 
59.0 30.0 
64.0 25.0 
64.0 25.0 
64.0 25.0 
64.0 25.0 
63.0 26.0 
63.0 26.0 
64.0 25.0 
63.0 26.0 
64.0 25.0 
64.0 25.0 
64.0 25.0 
64.0 25.0 
61.0 29.0 
59.0 31.0 
59.0 31.0 
60.0 30.0 
59.0 31.0 
59.0 31.0 
59.0 31.0 
59.0 31.0 
59.0 31.0 
59.0 31.0 
60.0 30.0 
59.0 31.0 
59.0 31.0 
60.0 30.0 
59.0 31.0 
59.0 31.0 
70.0 25.0 
70.0 25.0 
59.0 34.0 
59.0 34.0 
64.0 26.0 
60.0 32.0 
63.0 27.0 
62.0 29.0 
61.0 30.0 
63.0 27.0 
64.0 26.0 
62.0 29.0 
61.0 30.0 
63.0 27.0 
64.0 26.0 
64.0 26.0 
64.0 26.0 
64.0 26.0 
64.0 26.0 
64.0 26.0 
64.0 26.0 
64.0 26.0 
64.0 26.0 
64.0 26.0 
64.0 26.0 
62.0 29.0 
62.0 29.0 
62.0 29.0 
62.0 29.0 
62.0 29.0 
62.0 29.0 
