1727.0 488.0 
1748.0 469.0 
1727.0 488.0 
1773.0 458.0 
1718.0 491.0 
1729.0 484.0 
1748.0 469.0 
1731.0 483.0 
1729.0 484.0 
1656.0 534.0 
1718.0 491.0 
1724.0 490.0 
1745.0 472.0 
1662.0 525.0 
1718.0 491.0 
1742.0 479.0 
1727.0 488.0 
1773.0 458.0 
1727.0 488.0 
1657.0 533.0 
1729.0 484.0 
1681.0 508.0 
1748.0 469.0 
1780.0 456.0 
1717.0 493.0 
1718.0 491.0 
1708.0 497.0 
1664.0 524.0 
1651.0 536.0 
1745.0 472.0 
1706.0 501.0 
1715.0 494.0 
1727.0 488.0 
1780.0 456.0 
1748.0 469.0 
1672.0 513.0 
1748.0 469.0 
1681.0 508.0 
1742.0 479.0 
1753.0 465.0 
1659.0 527.0 
1686.0 506.0 
1744.0 473.0 
1726.0 490.0 
1726.0 490.0 
1726.0 490.0 
1773.0 459.0 
1734.0 484.0 
1733.0 487.0 
1734.0 484.0 
1734.0 484.0 
1734.0 484.0 
1734.0 484.0 
1723.0 492.0 
1708.0 498.0 
1708.0 498.0 
1708.0 498.0 
1708.0 498.0 
1708.0 498.0 
1664.0 526.0 
1656.0 536.0 
1656.0 536.0 
1656.0 536.0 
1656.0 536.0 
1653.0 537.0 
1656.0 536.0 
1718.0 495.0 
1718.0 495.0 
1719.0 494.0 
1727.0 489.0 
1727.0 489.0 
1727.0 489.0 
1728.0 488.0 
1728.0 488.0 
1727.0 489.0 
1728.0 488.0 
1782.0 458.0 
1782.0 458.0 
1782.0 458.0 
1782.0 458.0 
1672.0 514.0 
1750.0 470.0 
1681.0 509.0 
1743.0 479.0 
1743.0 479.0 
1759.0 468.0 
1659.0 533.0 
1659.0 533.0 
1660.0 528.0 
1690.0 506.0 
1690.0 506.0 
1687.0 507.0 
1690.0 506.0 
1687.0 507.0 
1690.0 506.0 
1744.0 474.0 
1744.0 474.0 
1744.0 474.0 
1746.0 473.0 
1781.0 459.0 
