1657.0 452.0 
1686.0 435.0 
1631.0 470.0 
1663.0 450.0 
1700.0 432.0 
1663.0 450.0 
1880.0 423.0 
1663.0 450.0 
1631.0 470.0 
1663.0 450.0 
1663.0 450.0 
1663.0 450.0 
1631.0 470.0 
1631.0 470.0 
1634.0 463.0 
1601.0 477.0 
1990.0 421.0 
1600.0 479.0 
1686.0 435.0 
1597.0 488.0 
1686.0 435.0 
1707.0 427.0 
1707.0 427.0 
1647.0 456.0 
1663.0 450.0 
1990.0 421.0 
1652.0 455.0 
1700.0 432.0 
1596.0 490.0 
1633.0 466.0 
1999.0 420.0 
1597.0 488.0 
1636.0 462.0 
1639.0 460.0 
1880.0 423.0 
1668.0 441.0 
1657.0 452.0 
1600.0 479.0 
1999.0 420.0 
1663.0 450.0 
1657.0 452.0 
1880.0 423.0 
1707.0 427.0 
1675.0 437.0 
2009.0 416.0 
1600.0 479.0 
1604.0 474.0 
1709.0 424.0 
1634.0 463.0 
1704.0 428.0 
1606.0 473.0 
1663.0 450.0 
1688.0 435.0 
1686.0 436.0 
1686.0 436.0 
1647.0 459.0 
1991.0 422.0 
1991.0 422.0 
1598.0 490.0 
1637.0 462.0 
1637.0 462.0 
1670.0 441.0 
1670.0 441.0 
1670.0 441.0 
2002.0 420.0 
1657.0 453.0 
1657.0 453.0 
1883.0 423.0 
1883.0 423.0 
1883.0 423.0 
1883.0 423.0 
1883.0 423.0 
1883.0 423.0 
1676.0 438.0 
1676.0 438.0 
1685.0 437.0 
2013.0 418.0 
2016.0 417.0 
1600.0 486.0 
1601.0 479.0 
1600.0 486.0 
1601.0 479.0 
1600.0 486.0 
1601.0 479.0 
1600.0 486.0 
1710.0 425.0 
1728.0 424.0 
1635.0 465.0 
1636.0 464.0 
1636.0 464.0 
1635.0 465.0 
1704.0 429.0 
1612.0 473.0 
1612.0 473.0 
1606.0 475.0 
1612.0 473.0 
1663.0 451.0 
1663.0 451.0 
1663.0 451.0 
1663.0 451.0 
