1224.0 276.0 
1588.0 270.0 
1823.0 269.0 
518.0 371.0 
850.0 285.0 
596.0 295.0 
503.0 385.0 
2162.0 232.0 
1937.0 266.0 
544.0 309.0 
1978.0 251.0 
1359.0 282.0 
1247.0 284.0 
1518.0 278.0 
1910.0 276.0 
1935.0 275.0 
533.0 374.0 
1214.0 288.0 
1211.0 291.0 
1068.0 292.0 
605.0 302.0 
526.0 403.0 
1955.0 272.0 
562.0 324.0 
2225.0 255.0 
2164.0 256.0 
2145.0 268.0 
2089.0 269.0 
1313.0 284.0 
1292.0 287.0 
1571.0 282.0 
1676.0 280.0 
1699.0 278.0 
554.0 382.0 
558.0 376.0 
560.0 375.0 
551.0 385.0 
560.0 375.0 
1283.0 290.0 
1218.0 291.0 
858.0 304.0 
933.0 303.0 
760.0 309.0 
858.0 304.0 
1961.0 275.0 
564.0 326.0 
2098.0 270.0 
1354.0 286.0 
1875.0 278.0 
1778.0 283.0 
1707.0 285.0 
556.0 422.0 
561.0 386.0 
560.0 387.0 
1313.0 290.0 
1242.0 292.0 
1240.0 302.0 
968.0 303.0 
819.0 311.0 
764.0 313.0 
887.0 310.0 
918.0 304.0 
2001.0 276.0 
566.0 338.0 
687.0 330.0 
566.0 338.0 
2185.0 271.0 
1367.0 287.0 
1945.0 280.0 
1945.0 280.0 
1738.0 285.0 
1345.0 294.0 
1247.0 302.0 
1210.0 303.0 
855.0 319.0 
780.0 321.0 
874.0 316.0 
871.0 317.0 
897.0 311.0 
949.0 305.0 
746.0 334.0 
596.0 353.0 
596.0 353.0 
618.0 349.0 
596.0 353.0 
574.0 391.0 
578.0 387.0 
635.0 342.0 
581.0 361.0 
2191.0 275.0 
575.0 391.0 
575.0 391.0 
2201.0 276.0 
1947.0 282.0 
1679.0 288.0 
1401.0 291.0 
599.0 357.0 
584.0 386.0 
1334.0 305.0 
898.0 311.0 
