98.0 39.0 
123.0 36.0 
123.0 36.0 
98.0 39.0 
98.0 39.0 
98.0 39.0 
98.0 39.0 
98.0 39.0 
98.0 39.0 
104.0 37.0 
123.0 36.0 
98.0 39.0 
123.0 36.0 
98.0 39.0 
104.0 37.0 
98.0 39.0 
98.0 39.0 
98.0 39.0 
98.0 39.0 
123.0 36.0 
98.0 39.0 
98.0 39.0 
98.0 39.0 
98.0 39.0 
104.0 37.0 
98.0 39.0 
104.0 37.0 
98.0 39.0 
98.0 39.0 
123.0 36.0 
98.0 39.0 
105.0 37.0 
105.0 37.0 
98.0 40.0 
98.0 40.0 
104.0 38.0 
99.0 39.0 
104.0 38.0 
99.0 39.0 
105.0 37.0 
104.0 38.0 
105.0 37.0 
105.0 37.0 
105.0 37.0 
105.0 37.0 
105.0 37.0 
105.0 37.0 
105.0 37.0 
105.0 37.0 
105.0 37.0 
105.0 37.0 
105.0 37.0 
105.0 37.0 
105.0 37.0 
105.0 37.0 
105.0 37.0 
105.0 37.0 
105.0 37.0 
105.0 37.0 
105.0 37.0 
105.0 37.0 
105.0 37.0 
105.0 37.0 
104.0 38.0 
105.0 37.0 
105.0 37.0 
105.0 37.0 
105.0 37.0 
105.0 37.0 
105.0 37.0 
105.0 37.0 
105.0 37.0 
105.0 37.0 
105.0 37.0 
105.0 37.0 
105.0 37.0 
105.0 37.0 
105.0 37.0 
105.0 37.0 
105.0 37.0 
105.0 37.0 
105.0 37.0 
105.0 37.0 
105.0 37.0 
105.0 37.0 
105.0 37.0 
105.0 37.0 
105.0 37.0 
105.0 37.0 
105.0 37.0 
105.0 37.0 
105.0 37.0 
105.0 37.0 
105.0 37.0 
105.0 37.0 
104.0 38.0 
105.0 37.0 
104.0 38.0 
105.0 37.0 
105.0 37.0 
