98.0 38.0 
98.0 38.0 
104.0 36.0 
104.0 36.0 
98.0 38.0 
104.0 36.0 
98.0 38.0 
104.0 36.0 
98.0 38.0 
104.0 36.0 
98.0 38.0 
104.0 36.0 
98.0 38.0 
104.0 36.0 
98.0 38.0 
104.0 36.0 
98.0 38.0 
104.0 36.0 
98.0 38.0 
104.0 36.0 
98.0 38.0 
104.0 36.0 
98.0 38.0 
104.0 36.0 
98.0 38.0 
104.0 36.0 
104.0 36.0 
104.0 36.0 
98.0 38.0 
104.0 36.0 
104.0 36.0 
104.0 36.0 
104.0 36.0 
104.0 36.0 
104.0 36.0 
104.0 36.0 
104.0 36.0 
104.0 36.0 
104.0 36.0 
104.0 36.0 
104.0 36.0 
104.0 36.0 
98.0 38.0 
98.0 38.0 
104.0 36.0 
104.0 36.0 
104.0 36.0 
98.0 38.0 
104.0 36.0 
104.0 36.0 
104.0 36.0 
104.0 36.0 
98.0 38.0 
104.0 36.0 
104.0 36.0 
104.0 36.0 
98.0 38.0 
104.0 36.0 
104.0 36.0 
104.0 36.0 
104.0 36.0 
98.0 38.0 
104.0 36.0 
104.0 36.0 
104.0 36.0 
98.0 38.0 
104.0 36.0 
104.0 36.0 
104.0 36.0 
104.0 36.0 
98.0 38.0 
104.0 36.0 
104.0 36.0 
104.0 36.0 
104.0 36.0 
104.0 36.0 
104.0 36.0 
104.0 36.0 
104.0 36.0 
104.0 36.0 
98.0 38.0 
104.0 36.0 
104.0 36.0 
104.0 36.0 
104.0 36.0 
121.0 35.0 
104.0 36.0 
98.0 38.0 
104.0 36.0 
122.0 35.0 
122.0 35.0 
105.0 37.0 
105.0 37.0 
122.0 35.0 
122.0 35.0 
122.0 35.0 
122.0 35.0 
122.0 35.0 
122.0 35.0 
122.0 35.0 
