2026.0 601.0 
2026.0 601.0 
2009.0 619.0 
2387.0 552.0 
2026.0 601.0 
2126.0 583.0 
1987.0 622.0 
2453.0 548.0 
2401.0 550.0 
1964.0 627.0 
2112.0 587.0 
2060.0 589.0 
2126.0 583.0 
2293.0 554.0 
2060.0 589.0 
1987.0 622.0 
2112.0 587.0 
2026.0 601.0 
2177.0 563.0 
2030.0 596.0 
2566.0 547.0 
2567.0 543.0 
2453.0 548.0 
2285.0 556.0 
2414.0 549.0 
2046.0 593.0 
1954.0 633.0 
2011.0 614.0 
2172.0 583.0 
2396.0 555.0 
2396.0 555.0 
2410.0 554.0 
2000.0 627.0 
2114.0 587.0 
2114.0 587.0 
2114.0 587.0 
2114.0 587.0 
2028.0 601.0 
2236.0 578.0 
2194.0 580.0 
2267.0 565.0 
2194.0 580.0 
2274.0 563.0 
2264.0 567.0 
2031.0 599.0 
2498.0 548.0 
2498.0 548.0 
2289.0 558.0 
2422.0 550.0 
2422.0 550.0 
2429.0 549.0 
2059.0 594.0 
2066.0 593.0 
2059.0 594.0 
1985.0 634.0 
1985.0 634.0 
1965.0 646.0 
1981.0 636.0 
1963.0 654.0 
1977.0 638.0 
2015.0 618.0 
2022.0 617.0 
2178.0 583.0 
2399.0 555.0 
2399.0 555.0 
2162.0 590.0 
2158.0 592.0 
2029.0 606.0 
2204.0 581.0 
2276.0 565.0 
2276.0 565.0 
2031.0 602.0 
2394.0 558.0 
2394.0 558.0 
2394.0 558.0 
2394.0 558.0 
2539.0 549.0 
2464.0 550.0 
2464.0 550.0 
2094.0 593.0 
2063.0 600.0 
2079.0 595.0 
2001.0 635.0 
2001.0 635.0 
1966.0 655.0 
1984.0 638.0 
1977.0 641.0 
2015.0 619.0 
2015.0 619.0 
2015.0 619.0 
2477.0 551.0 
1970.0 656.0 
2398.0 563.0 
2276.0 568.0 
2023.0 625.0 
2281.0 567.0 
2401.0 555.0 
2148.0 593.0 
2030.0 607.0 
1981.0 644.0 
