1698.0 595.0 
1695.0 596.0 
1931.0 529.0 
1695.0 596.0 
1740.0 584.0 
1965.0 526.0 
1908.0 533.0 
1740.0 584.0 
1695.0 596.0 
1931.0 529.0 
1786.0 557.0 
1844.0 539.0 
1908.0 533.0 
1915.0 530.0 
1750.0 577.0 
1764.0 575.0 
1695.0 596.0 
1707.0 589.0 
1731.0 586.0 
1826.0 543.0 
1931.0 529.0 
1808.0 546.0 
1844.0 539.0 
1901.0 534.0 
1771.0 569.0 
1695.0 596.0 
1953.0 527.0 
1908.0 533.0 
1844.0 539.0 
1965.0 526.0 
1740.0 584.0 
1786.0 557.0 
1741.0 580.0 
1695.0 596.0 
1698.0 595.0 
1917.0 531.0 
1915.0 532.0 
1764.0 579.0 
1711.0 593.0 
1711.0 593.0 
1711.0 593.0 
1711.0 593.0 
1708.0 594.0 
1711.0 593.0 
1733.0 592.0 
1733.0 592.0 
1733.0 592.0 
1733.0 592.0 
1733.0 592.0 
1733.0 592.0 
1733.0 592.0 
1733.0 592.0 
1733.0 592.0 
1733.0 592.0 
1733.0 592.0 
1733.0 592.0 
1733.0 592.0 
1826.0 544.0 
1829.0 543.0 
1829.0 543.0 
1826.0 544.0 
1942.0 529.0 
1942.0 529.0 
1814.0 549.0 
1904.0 538.0 
1773.0 573.0 
1772.0 577.0 
1960.0 528.0 
1913.0 534.0 
1911.0 535.0 
1913.0 534.0 
1913.0 534.0 
1913.0 534.0 
1908.0 536.0 
1911.0 535.0 
1867.0 539.0 
1845.0 540.0 
1845.0 540.0 
1845.0 540.0 
1788.0 557.0 
1743.0 580.0 
1743.0 580.0 
1695.0 598.0 
1695.0 598.0 
1695.0 598.0 
1701.0 595.0 
1698.0 596.0 
1698.0 596.0 
1698.0 596.0 
1963.0 528.0 
1963.0 528.0 
1695.0 600.0 
1695.0 600.0 
1773.0 575.0 
1869.0 539.0 
1788.0 565.0 
1804.0 557.0 
1737.0 592.0 
1910.0 537.0 
1832.0 544.0 
