1906.0 627.0 
2146.0 589.0 
1891.0 644.0 
1906.0 627.0 
1969.0 608.0 
1921.0 626.0 
2130.0 590.0 
1906.0 627.0 
2146.0 589.0 
1891.0 644.0 
1906.0 627.0 
1948.0 615.0 
2146.0 589.0 
1903.0 629.0 
1869.0 656.0 
1906.0 627.0 
1891.0 644.0 
2146.0 589.0 
1892.0 642.0 
2076.0 592.0 
1975.0 606.0 
1869.0 656.0 
1966.0 609.0 
1948.0 615.0 
1891.0 644.0 
2016.0 593.0 
1906.0 627.0 
1888.0 647.0 
1871.0 655.0 
1868.0 663.0 
1974.0 608.0 
1927.0 626.0 
2143.0 591.0 
2143.0 591.0 
2143.0 591.0 
2143.0 591.0 
2143.0 591.0 
2143.0 591.0 
1903.0 630.0 
1903.0 630.0 
2152.0 590.0 
2121.0 592.0 
2002.0 607.0 
1870.0 660.0 
1870.0 660.0 
1870.0 660.0 
1968.0 610.0 
1971.0 609.0 
1971.0 609.0 
1968.0 610.0 
1971.0 609.0 
1893.0 646.0 
1893.0 646.0 
2018.0 594.0 
2065.0 593.0 
2018.0 594.0 
1908.0 628.0 
1906.0 629.0 
1908.0 628.0 
1923.0 627.0 
1890.0 651.0 
1891.0 649.0 
1872.0 659.0 
1872.0 659.0 
1872.0 659.0 
1872.0 659.0 
1873.0 656.0 
1872.0 659.0 
1872.0 659.0 
1872.0 659.0 
1872.0 659.0 
1872.0 659.0 
1872.0 659.0 
1872.0 659.0 
1872.0 659.0 
1872.0 659.0 
1872.0 659.0 
1873.0 656.0 
1868.0 664.0 
2146.0 591.0 
1870.0 662.0 
1870.0 662.0 
2025.0 594.0 
2078.0 593.0 
1894.0 647.0 
1925.0 628.0 
1995.0 608.0 
1892.0 657.0 
1903.0 632.0 
1968.0 614.0 
1925.0 628.0 
1968.0 614.0 
1979.0 609.0 
1873.0 659.0 
1995.0 608.0 
1970.0 612.0 
1905.0 631.0 
1905.0 631.0 
1903.0 632.0 
1872.0 661.0 
