348.0 249.0 
324.0 259.0 
428.0 222.0 
348.0 249.0 
1488.0 149.0 
1632.0 147.0 
1053.0 173.0 
354.0 244.0 
1704.0 146.0 
1053.0 173.0 
1061.0 171.0 
431.0 220.0 
952.0 182.0 
1705.0 144.0 
952.0 182.0 
1030.0 175.0 
1632.0 147.0 
1146.0 165.0 
1061.0 171.0 
804.0 183.0 
980.0 176.0 
1705.0 144.0 
443.0 219.0 
491.0 187.0 
401.0 229.0 
1705.0 144.0 
466.0 201.0 
1763.0 135.0 
388.0 242.0 
1353.0 154.0 
1064.0 169.0 
328.0 258.0 
1148.0 163.0 
396.0 240.0 
1339.0 158.0 
325.0 307.0 
348.0 251.0 
348.0 251.0 
1629.0 150.0 
1629.0 150.0 
1527.0 151.0 
363.0 248.0 
363.0 248.0 
359.0 249.0 
359.0 249.0 
1056.0 174.0 
1040.0 175.0 
1652.0 147.0 
1147.0 167.0 
1147.0 167.0 
871.0 183.0 
816.0 184.0 
987.0 182.0 
993.0 177.0 
450.0 221.0 
536.0 188.0 
511.0 191.0 
536.0 188.0 
812.0 187.0 
412.0 236.0 
412.0 236.0 
414.0 233.0 
1708.0 146.0 
1708.0 146.0 
475.0 202.0 
470.0 203.0 
1782.0 137.0 
1775.0 139.0 
1423.0 155.0 
1423.0 155.0 
1423.0 155.0 
1386.0 157.0 
1400.0 156.0 
1087.0 170.0 
332.0 261.0 
332.0 261.0 
1264.0 164.0 
1261.0 165.0 
1151.0 166.0 
399.0 241.0 
404.0 240.0 
404.0 240.0 
1378.0 159.0 
1378.0 159.0 
1341.0 160.0 
326.0 314.0 
1785.0 137.0 
1785.0 137.0 
338.0 266.0 
1024.0 177.0 
1487.0 155.0 
729.0 199.0 
544.0 202.0 
927.0 184.0 
1654.0 148.0 
399.0 242.0 
1273.0 164.0 
771.0 198.0 
1782.0 142.0 
1179.0 166.0 
