580.0 256.0 
468.0 304.0 
936.0 222.0 
1817.0 187.0 
1817.0 187.0 
574.0 257.0 
446.0 318.0 
1890.0 183.0 
468.0 304.0 
1817.0 187.0 
1089.0 208.0 
777.0 229.0 
496.0 287.0 
1467.0 196.0 
936.0 222.0 
582.0 254.0 
1240.0 204.0 
949.0 221.0 
1768.0 188.0 
1470.0 193.0 
446.0 318.0 
1450.0 200.0 
583.0 253.0 
882.0 227.0 
936.0 222.0 
436.0 323.0 
474.0 288.0 
1163.0 206.0 
1463.0 197.0 
1482.0 192.0 
647.0 233.0 
496.0 287.0 
1301.0 202.0 
877.0 228.0 
543.0 260.0 
1470.0 193.0 
1336.0 201.0 
1920.0 178.0 
1163.0 206.0 
1240.0 204.0 
499.0 286.0 
1857.0 184.0 
1754.0 189.0 
509.0 272.0 
1835.0 185.0 
1950.0 175.0 
984.0 213.0 
617.0 238.0 
574.0 258.0 
470.0 306.0 
1150.0 208.0 
811.0 232.0 
811.0 232.0 
811.0 232.0 
1778.0 188.0 
931.0 227.0 
931.0 227.0 
941.0 224.0 
437.0 335.0 
1486.0 192.0 
1486.0 192.0 
681.0 234.0 
497.0 291.0 
496.0 292.0 
496.0 292.0 
881.0 228.0 
568.0 265.0 
572.0 262.0 
555.0 267.0 
1482.0 193.0 
1482.0 193.0 
1478.0 196.0 
1482.0 193.0 
1418.0 202.0 
1418.0 202.0 
1926.0 182.0 
1169.0 206.0 
1169.0 206.0 
1338.0 204.0 
1338.0 204.0 
1338.0 204.0 
1338.0 204.0 
1921.0 184.0 
1765.0 189.0 
521.0 278.0 
521.0 278.0 
524.0 275.0 
1873.0 185.0 
1953.0 176.0 
1953.0 176.0 
984.0 214.0 
1103.0 213.0 
677.0 240.0 
677.0 240.0 
629.0 253.0 
640.0 243.0 
443.0 339.0 
443.0 339.0 
1972.0 176.0 
471.0 309.0 
