357.0 156.0 
419.0 152.0 
792.0 125.0 
1162.0 106.0 
313.0 183.0 
419.0 152.0 
1162.0 106.0 
344.0 165.0 
419.0 152.0 
344.0 165.0 
344.0 165.0 
313.0 183.0 
1526.0 92.0 
744.0 128.0 
874.0 116.0 
793.0 123.0 
1526.0 92.0 
580.0 137.0 
393.0 154.0 
354.0 160.0 
357.0 156.0 
287.0 188.0 
671.0 130.0 
263.0 219.0 
874.0 116.0 
793.0 123.0 
580.0 137.0 
365.0 155.0 
344.0 165.0 
1354.0 97.0 
393.0 154.0 
870.0 119.0 
1141.0 109.0 
793.0 123.0 
475.0 142.0 
586.0 136.0 
313.0 183.0 
1526.0 92.0 
343.0 167.0 
419.0 152.0 
1335.0 103.0 
728.0 129.0 
897.0 111.0 
344.0 165.0 
1195.0 104.0 
1340.0 101.0 
1526.0 92.0 
1526.0 92.0 
792.0 125.0 
793.0 123.0 
793.0 123.0 
401.0 153.0 
423.0 149.0 
1195.0 104.0 
261.0 227.0 
277.0 195.0 
312.0 186.0 
1563.0 91.0 
1408.0 96.0 
531.0 139.0 
793.0 123.0 
1526.0 92.0 
1354.0 97.0 
1526.0 92.0 
607.0 134.0 
264.0 227.0 
264.0 227.0 
1621.0 91.0 
1621.0 91.0 
1169.0 110.0 
266.0 224.0 
933.0 112.0 
281.0 197.0 
344.0 166.0 
314.0 183.0 
1340.0 103.0 
1547.0 95.0 
475.0 145.0 
1196.0 105.0 
1416.0 97.0 
354.0 161.0 
395.0 157.0 
692.0 130.0 
426.0 149.0 
581.0 140.0 
289.0 190.0 
768.0 129.0 
841.0 124.0 
898.0 114.0 
875.0 117.0 
675.0 133.0 
793.0 125.0 
629.0 134.0 
313.0 187.0 
1359.0 101.0 
530.0 143.0 
872.0 122.0 
419.0 154.0 
1191.0 106.0 
530.0 143.0 
