25.0 8.0 
14.0 11.0 
20.0 9.0 
11.0 13.0 
28.0 8.0 
20.0 11.0 
21.0 10.0 
12.0 27.0 
13.0 13.0 
13.0 13.0 
32.0 9.0 
23.0 10.0 
22.0 11.0 
21.0 12.0 
22.0 11.0 
21.0 12.0 
14.0 13.0 
13.0 22.0 
13.0 22.0 
49.0 9.0 
30.0 10.0 
30.0 10.0 
23.0 11.0 
23.0 11.0 
23.0 11.0 
23.0 11.0 
22.0 12.0 
14.0 14.0 
14.0 14.0 
14.0 14.0 
16.0 13.0 
13.0 25.0 
33.0 10.0 
27.0 11.0 
27.0 11.0 
23.0 12.0 
15.0 15.0 
15.0 15.0 
15.0 15.0 
15.0 15.0 
14.0 16.0 
15.0 15.0 
14.0 16.0 
20.0 13.0 
20.0 13.0 
20.0 13.0 
16.0 14.0 
13.0 29.0 
37.0 10.0 
37.0 10.0 
28.0 11.0 
28.0 11.0 
14.0 20.0 
14.0 20.0 
15.0 17.0 
17.0 16.0 
18.0 14.0 
39.0 10.0 
29.0 11.0 
28.0 13.0 
28.0 13.0 
14.0 26.0 
14.0 26.0 
15.0 21.0 
15.0 21.0 
17.0 19.0 
17.0 19.0 
18.0 15.0 
21.0 14.0 
18.0 15.0 
41.0 10.0 
41.0 10.0 
41.0 10.0 
41.0 10.0 
29.0 12.0 
31.0 11.0 
14.0 27.0 
14.0 27.0 
14.0 27.0 
14.0 27.0 
14.0 27.0 
16.0 21.0 
15.0 23.0 
16.0 21.0 
15.0 23.0 
16.0 21.0 
25.0 14.0 
19.0 16.0 
21.0 15.0 
19.0 16.0 
18.0 19.0 
18.0 19.0 
18.0 19.0 
47.0 10.0 
47.0 10.0 
14.0 28.0 
24.0 15.0 
15.0 25.0 
35.0 11.0 
19.0 18.0 
