7311.0 1539.0 
8626.0 1537.0 
7310.0 1749.0 
8852.0 1536.0 
6993.0 1824.0 
7458.0 1665.0 
7882.0 1570.0 
7882.0 1570.0 
7676.0 1644.0 
7940.0 1556.0 
8913.0 1541.0 
7572.0 1728.0 
7809.0 1657.0 
8163.0 1566.0 
8075.0 1591.0 
9143.0 1563.0 
7581.0 1776.0 
7952.0 1735.0 
7952.0 1735.0 
8304.0 1578.0 
8269.0 1714.0 
9842.0 1571.0 
7768.0 1805.0 
7712.0 1925.0 
8387.0 1596.0 
8339.0 1744.0 
8339.0 1744.0 
9910.0 1573.0 
8068.0 1841.0 
7893.0 1892.0 
8336.0 1823.0 
7899.0 1866.0 
9189.0 1605.0 
8444.0 1615.0 
8485.0 1610.0 
8767.0 1606.0 
12203.0 1582.0 
8136.0 1841.0 
7915.0 1891.0 
8444.0 1623.0 
10991.0 1617.0 
9329.0 1620.0 
7927.0 1897.0 
9013.0 1628.0 
8562.0 1681.0 
8610.0 1653.0 
8474.0 1692.0 
10936.0 1625.0 
8268.0 1968.0 
8254.0 1982.0 
8334.0 1957.0 
8268.0 1968.0 
9586.0 1652.0 
10658.0 1647.0 
9895.0 1651.0 
9262.0 1657.0 
9262.0 1657.0 
8616.0 1672.0 
8594.0 1927.0 
11031.0 1636.0 
8291.0 1975.0 
9549.0 1665.0 
8630.0 1673.0 
11049.0 1641.0 
10012.0 1668.0 
9562.0 1669.0 
9124.0 1674.0 
8646.0 1681.0 
9621.0 1669.0 
9249.0 1680.0 
8743.0 1684.0 
8669.0 1734.0 
8743.0 1684.0 
10144.0 1675.0 
10101.0 1678.0 
10144.0 1675.0 
9178.0 1699.0 
8791.0 1747.0 
8743.0 1769.0 
8813.0 1706.0 
8868.0 1703.0 
10274.0 1692.0 
9225.0 1699.0 
8788.0 1811.0 
8841.0 1731.0 
9127.0 1703.0 
8858.0 1733.0 
10835.0 1704.0 
9246.0 1709.0 
8891.0 1748.0 
8865.0 1811.0 
8963.0 1734.0 
10047.0 1717.0 
12473.0 1716.0 
9349.0 1729.0 
8888.0 1967.0 
10609.0 1723.0 
8946.0 1873.0 
9423.0 1732.0 
9123.0 1757.0 
