72.0 39.0 
65.0 40.0 
76.0 33.0 
76.0 33.0 
65.0 40.0 
72.0 39.0 
78.0 38.0 
79.0 35.0 
84.0 34.0 
70.0 53.0 
76.0 39.0 
72.0 41.0 
79.0 38.0 
83.0 35.0 
92.0 34.0 
71.0 64.0 
77.0 39.0 
75.0 43.0 
74.0 44.0 
76.0 42.0 
76.0 42.0 
76.0 42.0 
72.0 45.0 
87.0 35.0 
87.0 35.0 
85.0 37.0 
86.0 36.0 
85.0 37.0 
96.0 34.0 
71.0 65.0 
71.0 65.0 
79.0 39.0 
75.0 44.0 
78.0 42.0 
78.0 42.0 
78.0 42.0 
78.0 42.0 
78.0 42.0 
72.0 60.0 
72.0 60.0 
74.0 45.0 
88.0 35.0 
88.0 35.0 
88.0 35.0 
85.0 38.0 
99.0 34.0 
80.0 39.0 
80.0 39.0 
77.0 44.0 
72.0 61.0 
75.0 49.0 
89.0 36.0 
96.0 35.0 
88.0 37.0 
87.0 38.0 
105.0 34.0 
81.0 40.0 
83.0 39.0 
81.0 40.0 
81.0 40.0 
83.0 39.0 
80.0 42.0 
80.0 42.0 
80.0 42.0 
80.0 42.0 
77.0 47.0 
77.0 47.0 
79.0 44.0 
77.0 47.0 
74.0 61.0 
74.0 61.0 
74.0 61.0 
74.0 61.0 
74.0 61.0 
74.0 61.0 
74.0 61.0 
74.0 61.0 
75.0 51.0 
76.0 49.0 
108.0 34.0 
74.0 66.0 
75.0 56.0 
97.0 35.0 
88.0 38.0 
78.0 47.0 
84.0 39.0 
95.0 36.0 
90.0 37.0 
76.0 52.0 
80.0 43.0 
77.0 50.0 
82.0 41.0 
81.0 42.0 
79.0 45.0 
79.0 45.0 
76.0 52.0 
77.0 50.0 
95.0 36.0 
90.0 37.0 
83.0 40.0 
