580.0 301.0 
446.0 329.0 
1691.0 235.0 
446.0 329.0 
641.0 278.0 
726.0 270.0 
508.0 325.0 
619.0 294.0 
628.0 287.0 
1067.0 252.0 
1057.0 254.0 
1437.0 247.0 
1923.0 213.0 
437.0 340.0 
768.0 268.0 
537.0 309.0 
1588.0 239.0 
726.0 270.0 
707.0 274.0 
858.0 267.0 
592.0 306.0 
592.0 306.0 
592.0 306.0 
592.0 306.0 
612.0 301.0 
608.0 302.0 
463.0 331.0 
502.0 329.0 
502.0 329.0 
457.0 338.0 
652.0 284.0 
513.0 326.0 
621.0 297.0 
628.0 296.0 
628.0 296.0 
628.0 296.0 
1413.0 252.0 
1372.0 254.0 
1162.0 263.0 
1191.0 257.0 
1175.0 262.0 
1469.0 249.0 
1457.0 250.0 
1947.0 215.0 
1929.0 236.0 
445.0 347.0 
454.0 344.0 
454.0 344.0 
441.0 348.0 
571.0 312.0 
575.0 310.0 
546.0 315.0 
1710.0 239.0 
942.0 279.0 
1102.0 267.0 
965.0 271.0 
1016.0 270.0 
601.0 309.0 
601.0 309.0 
611.0 303.0 
466.0 334.0 
505.0 329.0 
465.0 341.0 
788.0 285.0 
655.0 295.0 
671.0 289.0 
537.0 328.0 
627.0 298.0 
639.0 296.0 
1424.0 255.0 
1344.0 257.0 
1191.0 261.0 
1344.0 257.0 
1508.0 249.0 
1996.0 222.0 
1969.0 236.0 
1969.0 236.0 
459.0 344.0 
459.0 344.0 
448.0 348.0 
448.0 348.0 
569.0 316.0 
564.0 317.0 
552.0 320.0 
1784.0 239.0 
1713.0 246.0 
1003.0 272.0 
2080.0 224.0 
451.0 349.0 
451.0 349.0 
644.0 302.0 
537.0 338.0 
978.0 286.0 
726.0 289.0 
619.0 317.0 
1395.0 261.0 
1194.0 264.0 
2015.0 236.0 
1436.0 259.0 
1050.0 272.0 
