1650.0 102.0 
370.0 181.0 
1650.0 102.0 
370.0 181.0 
1056.0 124.0 
767.0 141.0 
396.0 176.0 
397.0 167.0 
1222.0 118.0 
1083.0 123.0 
423.0 162.0 
1461.0 109.0 
1600.0 104.0 
1434.0 110.0 
949.0 128.0 
1380.0 112.0 
1299.0 115.0 
947.0 129.0 
1083.0 123.0 
821.0 136.0 
1222.0 118.0 
1299.0 115.0 
636.0 149.0 
1380.0 112.0 
636.0 149.0 
1519.0 107.0 
556.0 154.0 
502.0 157.0 
582.0 152.0 
476.0 159.0 
688.0 146.0 
715.0 144.0 
1519.0 107.0 
397.0 167.0 
396.0 176.0 
792.0 138.0 
901.0 132.0 
715.0 144.0 
688.0 146.0 
423.0 162.0 
502.0 157.0 
582.0 152.0 
556.0 154.0 
476.0 159.0 
1245.0 117.0 
949.0 128.0 
1569.0 105.0 
1569.0 105.0 
901.0 132.0 
848.0 135.0 
874.0 133.0 
792.0 138.0 
1245.0 117.0 
874.0 133.0 
848.0 135.0 
1650.0 102.0 
370.0 181.0 
949.0 128.0 
1380.0 112.0 
1299.0 115.0 
636.0 149.0 
1519.0 107.0 
397.0 167.0 
715.0 144.0 
688.0 146.0 
502.0 157.0 
423.0 162.0 
848.0 135.0 
476.0 159.0 
792.0 138.0 
1569.0 105.0 
874.0 133.0 
1650.0 102.0 
949.0 128.0 
715.0 144.0 
874.0 133.0 
1380.0 112.0 
1519.0 107.0 
397.0 167.0 
423.0 162.0 
476.0 159.0 
715.0 144.0 
715.0 144.0 
715.0 144.0 
397.0 167.0 
1519.0 107.0 
715.0 144.0 
1380.0 112.0 
715.0 144.0 
1519.0 107.0 
874.0 133.0 
715.0 144.0 
874.0 133.0 
949.0 128.0 
397.0 167.0 
397.0 167.0 
397.0 167.0 
476.0 159.0 
874.0 133.0 
1380.0 112.0 
