473.0 282.0 
1821.0 192.0 
655.0 248.0 
472.0 298.0 
734.0 246.0 
1821.0 192.0 
1186.0 221.0 
482.0 275.0 
1443.0 203.0 
575.0 257.0 
1932.0 179.0 
525.0 272.0 
1258.0 211.0 
1373.0 208.0 
830.0 235.0 
1995.0 178.0 
470.0 299.0 
1045.0 233.0 
1003.0 234.0 
749.0 244.0 
2005.0 176.0 
600.0 253.0 
447.0 302.0 
1922.0 187.0 
1061.0 223.0 
1728.0 198.0 
1616.0 202.0 
539.0 269.0 
717.0 251.0 
733.0 249.0 
1867.0 196.0 
485.0 277.0 
1471.0 203.0 
1449.0 204.0 
1973.0 186.0 
525.0 273.0 
1334.0 221.0 
1367.0 216.0 
1369.0 212.0 
926.0 237.0 
886.0 242.0 
1998.0 179.0 
866.0 245.0 
2010.0 178.0 
2010.0 178.0 
2010.0 178.0 
2010.0 178.0 
669.0 255.0 
669.0 255.0 
669.0 255.0 
617.0 259.0 
617.0 259.0 
669.0 255.0 
461.0 302.0 
1167.0 223.0 
1145.0 225.0 
1167.0 223.0 
1066.0 236.0 
1167.0 223.0 
1076.0 226.0 
1728.0 199.0 
1728.0 199.0 
1798.0 198.0 
1728.0 199.0 
2003.0 180.0 
462.0 302.0 
1474.0 204.0 
1669.0 203.0 
490.0 287.0 
796.0 251.0 
498.0 277.0 
1393.0 218.0 
485.0 300.0 
600.0 273.0 
2001.0 189.0 
620.0 265.0 
1225.0 224.0 
1080.0 232.0 
931.0 244.0 
692.0 255.0 
1871.0 197.0 
1311.0 223.0 
1839.0 198.0 
1346.0 221.0 
1975.0 196.0 
1156.0 225.0 
1739.0 199.0 
622.0 259.0 
1076.0 239.0 
1728.0 200.0 
1393.0 218.0 
1015.0 243.0 
888.0 246.0 
1976.0 193.0 
1106.0 228.0 
888.0 246.0 
1474.0 204.0 
722.0 254.0 
621.0 260.0 
1023.0 242.0 
