1853.0 589.0 
1854.0 587.0 
1937.0 569.0 
1939.0 556.0 
1704.0 623.0 
1787.0 591.0 
1737.0 602.0 
1937.0 569.0 
1849.0 590.0 
1856.0 582.0 
1937.0 569.0 
1860.0 575.0 
1719.0 609.0 
1747.0 598.0 
1780.0 596.0 
1714.0 611.0 
1857.0 579.0 
1873.0 571.0 
1770.0 597.0 
1974.0 556.0 
1974.0 556.0 
1940.0 562.0 
1706.0 624.0 
1796.0 591.0 
1796.0 591.0 
1742.0 606.0 
1742.0 606.0 
1742.0 606.0 
1742.0 606.0 
1742.0 606.0 
1851.0 590.0 
1851.0 590.0 
1863.0 575.0 
1755.0 601.0 
1755.0 601.0 
1765.0 598.0 
1755.0 601.0 
1721.0 615.0 
1714.0 621.0 
1723.0 614.0 
1734.0 612.0 
1862.0 580.0 
1860.0 581.0 
1857.0 582.0 
1885.0 574.0 
1885.0 574.0 
1885.0 574.0 
1885.0 574.0 
1940.0 569.0 
1946.0 562.0 
1838.0 591.0 
1836.0 593.0 
1838.0 591.0 
1746.0 607.0 
1746.0 607.0 
1744.0 609.0 
1854.0 590.0 
1863.0 578.0 
1775.0 599.0 
1769.0 600.0 
1775.0 599.0 
1769.0 600.0 
1761.0 601.0 
1761.0 601.0 
1722.0 619.0 
1714.0 622.0 
1714.0 622.0 
1724.0 615.0 
1724.0 615.0 
1734.0 614.0 
1738.0 613.0 
1862.0 581.0 
1859.0 583.0 
1888.0 574.0 
1888.0 574.0 
1888.0 574.0 
1888.0 574.0 
1888.0 574.0 
1888.0 574.0 
1947.0 566.0 
1956.0 562.0 
1841.0 595.0 
1842.0 591.0 
1759.0 607.0 
1757.0 610.0 
1877.0 578.0 
1792.0 599.0 
1782.0 600.0 
1717.0 622.0 
1716.0 640.0 
1724.0 616.0 
1734.0 615.0 
1748.0 614.0 
1865.0 581.0 
1862.0 586.0 
1862.0 586.0 
1888.0 575.0 
1888.0 575.0 
1978.0 562.0 
1978.0 562.0 
