17.0 13.0 
17.0 13.0 
46.0 7.0 
30.0 8.0 
17.0 13.0 
46.0 7.0 
40.0 10.0 
41.0 8.0 
40.0 10.0 
34.0 14.0 
19.0 16.0 
38.0 13.0 
30.0 15.0 
41.0 9.0 
37.0 14.0 
19.0 26.0 
19.0 26.0 
20.0 19.0 
23.0 16.0 
33.0 15.0 
33.0 15.0 
33.0 15.0 
45.0 9.0 
45.0 9.0 
41.0 10.0 
41.0 10.0 
41.0 10.0 
41.0 10.0 
41.0 10.0 
45.0 9.0 
41.0 10.0 
38.0 14.0 
19.0 27.0 
21.0 21.0 
21.0 21.0 
24.0 18.0 
37.0 15.0 
35.0 17.0 
46.0 9.0 
46.0 9.0 
46.0 9.0 
42.0 10.0 
42.0 10.0 
42.0 10.0 
20.0 28.0 
19.0 47.0 
22.0 23.0 
29.0 20.0 
32.0 18.0 
25.0 21.0 
40.0 15.0 
40.0 15.0 
40.0 15.0 
40.0 15.0 
40.0 15.0 
38.0 16.0 
36.0 17.0 
36.0 17.0 
36.0 17.0 
47.0 9.0 
47.0 9.0 
42.0 11.0 
42.0 11.0 
45.0 10.0 
21.0 28.0 
20.0 30.0 
19.0 48.0 
30.0 20.0 
34.0 18.0 
28.0 24.0 
26.0 25.0 
28.0 24.0 
41.0 15.0 
37.0 17.0 
43.0 11.0 
42.0 13.0 
43.0 11.0 
46.0 10.0 
23.0 29.0 
21.0 33.0 
19.0 49.0 
33.0 21.0 
31.0 22.0 
31.0 22.0 
36.0 18.0 
29.0 24.0 
29.0 24.0 
41.0 16.0 
41.0 16.0 
39.0 17.0 
47.0 10.0 
47.0 10.0 
21.0 55.0 
22.0 33.0 
39.0 18.0 
30.0 24.0 
43.0 12.0 
24.0 32.0 
33.0 22.0 
42.0 15.0 
