27.0 10.0 
23.0 18.0 
32.0 15.0 
36.0 12.0 
26.0 19.0 
26.0 19.0 
23.0 23.0 
23.0 23.0 
27.0 18.0 
35.0 15.0 
26.0 21.0 
26.0 21.0 
25.0 28.0 
31.0 18.0 
29.0 20.0 
29.0 20.0 
36.0 15.0 
27.0 21.0 
32.0 18.0 
32.0 18.0 
32.0 18.0 
30.0 20.0 
30.0 20.0 
30.0 20.0 
56.0 17.0 
63.0 16.0 
28.0 21.0 
27.0 23.0 
33.0 18.0 
64.0 16.0 
30.0 21.0 
30.0 21.0 
27.0 24.0 
33.0 19.0 
35.0 18.0 
31.0 22.0 
30.0 23.0 
30.0 23.0 
32.0 21.0 
27.0 31.0 
28.0 24.0 
28.0 24.0 
28.0 24.0 
33.0 20.0 
33.0 20.0 
37.0 18.0 
32.0 22.0 
28.0 26.0 
29.0 24.0 
28.0 26.0 
33.0 21.0 
38.0 18.0 
32.0 23.0 
32.0 23.0 
29.0 25.0 
28.0 27.0 
34.0 21.0 
33.0 22.0 
33.0 22.0 
33.0 22.0 
34.0 21.0 
55.0 18.0 
38.0 19.0 
30.0 25.0 
28.0 29.0 
28.0 29.0 
29.0 28.0 
33.0 23.0 
33.0 23.0 
36.0 21.0 
58.0 18.0 
39.0 20.0 
31.0 25.0 
31.0 25.0 
30.0 26.0 
30.0 26.0 
29.0 30.0 
34.0 23.0 
36.0 22.0 
37.0 21.0 
50.0 20.0 
32.0 25.0 
30.0 27.0 
30.0 27.0 
30.0 27.0 
30.0 27.0 
31.0 26.0 
29.0 32.0 
34.0 24.0 
35.0 23.0 
39.0 21.0 
38.0 22.0 
63.0 20.0 
63.0 20.0 
63.0 20.0 
29.0 33.0 
66.0 20.0 
66.0 20.0 
41.0 21.0 
30.0 28.0 
