352.0 169.0 
321.0 194.0 
352.0 169.0 
330.0 186.0 
310.0 198.0 
352.0 169.0 
1634.0 104.0 
291.0 217.0 
334.0 185.0 
1607.0 106.0 
537.0 156.0 
313.0 195.0 
1422.0 111.0 
291.0 217.0 
330.0 186.0 
1422.0 111.0 
1070.0 125.0 
459.0 160.0 
803.0 136.0 
1418.0 112.0 
537.0 156.0 
352.0 169.0 
638.0 144.0 
1091.0 124.0 
956.0 128.0 
1572.0 108.0 
537.0 156.0 
748.0 138.0 
330.0 186.0 
1422.0 111.0 
638.0 144.0 
352.0 169.0 
310.0 198.0 
1634.0 104.0 
291.0 217.0 
1070.0 125.0 
459.0 160.0 
538.0 154.0 
1577.0 107.0 
907.0 129.0 
541.0 153.0 
1634.0 104.0 
427.0 161.0 
534.0 157.0 
1091.0 124.0 
956.0 128.0 
285.0 219.0 
283.0 224.0 
883.0 133.0 
291.0 217.0 
1070.0 125.0 
1634.0 104.0 
1577.0 107.0 
1422.0 111.0 
1091.0 124.0 
726.0 141.0 
1607.0 106.0 
882.0 134.0 
1418.0 112.0 
803.0 136.0 
1314.0 115.0 
638.0 144.0 
1572.0 108.0 
353.0 165.0 
334.0 185.0 
802.0 137.0 
1391.0 113.0 
748.0 138.0 
427.0 161.0 
1257.0 116.0 
907.0 129.0 
1121.0 120.0 
1634.0 104.0 
638.0 144.0 
310.0 198.0 
342.0 177.0 
748.0 138.0 
541.0 153.0 
558.0 151.0 
564.0 150.0 
1091.0 124.0 
956.0 128.0 
1572.0 108.0 
1634.0 104.0 
287.0 223.0 
287.0 223.0 
1658.0 104.0 
1658.0 104.0 
615.0 150.0 
983.0 128.0 
748.0 139.0 
310.0 199.0 
1572.0 109.0 
906.0 133.0 
298.0 218.0 
1121.0 121.0 
1422.0 112.0 
428.0 162.0 
748.0 139.0 
482.0 160.0 
