152.0 38.0 
150.0 39.0 
122.0 55.0 
137.0 47.0 
143.0 46.0 
117.0 60.0 
122.0 55.0 
158.0 39.0 
142.0 47.0 
141.0 48.0 
151.0 46.0 
119.0 61.0 
118.0 66.0 
119.0 61.0 
132.0 57.0 
134.0 55.0 
160.0 42.0 
145.0 48.0 
141.0 49.0 
145.0 48.0 
119.0 62.0 
133.0 57.0 
135.0 56.0 
161.0 42.0 
161.0 42.0 
141.0 51.0 
141.0 51.0 
145.0 49.0 
148.0 48.0 
145.0 49.0 
126.0 62.0 
125.0 64.0 
123.0 67.0 
121.0 69.0 
126.0 62.0 
134.0 58.0 
134.0 58.0 
136.0 56.0 
136.0 56.0 
162.0 44.0 
170.0 43.0 
170.0 43.0 
141.0 54.0 
143.0 52.0 
149.0 49.0 
146.0 50.0 
124.0 67.0 
122.0 77.0 
128.0 63.0 
128.0 63.0 
127.0 64.0 
137.0 57.0 
140.0 56.0 
136.0 60.0 
166.0 46.0 
168.0 45.0 
172.0 44.0 
143.0 55.0 
143.0 55.0 
145.0 53.0 
165.0 50.0 
149.0 51.0 
125.0 70.0 
133.0 64.0 
132.0 69.0 
137.0 58.0 
141.0 57.0 
136.0 61.0 
166.0 48.0 
171.0 46.0 
173.0 45.0 
173.0 45.0 
173.0 45.0 
145.0 54.0 
150.0 53.0 
151.0 51.0 
126.0 71.0 
126.0 71.0 
130.0 70.0 
130.0 70.0 
130.0 70.0 
126.0 71.0 
135.0 65.0 
133.0 67.0 
133.0 67.0 
138.0 58.0 
138.0 58.0 
138.0 58.0 
138.0 58.0 
138.0 58.0 
137.0 60.0 
137.0 60.0 
175.0 45.0 
175.0 45.0 
126.0 72.0 
137.0 61.0 
127.0 71.0 
167.0 48.0 
141.0 59.0 
154.0 51.0 
