2782.0 676.0 
2183.0 790.0 
2161.0 881.0 
2359.0 688.0 
2243.0 727.0 
2167.0 864.0 
2225.0 769.0 
2225.0 769.0 
2167.0 864.0 
2766.0 678.0 
2197.0 779.0 
2161.0 881.0 
2730.0 680.0 
2339.0 698.0 
2805.0 676.0 
2805.0 676.0 
2192.0 800.0 
2496.0 688.0 
2496.0 688.0 
2298.0 740.0 
2245.0 752.0 
2274.0 750.0 
2227.0 774.0 
2218.0 781.0 
2214.0 786.0 
2185.0 891.0 
2185.0 891.0 
2745.0 682.0 
2767.0 681.0 
2392.0 723.0 
2468.0 720.0 
2357.0 725.0 
2206.0 855.0 
2202.0 862.0 
2211.0 805.0 
2196.0 878.0 
2202.0 862.0 
2206.0 855.0 
2724.0 695.0 
2577.0 703.0 
2724.0 695.0 
2724.0 695.0 
2724.0 695.0 
2724.0 695.0 
2724.0 695.0 
2724.0 695.0 
2499.0 708.0 
2577.0 703.0 
2628.0 700.0 
2337.0 746.0 
2349.0 742.0 
2322.0 756.0 
2322.0 756.0 
2297.0 762.0 
2282.0 775.0 
2239.0 781.0 
2219.0 804.0 
2228.0 789.0 
2755.0 685.0 
2799.0 681.0 
2799.0 681.0 
2783.0 683.0 
2783.0 683.0 
2393.0 724.0 
2393.0 724.0 
2358.0 728.0 
2214.0 842.0 
2199.0 898.0 
2205.0 894.0 
2750.0 699.0 
2577.0 704.0 
2737.0 700.0 
2737.0 700.0 
2737.0 700.0 
2689.0 701.0 
2348.0 751.0 
2339.0 780.0 
2302.0 785.0 
2245.0 786.0 
2242.0 788.0 
2338.0 784.0 
2229.0 795.0 
2780.0 692.0 
2775.0 693.0 
2802.0 681.0 
2802.0 681.0 
2802.0 681.0 
2802.0 681.0 
2790.0 683.0 
2790.0 683.0 
2393.0 727.0 
2396.0 725.0 
2368.0 736.0 
2217.0 893.0 
2816.0 693.0 
2624.0 704.0 
2231.0 841.0 
2762.0 702.0 
2353.0 762.0 
2234.0 797.0 
