1605.0 501.0 
1668.0 470.0 
1668.0 470.0 
1668.0 470.0 
1605.0 501.0 
1668.0 470.0 
1668.0 470.0 
1784.0 430.0 
1722.0 451.0 
1605.0 501.0 
1760.0 440.0 
1784.0 430.0 
1722.0 451.0 
1675.0 464.0 
1654.0 482.0 
1696.0 457.0 
1668.0 470.0 
1719.0 454.0 
1725.0 450.0 
1605.0 501.0 
1803.0 426.0 
1654.0 482.0 
1784.0 430.0 
1719.0 454.0 
1605.0 501.0 
1760.0 440.0 
1633.0 489.0 
1780.0 431.0 
1607.0 500.0 
1696.0 457.0 
1739.0 443.0 
1760.0 440.0 
1719.0 454.0 
1668.0 470.0 
1677.0 461.0 
1626.0 494.0 
1635.0 486.0 
1748.0 441.0 
1665.0 472.0 
1810.0 429.0 
1826.0 426.0 
1826.0 426.0 
1655.0 485.0 
1658.0 482.0 
1780.0 436.0 
1782.0 433.0 
1788.0 431.0 
1788.0 431.0 
1788.0 431.0 
1788.0 431.0 
1788.0 431.0 
1788.0 431.0 
1784.0 432.0 
1788.0 431.0 
1780.0 436.0 
1784.0 432.0 
1625.0 501.0 
1625.0 501.0 
1619.0 509.0 
1625.0 501.0 
1615.0 510.0 
1619.0 509.0 
1715.0 457.0 
1700.0 458.0 
1700.0 458.0 
1741.0 444.0 
1741.0 444.0 
1741.0 444.0 
1741.0 444.0 
1741.0 444.0 
1741.0 444.0 
1723.0 455.0 
1723.0 455.0 
1723.0 455.0 
1723.0 455.0 
1723.0 455.0 
1669.0 471.0 
1669.0 471.0 
1669.0 471.0 
1681.0 462.0 
1698.0 461.0 
1681.0 462.0 
1630.0 495.0 
1630.0 495.0 
1630.0 495.0 
1626.0 496.0 
1630.0 495.0 
1637.0 490.0 
1637.0 490.0 
1637.0 490.0 
1637.0 490.0 
1637.0 490.0 
1637.0 490.0 
1648.0 487.0 
1639.0 489.0 
1766.0 441.0 
1766.0 441.0 
1766.0 441.0 
1666.0 473.0 
1666.0 473.0 
