1776.0 473.0 
1776.0 473.0 
1726.0 492.0 
1721.0 500.0 
1680.0 511.0 
1776.0 473.0 
1939.0 441.0 
1718.0 501.0 
1778.0 471.0 
1832.0 451.0 
1746.0 484.0 
1939.0 441.0 
1723.0 494.0 
1803.0 461.0 
1838.0 445.0 
1820.0 456.0 
1738.0 487.0 
1760.0 476.0 
1721.0 500.0 
1868.0 442.0 
1758.0 481.0 
1939.0 441.0 
1776.0 473.0 
1742.0 485.0 
1748.0 482.0 
1695.0 507.0 
1667.0 531.0 
1785.0 470.0 
1791.0 469.0 
1723.0 494.0 
1758.0 481.0 
1726.0 492.0 
1730.0 491.0 
1776.0 473.0 
1680.0 511.0 
1695.0 507.0 
1669.0 530.0 
1669.0 530.0 
1748.0 482.0 
1697.0 504.0 
1778.0 471.0 
1667.0 531.0 
1726.0 492.0 
1823.0 455.0 
1803.0 461.0 
1715.0 502.0 
1808.0 457.0 
1799.0 465.0 
1937.0 442.0 
1673.0 534.0 
1673.0 534.0 
1850.0 446.0 
1680.0 523.0 
1698.0 506.0 
1681.0 511.0 
1781.0 471.0 
1761.0 476.0 
1731.0 492.0 
1807.0 462.0 
1716.0 505.0 
1759.0 484.0 
1811.0 458.0 
1722.0 500.0 
1819.0 457.0 
1837.0 453.0 
1675.0 530.0 
1719.0 502.0 
1724.0 495.0 
1745.0 488.0 
1747.0 485.0 
1830.0 455.0 
1675.0 530.0 
1798.0 469.0 
1845.0 450.0 
1760.0 479.0 
1681.0 511.0 
1802.0 465.0 
1745.0 488.0 
1789.0 470.0 
1828.0 456.0 
1727.0 493.0 
1802.0 465.0 
1789.0 470.0 
1746.0 486.0 
1841.0 451.0 
1760.0 479.0 
1799.0 468.0 
1845.0 450.0 
1841.0 451.0 
1716.0 505.0 
1799.0 468.0 
1725.0 494.0 
1828.0 456.0 
1725.0 494.0 
1759.0 484.0 
1760.0 479.0 
1760.0 479.0 
1745.0 488.0 
1745.0 488.0 
1745.0 488.0 
