100.0 48.0 
111.0 39.0 
109.0 41.0 
100.0 48.0 
104.0 44.0 
109.0 41.0 
104.0 44.0 
111.0 39.0 
100.0 48.0 
96.0 61.0 
99.0 52.0 
104.0 44.0 
105.0 43.0 
113.0 39.0 
113.0 39.0 
113.0 39.0 
113.0 39.0 
113.0 39.0 
113.0 39.0 
113.0 39.0 
113.0 39.0 
113.0 39.0 
113.0 39.0 
113.0 39.0 
101.0 49.0 
101.0 49.0 
102.0 48.0 
101.0 49.0 
102.0 48.0 
101.0 49.0 
102.0 48.0 
102.0 48.0 
101.0 49.0 
98.0 62.0 
98.0 62.0 
98.0 62.0 
99.0 56.0 
104.0 47.0 
109.0 43.0 
109.0 43.0 
105.0 44.0 
109.0 43.0 
109.0 43.0 
109.0 43.0 
109.0 43.0 
109.0 43.0 
113.0 41.0 
114.0 39.0 
114.0 39.0 
113.0 41.0 
101.0 50.0 
98.0 66.0 
98.0 66.0 
98.0 66.0 
99.0 60.0 
100.0 58.0 
104.0 48.0 
106.0 44.0 
105.0 45.0 
110.0 43.0 
110.0 43.0 
116.0 39.0 
116.0 39.0 
116.0 39.0 
114.0 41.0 
101.0 52.0 
102.0 51.0 
99.0 61.0 
99.0 61.0 
99.0 61.0 
99.0 61.0 
99.0 61.0 
99.0 61.0 
99.0 61.0 
99.0 61.0 
100.0 59.0 
100.0 59.0 
104.0 50.0 
104.0 50.0 
104.0 50.0 
108.0 44.0 
106.0 45.0 
106.0 45.0 
105.0 49.0 
112.0 43.0 
112.0 43.0 
112.0 43.0 
112.0 43.0 
118.0 39.0 
118.0 39.0 
99.0 62.0 
99.0 62.0 
101.0 54.0 
106.0 46.0 
114.0 43.0 
105.0 50.0 
110.0 44.0 
116.0 40.0 
103.0 51.0 
116.0 40.0 
