93.0 157.0 
101.0 67.0 
108.0 50.0 
98.0 80.0 
89.0 182.0 
107.0 64.0 
101.0 67.0 
101.0 67.0 
97.0 81.0 
96.0 101.0 
93.0 161.0 
94.0 160.0 
94.0 160.0 
109.0 63.0 
114.0 51.0 
111.0 52.0 
123.0 50.0 
90.0 193.0 
90.0 193.0 
107.0 70.0 
99.0 85.0 
97.0 149.0 
98.0 129.0 
94.0 162.0 
109.0 64.0 
112.0 54.0 
111.0 58.0 
133.0 50.0 
130.0 51.0 
130.0 51.0 
130.0 51.0 
129.0 52.0 
126.0 53.0 
126.0 53.0 
90.0 195.0 
108.0 83.0 
100.0 103.0 
99.0 107.0 
100.0 103.0 
102.0 101.0 
104.0 94.0 
100.0 103.0 
100.0 103.0 
98.0 141.0 
98.0 141.0 
95.0 174.0 
95.0 174.0 
109.0 67.0 
121.0 54.0 
121.0 54.0 
114.0 62.0 
116.0 58.0 
116.0 58.0 
114.0 62.0 
139.0 52.0 
139.0 52.0 
139.0 52.0 
139.0 52.0 
139.0 52.0 
139.0 52.0 
139.0 52.0 
134.0 53.0 
94.0 197.0 
94.0 197.0 
108.0 85.0 
99.0 129.0 
106.0 94.0 
104.0 101.0 
106.0 94.0 
100.0 104.0 
98.0 147.0 
95.0 176.0 
111.0 68.0 
109.0 69.0 
123.0 57.0 
125.0 55.0 
126.0 54.0 
125.0 55.0 
119.0 59.0 
119.0 59.0 
118.0 60.0 
119.0 59.0 
117.0 61.0 
119.0 59.0 
116.0 62.0 
108.0 87.0 
108.0 87.0 
99.0 134.0 
99.0 134.0 
106.0 97.0 
106.0 97.0 
107.0 95.0 
100.0 114.0 
100.0 114.0 
104.0 105.0 
98.0 157.0 
95.0 192.0 
138.0 54.0 
138.0 54.0 
104.0 137.0 
