84.0 53.0 
76.0 72.0 
84.0 53.0 
95.0 47.0 
86.0 52.0 
76.0 72.0 
92.0 49.0 
77.0 68.0 
92.0 49.0 
89.0 50.0 
76.0 72.0 
76.0 72.0 
79.0 62.0 
95.0 47.0 
109.0 46.0 
86.0 54.0 
94.0 50.0 
92.0 52.0 
89.0 53.0 
78.0 72.0 
85.0 68.0 
81.0 70.0 
98.0 47.0 
95.0 49.0 
86.0 59.0 
87.0 55.0 
87.0 55.0 
91.0 53.0 
89.0 54.0 
78.0 73.0 
79.0 72.0 
79.0 72.0 
78.0 73.0 
81.0 71.0 
84.0 70.0 
81.0 71.0 
81.0 71.0 
84.0 70.0 
105.0 47.0 
98.0 48.0 
96.0 50.0 
96.0 50.0 
96.0 50.0 
86.0 61.0 
88.0 55.0 
88.0 55.0 
87.0 57.0 
88.0 55.0 
88.0 55.0 
95.0 54.0 
95.0 54.0 
78.0 75.0 
79.0 73.0 
83.0 71.0 
82.0 72.0 
106.0 47.0 
98.0 49.0 
100.0 48.0 
98.0 49.0 
97.0 50.0 
97.0 50.0 
96.0 51.0 
86.0 69.0 
87.0 66.0 
89.0 55.0 
88.0 56.0 
88.0 56.0 
78.0 80.0 
81.0 73.0 
79.0 74.0 
79.0 74.0 
79.0 74.0 
84.0 72.0 
84.0 72.0 
110.0 47.0 
110.0 47.0 
110.0 47.0 
102.0 48.0 
99.0 49.0 
98.0 50.0 
98.0 50.0 
98.0 50.0 
98.0 50.0 
96.0 54.0 
79.0 75.0 
79.0 75.0 
103.0 48.0 
103.0 48.0 
88.0 68.0 
99.0 51.0 
91.0 55.0 
85.0 72.0 
89.0 57.0 
81.0 74.0 
100.0 49.0 
90.0 56.0 
81.0 74.0 
89.0 57.0 
100.0 49.0 
89.0 57.0 
