127.0 60.0 
112.0 81.0 
107.0 151.0 
127.0 60.0 
103.0 168.0 
104.0 156.0 
130.0 57.0 
144.0 54.0 
115.0 103.0 
119.0 91.0 
122.0 85.0 
110.0 151.0 
129.0 79.0 
127.0 82.0 
104.0 168.0 
107.0 157.0 
131.0 78.0 
135.0 65.0 
138.0 64.0 
138.0 64.0 
161.0 59.0 
146.0 60.0 
116.0 124.0 
120.0 100.0 
119.0 105.0 
124.0 91.0 
122.0 94.0 
124.0 91.0 
128.0 90.0 
129.0 85.0 
104.0 183.0 
105.0 179.0 
108.0 160.0 
108.0 160.0 
107.0 177.0 
132.0 80.0 
132.0 80.0 
131.0 82.0 
135.0 75.0 
140.0 73.0 
143.0 70.0 
143.0 70.0 
167.0 60.0 
148.0 61.0 
167.0 60.0 
116.0 155.0 
121.0 103.0 
119.0 119.0 
120.0 117.0 
122.0 102.0 
125.0 92.0 
130.0 88.0 
106.0 186.0 
106.0 186.0 
108.0 172.0 
111.0 163.0 
113.0 161.0 
107.0 185.0 
133.0 87.0 
137.0 80.0 
136.0 86.0 
146.0 77.0 
160.0 61.0 
148.0 76.0 
149.0 62.0 
121.0 108.0 
121.0 108.0 
121.0 108.0 
119.0 130.0 
119.0 130.0 
125.0 93.0 
132.0 89.0 
108.0 176.0 
108.0 176.0 
111.0 168.0 
114.0 162.0 
139.0 83.0 
144.0 81.0 
139.0 83.0 
136.0 87.0 
148.0 78.0 
148.0 78.0 
154.0 63.0 
152.0 64.0 
150.0 66.0 
152.0 64.0 
149.0 67.0 
108.0 178.0 
161.0 65.0 
133.0 90.0 
148.0 84.0 
122.0 111.0 
121.0 140.0 
111.0 171.0 
152.0 68.0 
119.0 151.0 
117.0 164.0 
127.0 93.0 
125.0 102.0 
124.0 109.0 
