108.0 178.0 
131.0 78.0 
121.0 108.0 
127.0 93.0 
165.0 67.0 
114.0 172.0 
167.0 60.0 
152.0 72.0 
140.0 73.0 
135.0 75.0 
106.0 186.0 
157.0 71.0 
111.0 180.0 
111.0 180.0 
108.0 182.0 
132.0 80.0 
123.0 113.0 
122.0 171.0 
129.0 99.0 
129.0 99.0 
165.0 68.0 
165.0 68.0 
118.0 176.0 
116.0 178.0 
116.0 178.0 
167.0 67.0 
155.0 74.0 
151.0 75.0 
148.0 78.0 
158.0 71.0 
108.0 183.0 
132.0 96.0 
141.0 86.0 
133.0 90.0 
139.0 87.0 
125.0 113.0 
124.0 142.0 
131.0 101.0 
166.0 68.0 
122.0 176.0 
175.0 67.0 
175.0 67.0 
151.0 76.0 
148.0 79.0 
112.0 224.0 
112.0 224.0 
112.0 224.0 
112.0 224.0 
112.0 224.0 
113.0 211.0 
119.0 202.0 
134.0 99.0 
135.0 97.0 
139.0 90.0 
141.0 87.0 
127.0 120.0 
129.0 115.0 
124.0 162.0 
124.0 162.0 
125.0 148.0 
124.0 162.0 
167.0 74.0 
168.0 68.0 
123.0 199.0 
122.0 201.0 
156.0 76.0 
151.0 79.0 
117.0 215.0 
117.0 215.0 
114.0 220.0 
121.0 204.0 
120.0 214.0 
134.0 102.0 
134.0 102.0 
145.0 92.0 
141.0 95.0 
146.0 91.0 
128.0 132.0 
129.0 125.0 
126.0 149.0 
124.0 183.0 
125.0 173.0 
169.0 69.0 
173.0 68.0 
168.0 70.0 
158.0 76.0 
158.0 76.0 
152.0 80.0 
115.0 223.0 
169.0 71.0 
169.0 71.0 
126.0 176.0 
129.0 135.0 
137.0 110.0 
124.0 195.0 
143.0 96.0 
136.0 125.0 
146.0 93.0 
124.0 195.0 
152.0 86.0 
