115.0 29.0 
87.0 34.0 
66.0 76.0 
67.0 36.0 
66.0 83.0 
70.0 74.0 
80.0 53.0 
84.0 39.0 
98.0 36.0 
76.0 54.0 
75.0 84.0 
74.0 102.0 
88.0 48.0 
97.0 41.0 
96.0 46.0 
128.0 39.0 
76.0 72.0 
78.0 67.0 
81.0 56.0 
89.0 50.0 
106.0 41.0 
104.0 46.0 
163.0 39.0 
77.0 84.0 
79.0 78.0 
80.0 74.0 
82.0 58.0 
102.0 51.0 
92.0 54.0 
106.0 45.0 
133.0 43.0 
105.0 48.0 
190.0 42.0 
77.0 86.0 
82.0 59.0 
102.0 52.0 
92.0 58.0 
95.0 55.0 
98.0 54.0 
112.0 48.0 
109.0 49.0 
109.0 49.0 
105.0 51.0 
109.0 49.0 
77.0 95.0 
78.0 94.0 
83.0 62.0 
86.0 59.0 
98.0 58.0 
99.0 56.0 
126.0 48.0 
106.0 51.0 
110.0 49.0 
77.0 106.0 
77.0 106.0 
83.0 78.0 
85.0 66.0 
90.0 61.0 
99.0 57.0 
157.0 48.0 
106.0 55.0 
106.0 55.0 
110.0 53.0 
133.0 49.0 
111.0 51.0 
83.0 97.0 
85.0 76.0 
92.0 64.0 
90.0 75.0 
98.0 61.0 
94.0 63.0 
92.0 64.0 
104.0 58.0 
118.0 51.0 
113.0 54.0 
117.0 53.0 
84.0 103.0 
85.0 101.0 
86.0 78.0 
99.0 61.0 
93.0 69.0 
93.0 69.0 
94.0 66.0 
97.0 65.0 
105.0 58.0 
121.0 51.0 
113.0 57.0 
120.0 53.0 
88.0 78.0 
86.0 81.0 
87.0 80.0 
99.0 62.0 
93.0 70.0 
95.0 69.0 
97.0 68.0 
128.0 51.0 
86.0 123.0 
87.0 86.0 
93.0 71.0 
107.0 60.0 
