39.0 22.0 
45.0 13.0 
22.0 34.0 
37.0 29.0 
34.0 30.0 
45.0 28.0 
46.0 23.0 
50.0 16.0 
27.0 42.0 
31.0 36.0 
38.0 29.0 
35.0 34.0 
46.0 28.0 
47.0 25.0 
46.0 28.0 
52.0 21.0 
55.0 17.0 
30.0 49.0 
34.0 40.0 
33.0 42.0 
43.0 30.0 
40.0 31.0 
39.0 32.0 
37.0 38.0 
48.0 27.0 
50.0 25.0 
54.0 21.0 
60.0 18.0 
35.0 42.0 
42.0 31.0 
42.0 31.0 
39.0 36.0 
40.0 33.0 
52.0 26.0 
52.0 26.0 
51.0 28.0 
51.0 28.0 
50.0 30.0 
51.0 28.0 
55.0 21.0 
55.0 21.0 
95.0 18.0 
61.0 19.0 
38.0 43.0 
36.0 52.0 
42.0 32.0 
44.0 31.0 
39.0 37.0 
41.0 34.0 
53.0 26.0 
51.0 29.0 
56.0 21.0 
74.0 19.0 
37.0 55.0 
37.0 55.0 
43.0 32.0 
39.0 39.0 
41.0 36.0 
54.0 28.0 
57.0 24.0 
57.0 24.0 
58.0 22.0 
57.0 24.0 
56.0 26.0 
57.0 24.0 
60.0 21.0 
99.0 19.0 
37.0 73.0 
44.0 34.0 
49.0 33.0 
39.0 40.0 
39.0 40.0 
43.0 38.0 
42.0 39.0 
54.0 29.0 
54.0 29.0 
54.0 29.0 
59.0 23.0 
56.0 27.0 
58.0 25.0 
64.0 21.0 
106.0 19.0 
45.0 34.0 
39.0 46.0 
40.0 41.0 
43.0 40.0 
44.0 39.0 
54.0 30.0 
54.0 30.0 
60.0 23.0 
59.0 27.0 
68.0 22.0 
69.0 21.0 
110.0 19.0 
45.0 35.0 
46.0 34.0 
39.0 47.0 
42.0 43.0 
80.0 21.0 
80.0 21.0 
