869.0 146.0 
869.0 146.0 
389.0 185.0 
869.0 146.0 
327.0 210.0 
1003.0 142.0 
869.0 146.0 
869.0 146.0 
432.0 176.0 
869.0 146.0 
1003.0 142.0 
869.0 146.0 
869.0 146.0 
1516.0 122.0 
1245.0 133.0 
1003.0 142.0 
1516.0 122.0 
447.0 173.0 
1465.0 124.0 
869.0 146.0 
381.0 186.0 
1350.0 128.0 
428.0 177.0 
1519.0 120.0 
446.0 174.0 
1003.0 142.0 
389.0 185.0 
1350.0 128.0 
1384.0 127.0 
428.0 177.0 
1194.0 136.0 
713.0 157.0 
528.0 166.0 
1003.0 142.0 
1218.0 134.0 
325.0 221.0 
415.0 179.0 
843.0 149.0 
1163.0 138.0 
1003.0 142.0 
1516.0 122.0 
432.0 176.0 
608.0 160.0 
425.0 178.0 
395.0 181.0 
1734.0 114.0 
1465.0 124.0 
1384.0 127.0 
1757.0 113.0 
1594.0 119.0 
843.0 149.0 
446.0 174.0 
415.0 179.0 
1519.0 120.0 
794.0 152.0 
1059.0 141.0 
441.0 175.0 
742.0 154.0 
1734.0 114.0 
447.0 173.0 
1297.0 131.0 
362.0 191.0 
428.0 177.0 
950.0 143.0 
372.0 187.0 
446.0 174.0 
608.0 160.0 
1062.0 140.0 
794.0 152.0 
1324.0 129.0 
447.0 173.0 
1516.0 122.0 
846.0 147.0 
1270.0 132.0 
1594.0 119.0 
1757.0 113.0 
330.0 211.0 
1756.0 114.0 
1597.0 119.0 
1166.0 138.0 
362.0 195.0 
344.0 210.0 
713.0 158.0 
1521.0 124.0 
384.0 186.0 
797.0 152.0 
552.0 167.0 
1465.0 125.0 
1735.0 118.0 
870.0 146.0 
429.0 177.0 
957.0 143.0 
638.0 163.0 
1082.0 142.0 
366.0 193.0 
1083.0 141.0 
448.0 173.0 
638.0 163.0 
950.0 144.0 
1406.0 128.0 
