1593.0 127.0 
338.0 208.0 
585.0 169.0 
1331.0 135.0 
539.0 174.0 
286.0 243.0 
1331.0 135.0 
388.0 185.0 
388.0 185.0 
357.0 199.0 
539.0 174.0 
1135.0 146.0 
386.0 186.0 
703.0 163.0 
666.0 166.0 
1138.0 140.0 
476.0 179.0 
1135.0 146.0 
1593.0 127.0 
349.0 207.0 
1487.0 129.0 
598.0 168.0 
1572.0 128.0 
470.0 180.0 
1135.0 146.0 
1637.0 119.0 
1251.0 136.0 
464.0 182.0 
1424.0 131.0 
841.0 154.0 
1444.0 130.0 
861.0 150.0 
1628.0 125.0 
506.0 176.0 
388.0 185.0 
1251.0 136.0 
735.0 159.0 
845.0 152.0 
316.0 209.0 
557.0 171.0 
1377.0 132.0 
778.0 157.0 
784.0 155.0 
977.0 147.0 
1572.0 128.0 
296.0 214.0 
294.0 237.0 
1211.0 139.0 
784.0 155.0 
287.0 242.0 
374.0 198.0 
383.0 195.0 
287.0 242.0 
712.0 161.0 
1572.0 128.0 
286.0 243.0 
1672.0 119.0 
1672.0 119.0 
286.0 253.0 
316.0 210.0 
1229.0 139.0 
1323.0 136.0 
782.0 157.0 
998.0 152.0 
371.0 202.0 
1603.0 127.0 
564.0 173.0 
867.0 153.0 
402.0 191.0 
1427.0 132.0 
288.0 242.0 
1138.0 141.0 
296.0 239.0 
299.0 225.0 
1385.0 134.0 
1494.0 129.0 
1122.0 147.0 
666.0 168.0 
477.0 179.0 
303.0 220.0 
464.0 183.0 
417.0 186.0 
867.0 153.0 
602.0 170.0 
1630.0 125.0 
1494.0 129.0 
641.0 169.0 
436.0 185.0 
735.0 160.0 
376.0 198.0 
711.0 163.0 
711.0 163.0 
477.0 179.0 
376.0 198.0 
1639.0 122.0 
1081.0 149.0 
1037.0 150.0 
1645.0 120.0 
302.0 221.0 
735.0 160.0 
