136.0 43.0 
65.0 74.0 
102.0 46.0 
136.0 43.0 
80.0 52.0 
90.0 48.0 
71.0 59.0 
66.0 64.0 
102.0 46.0 
61.0 75.0 
138.0 42.0 
165.0 35.0 
97.0 47.0 
102.0 46.0 
72.0 58.0 
144.0 39.0 
198.0 33.0 
74.0 56.0 
104.0 44.0 
81.0 52.0 
90.0 50.0 
90.0 50.0 
90.0 50.0 
71.0 63.0 
67.0 73.0 
62.0 76.0 
65.0 75.0 
65.0 75.0 
141.0 43.0 
141.0 43.0 
181.0 37.0 
97.0 48.0 
73.0 58.0 
145.0 41.0 
148.0 39.0 
199.0 35.0 
219.0 34.0 
78.0 57.0 
104.0 46.0 
108.0 44.0 
81.0 55.0 
87.0 52.0 
71.0 68.0 
69.0 73.0 
69.0 73.0 
64.0 78.0 
67.0 77.0 
68.0 75.0 
98.0 49.0 
102.0 48.0 
98.0 49.0 
73.0 67.0 
73.0 67.0 
76.0 66.0 
76.0 66.0 
145.0 42.0 
153.0 41.0 
212.0 35.0 
207.0 38.0 
79.0 57.0 
108.0 46.0 
119.0 45.0 
135.0 44.0 
83.0 55.0 
88.0 52.0 
71.0 69.0 
70.0 77.0 
104.0 48.0 
102.0 51.0 
74.0 68.0 
74.0 68.0 
147.0 43.0 
149.0 42.0 
166.0 41.0 
166.0 41.0 
212.0 37.0 
219.0 35.0 
79.0 62.0 
80.0 60.0 
82.0 58.0 
79.0 62.0 
111.0 46.0 
109.0 47.0 
134.0 45.0 
139.0 44.0 
139.0 44.0 
139.0 44.0 
139.0 44.0 
71.0 70.0 
213.0 38.0 
167.0 41.0 
112.0 46.0 
96.0 52.0 
76.0 68.0 
152.0 42.0 
137.0 45.0 
83.0 56.0 
80.0 61.0 
167.0 41.0 
141.0 44.0 
