66.0 43.0 
66.0 43.0 
66.0 43.0 
66.0 43.0 
66.0 43.0 
69.0 41.0 
122.0 25.0 
69.0 41.0 
69.0 41.0 
121.0 26.0 
69.0 41.0 
69.0 41.0 
108.0 29.0 
121.0 26.0 
66.0 43.0 
69.0 41.0 
55.0 49.0 
66.0 43.0 
69.0 41.0 
108.0 29.0 
124.0 24.0 
85.0 35.0 
80.0 38.0 
101.0 30.0 
50.0 50.0 
108.0 29.0 
66.0 43.0 
69.0 41.0 
69.0 41.0 
87.0 34.0 
45.0 52.0 
69.0 41.0 
87.0 34.0 
62.0 44.0 
66.0 43.0 
108.0 29.0 
108.0 29.0 
57.0 46.0 
108.0 29.0 
69.0 41.0 
66.0 43.0 
66.0 43.0 
108.0 29.0 
66.0 43.0 
115.0 27.0 
99.0 31.0 
57.0 46.0 
121.0 26.0 
56.0 47.0 
69.0 41.0 
55.0 49.0 
122.0 25.0 
66.0 43.0 
66.0 43.0 
97.0 32.0 
97.0 32.0 
69.0 41.0 
66.0 43.0 
66.0 43.0 
97.0 32.0 
115.0 27.0 
67.0 42.0 
108.0 29.0 
69.0 41.0 
57.0 46.0 
57.0 46.0 
50.0 50.0 
66.0 43.0 
69.0 41.0 
66.0 43.0 
80.0 38.0 
122.0 25.0 
62.0 44.0 
94.0 33.0 
97.0 32.0 
121.0 26.0 
66.0 43.0 
69.0 41.0 
66.0 43.0 
80.0 38.0 
69.0 41.0 
121.0 26.0 
66.0 43.0 
66.0 43.0 
55.0 49.0 
82.0 37.0 
73.0 39.0 
56.0 47.0 
125.0 24.0 
125.0 24.0 
46.0 52.0 
46.0 52.0 
56.0 48.0 
62.0 45.0 
115.0 28.0 
74.0 40.0 
98.0 32.0 
57.0 47.0 
102.0 30.0 
85.0 36.0 
