1358.0 176.0 
1715.0 161.0 
1026.0 188.0 
861.0 195.0 
777.0 202.0 
851.0 196.0 
542.0 215.0 
906.0 191.0 
1473.0 170.0 
1021.0 189.0 
1368.0 172.0 
542.0 215.0 
1279.0 177.0 
1153.0 182.0 
1769.0 159.0 
694.0 209.0 
861.0 195.0 
1660.0 163.0 
1021.0 189.0 
766.0 203.0 
863.0 194.0 
1359.0 173.0 
851.0 196.0 
375.0 232.0 
751.0 208.0 
1037.0 184.0 
1174.0 178.0 
1427.0 171.0 
1474.0 168.0 
756.0 204.0 
642.0 210.0 
827.0 201.0 
396.0 219.0 
845.0 200.0 
753.0 205.0 
1608.0 165.0 
1576.0 167.0 
1719.0 161.0 
807.0 202.0 
807.0 202.0 
912.0 191.0 
909.0 193.0 
1418.0 172.0 
619.0 215.0 
542.0 216.0 
1315.0 177.0 
1154.0 183.0 
1670.0 164.0 
1689.0 163.0 
1025.0 189.0 
1023.0 190.0 
771.0 203.0 
870.0 194.0 
866.0 195.0 
866.0 195.0 
866.0 195.0 
1364.0 174.0 
1397.0 173.0 
860.0 197.0 
860.0 197.0 
378.0 233.0 
1037.0 187.0 
1153.0 184.0 
1181.0 181.0 
1181.0 181.0 
1181.0 181.0 
1292.0 178.0 
1206.0 180.0 
1292.0 178.0 
1523.0 169.0 
1490.0 171.0 
1490.0 171.0 
1498.0 170.0 
758.0 204.0 
758.0 204.0 
758.0 204.0 
758.0 204.0 
699.0 210.0 
699.0 210.0 
654.0 211.0 
835.0 201.0 
404.0 227.0 
437.0 222.0 
430.0 225.0 
493.0 219.0 
404.0 227.0 
434.0 223.0 
1618.0 165.0 
1615.0 168.0 
1722.0 161.0 
380.0 236.0 
890.0 194.0 
1033.0 193.0 
1452.0 172.0 
1318.0 178.0 
1635.0 165.0 
763.0 205.0 
845.0 201.0 
1230.0 180.0 
625.0 215.0 
