483.0 356.0 
1111.0 268.0 
544.0 316.0 
624.0 303.0 
1401.0 252.0 
483.0 356.0 
923.0 278.0 
826.0 285.0 
627.0 291.0 
1695.0 244.0 
508.0 327.0 
496.0 353.0 
500.0 343.0 
568.0 310.0 
1151.0 267.0 
1532.0 246.0 
1169.0 263.0 
1811.0 233.0 
774.0 286.0 
1116.0 273.0 
544.0 317.0 
1422.0 258.0 
493.0 358.0 
1052.0 278.0 
937.0 280.0 
657.0 305.0 
630.0 309.0 
666.0 299.0 
645.0 306.0 
520.0 329.0 
539.0 327.0 
515.0 337.0 
514.0 338.0 
497.0 357.0 
501.0 345.0 
501.0 345.0 
579.0 312.0 
579.0 312.0 
1152.0 268.0 
1152.0 268.0 
1593.0 251.0 
1554.0 253.0 
1307.0 264.0 
1273.0 267.0 
1819.0 243.0 
1819.0 243.0 
1911.0 240.0 
906.0 288.0 
789.0 296.0 
826.0 292.0 
1143.0 277.0 
551.0 326.0 
555.0 321.0 
552.0 325.0 
571.0 317.0 
1432.0 261.0 
494.0 364.0 
1112.0 279.0 
937.0 281.0 
631.0 310.0 
667.0 300.0 
751.0 299.0 
646.0 308.0 
521.0 336.0 
525.0 330.0 
500.0 362.0 
500.0 362.0 
504.0 350.0 
501.0 358.0 
604.0 315.0 
1177.0 272.0 
1163.0 274.0 
1163.0 274.0 
1179.0 268.0 
1667.0 253.0 
1561.0 259.0 
1343.0 266.0 
1832.0 248.0 
1833.0 244.0 
2041.0 241.0 
2041.0 241.0 
916.0 293.0 
501.0 359.0 
1899.0 245.0 
1184.0 271.0 
1451.0 261.0 
1430.0 269.0 
1678.0 260.0 
934.0 295.0 
1112.0 280.0 
522.0 345.0 
1700.0 255.0 
692.0 300.0 
1824.0 253.0 
941.0 283.0 
973.0 281.0 
850.0 299.0 
525.0 334.0 
1183.0 275.0 
519.0 356.0 
