34.0 10.0 
34.0 10.0 
34.0 10.0 
24.0 13.0 
38.0 10.0 
36.0 12.0 
38.0 10.0 
26.0 14.0 
26.0 14.0 
26.0 14.0 
26.0 14.0 
45.0 10.0 
33.0 19.0 
34.0 16.0 
28.0 21.0 
34.0 16.0 
35.0 14.0 
52.0 11.0 
52.0 11.0 
52.0 11.0 
48.0 13.0 
52.0 11.0 
48.0 13.0 
33.0 20.0 
33.0 20.0 
32.0 23.0 
32.0 23.0 
34.0 19.0 
36.0 14.0 
36.0 14.0 
36.0 14.0 
35.0 17.0 
54.0 11.0 
39.0 15.0 
46.0 14.0 
35.0 25.0 
35.0 25.0 
35.0 25.0 
35.0 25.0 
36.0 17.0 
55.0 13.0 
56.0 12.0 
41.0 16.0 
49.0 14.0 
36.0 20.0 
42.0 16.0 
41.0 19.0 
51.0 15.0 
55.0 14.0 
51.0 15.0 
36.0 21.0 
42.0 17.0 
44.0 16.0 
44.0 16.0 
44.0 16.0 
42.0 17.0 
44.0 16.0 
44.0 16.0 
44.0 16.0 
44.0 16.0 
58.0 14.0 
58.0 14.0 
56.0 15.0 
36.0 23.0 
36.0 23.0 
39.0 21.0 
43.0 17.0 
42.0 18.0 
43.0 17.0 
45.0 16.0 
62.0 14.0 
59.0 15.0 
59.0 15.0 
37.0 26.0 
40.0 23.0 
39.0 25.0 
42.0 19.0 
43.0 18.0 
44.0 17.0 
43.0 18.0 
43.0 18.0 
46.0 16.0 
62.0 15.0 
62.0 15.0 
38.0 34.0 
38.0 34.0 
41.0 24.0 
41.0 24.0 
41.0 24.0 
42.0 22.0 
45.0 17.0 
45.0 17.0 
43.0 19.0 
47.0 16.0 
47.0 16.0 
47.0 16.0 
63.0 15.0 
41.0 26.0 
42.0 25.0 
42.0 25.0 
