221.0 79.0 
267.0 76.0 
200.0 80.0 
192.0 112.0 
223.0 77.0 
216.0 82.0 
212.0 122.0 
215.0 114.0 
224.0 77.0 
220.0 84.0 
216.0 112.0 
216.0 112.0 
218.0 88.0 
220.0 84.0 
215.0 115.0 
215.0 115.0 
248.0 79.0 
248.0 79.0 
248.0 79.0 
244.0 80.0 
232.0 82.0 
221.0 97.0 
222.0 85.0 
215.0 126.0 
259.0 80.0 
243.0 82.0 
232.0 83.0 
232.0 83.0 
243.0 82.0 
232.0 83.0 
221.0 111.0 
223.0 86.0 
215.0 127.0 
281.0 81.0 
257.0 82.0 
257.0 82.0 
257.0 82.0 
257.0 82.0 
257.0 82.0 
237.0 83.0 
224.0 91.0 
224.0 91.0 
226.0 86.0 
225.0 87.0 
224.0 91.0 
224.0 91.0 
224.0 91.0 
239.0 84.0 
237.0 85.0 
247.0 83.0 
228.0 86.0 
225.0 90.0 
226.0 88.0 
224.0 92.0 
224.0 92.0 
243.0 84.0 
243.0 84.0 
240.0 85.0 
254.0 83.0 
230.0 86.0 
229.0 89.0 
226.0 90.0 
229.0 89.0 
224.0 93.0 
245.0 84.0 
245.0 84.0 
242.0 85.0 
242.0 85.0 
257.0 83.0 
234.0 88.0 
227.0 90.0 
231.0 89.0 
225.0 109.0 
225.0 109.0 
225.0 109.0 
226.0 97.0 
225.0 109.0 
253.0 84.0 
243.0 86.0 
242.0 87.0 
246.0 85.0 
236.0 88.0 
227.0 92.0 
229.0 91.0 
234.0 90.0 
235.0 89.0 
235.0 89.0 
226.0 116.0 
260.0 84.0 
243.0 87.0 
247.0 85.0 
247.0 85.0 
246.0 86.0 
226.0 121.0 
264.0 84.0 
264.0 84.0 
227.0 93.0 
249.0 85.0 
246.0 87.0 
238.0 88.0 
