1934.0 584.0 
2118.0 547.0 
1917.0 601.0 
1896.0 608.0 
2035.0 555.0 
2118.0 547.0 
1960.0 567.0 
1919.0 596.0 
1896.0 608.0 
1900.0 604.0 
1939.0 574.0 
1917.0 601.0 
1958.0 570.0 
1914.0 603.0 
1896.0 608.0 
2001.0 558.0 
2118.0 547.0 
2118.0 547.0 
2118.0 547.0 
2040.0 550.0 
1896.0 608.0 
1896.0 608.0 
1917.0 601.0 
1938.0 580.0 
1934.0 592.0 
1937.0 585.0 
2038.0 556.0 
1960.0 568.0 
1960.0 568.0 
1919.0 597.0 
1919.0 597.0 
1900.0 605.0 
1943.0 579.0 
1952.0 575.0 
1952.0 575.0 
1949.0 578.0 
1952.0 575.0 
1952.0 575.0 
1949.0 578.0 
1952.0 575.0 
1952.0 575.0 
2004.0 558.0 
2001.0 564.0 
2004.0 558.0 
2060.0 553.0 
2073.0 551.0 
1899.0 608.0 
1899.0 608.0 
1899.0 608.0 
1899.0 608.0 
1941.0 580.0 
1941.0 580.0 
1941.0 580.0 
1938.0 584.0 
2057.0 556.0 
2042.0 557.0 
2057.0 556.0 
2057.0 556.0 
2042.0 557.0 
2057.0 556.0 
1960.0 569.0 
1960.0 569.0 
1922.0 601.0 
1928.0 597.0 
1908.0 605.0 
1906.0 606.0 
1948.0 579.0 
1956.0 577.0 
2005.0 565.0 
2006.0 559.0 
2061.0 555.0 
2061.0 555.0 
2061.0 555.0 
2142.0 552.0 
2074.0 553.0 
1899.0 609.0 
1899.0 609.0 
1899.0 609.0 
1899.0 609.0 
1899.0 609.0 
1899.0 609.0 
1899.0 609.0 
1899.0 609.0 
1899.0 609.0 
1899.0 609.0 
1944.0 580.0 
1944.0 580.0 
1938.0 585.0 
1938.0 585.0 
1938.0 585.0 
1943.0 584.0 
1943.0 584.0 
1943.0 584.0 
1943.0 584.0 
1943.0 584.0 
1938.0 585.0 
1943.0 584.0 
1943.0 584.0 
1938.0 585.0 
2066.0 555.0 
