1822.0 542.0 
1811.0 548.0 
1850.0 534.0 
1811.0 548.0 
1832.0 537.0 
1850.0 534.0 
1955.0 519.0 
1914.0 522.0 
1811.0 548.0 
1977.0 512.0 
1963.0 514.0 
1811.0 548.0 
1850.0 534.0 
1842.0 536.0 
1962.0 518.0 
1822.0 542.0 
1832.0 538.0 
1835.0 537.0 
1957.0 521.0 
1957.0 521.0 
1932.0 524.0 
1972.0 514.0 
1972.0 514.0 
1969.0 515.0 
1972.0 514.0 
1811.0 549.0 
1811.0 549.0 
1850.0 535.0 
1830.0 546.0 
1838.0 541.0 
1845.0 538.0 
1957.0 523.0 
1962.0 521.0 
1957.0 523.0 
1932.0 532.0 
1944.0 525.0 
1937.0 529.0 
1947.0 524.0 
1983.0 514.0 
1972.0 515.0 
1983.0 514.0 
1983.0 514.0 
1972.0 515.0 
1829.0 550.0 
1821.0 555.0 
1821.0 555.0 
1828.0 554.0 
1853.0 535.0 
1833.0 546.0 
1838.0 542.0 
1848.0 538.0 
1848.0 538.0 
1848.0 538.0 
1848.0 538.0 
1848.0 538.0 
1848.0 538.0 
1848.0 538.0 
1848.0 538.0 
1848.0 538.0 
1846.0 539.0 
1848.0 538.0 
1848.0 538.0 
1961.0 523.0 
1933.0 532.0 
1932.0 533.0 
1952.0 524.0 
1952.0 524.0 
1950.0 525.0 
1948.0 529.0 
1950.0 525.0 
1952.0 524.0 
1976.0 516.0 
1989.0 515.0 
1989.0 515.0 
1989.0 515.0 
1989.0 515.0 
1973.0 517.0 
1832.0 550.0 
1829.0 553.0 
1832.0 550.0 
1830.0 551.0 
1829.0 553.0 
1829.0 553.0 
1832.0 550.0 
1829.0 553.0 
1829.0 553.0 
1866.0 537.0 
1866.0 537.0 
1866.0 537.0 
1877.0 536.0 
1834.0 547.0 
1836.0 546.0 
1836.0 546.0 
1984.0 518.0 
1829.0 554.0 
1829.0 554.0 
1865.0 538.0 
1909.0 536.0 
1950.0 528.0 
1932.0 534.0 
