2464.0 760.0 
3343.0 679.0 
2499.0 754.0 
2615.0 697.0 
3276.0 683.0 
2397.0 821.0 
2562.0 731.0 
2499.0 754.0 
3240.0 686.0 
3343.0 679.0 
2390.0 836.0 
2404.0 814.0 
2517.0 747.0 
2598.0 715.0 
2729.0 696.0 
2582.0 725.0 
2476.0 780.0 
2680.0 699.0 
2573.0 732.0 
2501.0 767.0 
2501.0 767.0 
3273.0 695.0 
3310.0 687.0 
3347.0 680.0 
3345.0 685.0 
2430.0 833.0 
2448.0 820.0 
2437.0 832.0 
2414.0 841.0 
2523.0 754.0 
2518.0 765.0 
2545.0 752.0 
3266.0 696.0 
2789.0 698.0 
3220.0 697.0 
2789.0 698.0 
3220.0 697.0 
2789.0 698.0 
2789.0 698.0 
2605.0 725.0 
2483.0 802.0 
2687.0 699.0 
2602.0 732.0 
2579.0 735.0 
2574.0 745.0 
3331.0 687.0 
3315.0 692.0 
3321.0 690.0 
3318.0 691.0 
2452.0 827.0 
2461.0 825.0 
2435.0 849.0 
2428.0 855.0 
2524.0 755.0 
3296.0 698.0 
3296.0 698.0 
2677.0 730.0 
2485.0 806.0 
2786.0 702.0 
2786.0 702.0 
2786.0 702.0 
2717.0 706.0 
2786.0 702.0 
2786.0 702.0 
2915.0 700.0 
2611.0 733.0 
2591.0 741.0 
3352.0 687.0 
3352.0 687.0 
3350.0 690.0 
3350.0 690.0 
3330.0 694.0 
2457.0 835.0 
2454.0 840.0 
2452.0 866.0 
2452.0 866.0 
2549.0 760.0 
2530.0 801.0 
2545.0 786.0 
3300.0 699.0 
3300.0 699.0 
3356.0 687.0 
3356.0 687.0 
2456.0 844.0 
2456.0 844.0 
2873.0 702.0 
3232.0 700.0 
2559.0 766.0 
2596.0 741.0 
2717.0 724.0 
2548.0 792.0 
2488.0 818.0 
3318.0 699.0 
2657.0 733.0 
2555.0 775.0 
2491.0 806.0 
2487.0 835.0 
2611.0 734.0 
3355.0 692.0 
2533.0 801.0 
