1766.0 371.0 
1648.0 429.0 
1648.0 429.0 
1766.0 371.0 
1725.0 385.0 
1707.0 391.0 
1683.0 414.0 
1665.0 415.0 
1704.0 401.0 
1745.0 382.0 
1694.0 406.0 
1763.0 376.0 
1748.0 377.0 
1661.0 419.0 
1694.0 406.0 
1661.0 419.0 
1704.0 401.0 
1683.0 414.0 
1745.0 382.0 
1748.0 377.0 
1763.0 376.0 
1766.0 371.0 
1661.0 419.0 
1694.0 406.0 
1683.0 414.0 
1704.0 401.0 
1745.0 382.0 
1763.0 376.0 
1766.0 371.0 
1661.0 419.0 
1694.0 406.0 
1683.0 414.0 
1704.0 401.0 
1745.0 382.0 
1763.0 376.0 
1694.0 406.0 
1683.0 414.0 
1704.0 401.0 
1745.0 382.0 
1763.0 376.0 
1683.0 414.0 
1694.0 406.0 
1745.0 382.0 
1683.0 414.0 
1683.0 414.0 
1683.0 414.0 
1683.0 414.0 
1694.0 406.0 
1683.0 414.0 
1694.0 406.0 
1694.0 406.0 
1683.0 414.0 
1683.0 414.0 
1694.0 406.0 
1694.0 406.0 
1683.0 414.0 
1683.0 414.0 
1683.0 414.0 
1694.0 406.0 
1683.0 414.0 
1683.0 414.0 
1694.0 406.0 
1683.0 414.0 
1683.0 414.0 
1694.0 406.0 
1683.0 414.0 
1694.0 406.0 
1694.0 406.0 
1683.0 414.0 
1683.0 414.0 
1694.0 406.0 
1683.0 414.0 
1683.0 414.0 
1683.0 414.0 
1694.0 406.0 
1683.0 414.0 
1683.0 414.0 
1694.0 406.0 
1683.0 414.0 
1683.0 414.0 
1694.0 406.0 
1683.0 414.0 
1694.0 406.0 
1694.0 406.0 
1683.0 414.0 
1694.0 406.0 
1683.0 414.0 
1694.0 406.0 
1683.0 414.0 
1683.0 414.0 
1694.0 406.0 
1694.0 406.0 
1683.0 414.0 
1694.0 406.0 
1683.0 414.0 
1683.0 414.0 
1683.0 414.0 
1694.0 406.0 
1694.0 406.0 
1683.0 414.0 
