2026.0 693.0 
2047.0 690.0 
2182.0 588.0 
2630.0 537.0 
2448.0 553.0 
2230.0 562.0 
2182.0 588.0 
2203.0 570.0 
2674.0 527.0 
2048.0 686.0 
2505.0 546.0 
2084.0 609.0 
2202.0 572.0 
2098.0 606.0 
2939.0 520.0 
2239.0 557.0 
2448.0 553.0 
2060.0 668.0 
2458.0 549.0 
2355.0 554.0 
2063.0 663.0 
2526.0 542.0 
2182.0 588.0 
2182.0 588.0 
2068.0 628.0 
2509.0 543.0 
2058.0 677.0 
2033.0 695.0 
2031.0 696.0 
2026.0 711.0 
2033.0 695.0 
2047.0 692.0 
2047.0 692.0 
2858.0 535.0 
2734.0 541.0 
2814.0 537.0 
2906.0 527.0 
2858.0 535.0 
2782.0 538.0 
2507.0 547.0 
2507.0 547.0 
2507.0 547.0 
2507.0 547.0 
2507.0 547.0 
2088.0 624.0 
2094.0 617.0 
2215.0 576.0 
2220.0 575.0 
2135.0 607.0 
2114.0 614.0 
2114.0 614.0 
2322.0 559.0 
2322.0 559.0 
2322.0 559.0 
2263.0 569.0 
2263.0 569.0 
2267.0 562.0 
2251.0 573.0 
2322.0 559.0 
2322.0 559.0 
2263.0 569.0 
2472.0 554.0 
2472.0 554.0 
2528.0 542.0 
2183.0 604.0 
2184.0 594.0 
2189.0 593.0 
2183.0 604.0 
2183.0 604.0 
2211.0 590.0 
2211.0 590.0 
2211.0 590.0 
2083.0 630.0 
2075.0 661.0 
2081.0 654.0 
2083.0 630.0 
2061.0 683.0 
2061.0 683.0 
2061.0 683.0 
2036.0 730.0 
2036.0 730.0 
2732.0 543.0 
2335.0 559.0 
2510.0 557.0 
2050.0 697.0 
2269.0 569.0 
2085.0 640.0 
2080.0 669.0 
2525.0 552.0 
2620.0 551.0 
2083.0 667.0 
2231.0 584.0 
2098.0 617.0 
2190.0 595.0 
2678.0 544.0 
2184.0 605.0 
2141.0 615.0 
2046.0 709.0 
2151.0 608.0 
2307.0 564.0 
