57.0 48.0 
57.0 48.0 
57.0 48.0 
55.0 65.0 
63.0 42.0 
57.0 48.0 
57.0 48.0 
55.0 65.0 
55.0 65.0 
63.0 42.0 
55.0 65.0 
55.0 65.0 
63.0 42.0 
57.0 49.0 
59.0 48.0 
57.0 49.0 
55.0 66.0 
55.0 66.0 
55.0 66.0 
55.0 66.0 
55.0 66.0 
55.0 66.0 
65.0 42.0 
65.0 42.0 
65.0 42.0 
65.0 42.0 
63.0 43.0 
65.0 42.0 
65.0 42.0 
63.0 43.0 
65.0 42.0 
65.0 42.0 
65.0 42.0 
62.0 48.0 
59.0 49.0 
57.0 51.0 
59.0 49.0 
59.0 49.0 
59.0 49.0 
59.0 49.0 
59.0 49.0 
59.0 49.0 
59.0 49.0 
59.0 49.0 
59.0 49.0 
59.0 49.0 
55.0 67.0 
55.0 67.0 
55.0 67.0 
55.0 67.0 
55.0 67.0 
55.0 67.0 
55.0 67.0 
63.0 44.0 
65.0 43.0 
65.0 43.0 
65.0 43.0 
71.0 42.0 
65.0 43.0 
65.0 43.0 
65.0 43.0 
71.0 42.0 
65.0 43.0 
65.0 43.0 
71.0 42.0 
65.0 43.0 
55.0 68.0 
67.0 43.0 
67.0 43.0 
57.0 57.0 
59.0 50.0 
56.0 67.0 
65.0 44.0 
59.0 50.0 
65.0 44.0 
59.0 50.0 
59.0 50.0 
59.0 50.0 
59.0 50.0 
59.0 50.0 
59.0 50.0 
59.0 50.0 
59.0 50.0 
59.0 50.0 
59.0 50.0 
65.0 44.0 
65.0 44.0 
65.0 44.0 
65.0 44.0 
65.0 44.0 
65.0 44.0 
65.0 44.0 
65.0 44.0 
65.0 44.0 
67.0 43.0 
65.0 44.0 
65.0 44.0 
65.0 44.0 
65.0 44.0 
65.0 44.0 
