266.0 120.0 
251.0 124.0 
228.0 166.0 
261.0 123.0 
249.0 135.0 
236.0 140.0 
257.0 126.0 
255.0 127.0 
266.0 124.0 
299.0 123.0 
266.0 124.0 
253.0 138.0 
245.0 158.0 
265.0 126.0 
256.0 127.0 
268.0 125.0 
283.0 124.0 
268.0 125.0 
255.0 172.0 
245.0 175.0 
260.0 127.0 
270.0 125.0 
254.0 176.0 
260.0 159.0 
262.0 127.0 
287.0 125.0 
258.0 177.0 
260.0 160.0 
260.0 160.0 
260.0 160.0 
262.0 135.0 
269.0 127.0 
266.0 128.0 
262.0 135.0 
294.0 125.0 
261.0 165.0 
269.0 133.0 
270.0 128.0 
265.0 157.0 
266.0 137.0 
264.0 163.0 
264.0 163.0 
264.0 163.0 
262.0 173.0 
263.0 168.0 
270.0 130.0 
270.0 130.0 
310.0 128.0 
266.0 140.0 
264.0 178.0 
264.0 178.0 
264.0 178.0 
276.0 130.0 
270.0 138.0 
364.0 129.0 
364.0 129.0 
364.0 129.0 
364.0 129.0 
269.0 152.0 
266.0 157.0 
339.0 130.0 
278.0 131.0 
275.0 149.0 
270.0 153.0 
270.0 153.0 
267.0 158.0 
267.0 158.0 
267.0 158.0 
366.0 130.0 
293.0 131.0 
293.0 131.0 
279.0 134.0 
293.0 131.0 
282.0 132.0 
278.0 135.0 
273.0 157.0 
275.0 156.0 
267.0 159.0 
318.0 131.0 
283.0 133.0 
278.0 144.0 
279.0 137.0 
276.0 156.0 
271.0 162.0 
273.0 161.0 
268.0 164.0 
271.0 162.0 
268.0 164.0 
323.0 132.0 
323.0 132.0 
269.0 170.0 
269.0 170.0 
280.0 147.0 
276.0 163.0 
292.0 134.0 
301.0 133.0 
283.0 138.0 
275.0 168.0 
301.0 133.0 
272.0 169.0 
