1848.0 599.0 
1878.0 595.0 
1931.0 579.0 
1931.0 579.0 
1796.0 621.0 
1931.0 579.0 
1848.0 599.0 
1848.0 599.0 
1812.0 616.0 
1931.0 579.0 
1931.0 579.0 
1848.0 599.0 
1812.0 616.0 
1889.0 585.0 
1974.0 565.0 
1905.0 580.0 
1848.0 599.0 
1812.0 616.0 
1848.0 599.0 
2006.0 562.0 
1867.0 597.0 
1848.0 599.0 
1848.0 599.0 
1812.0 616.0 
1889.0 585.0 
1775.0 625.0 
1889.0 585.0 
2006.0 562.0 
1931.0 579.0 
1775.0 625.0 
1974.0 565.0 
1848.0 599.0 
1878.0 595.0 
1848.0 599.0 
1974.0 565.0 
1812.0 616.0 
2006.0 562.0 
1931.0 579.0 
1812.0 616.0 
1974.0 565.0 
1878.0 595.0 
1883.0 589.0 
1931.0 579.0 
1878.0 595.0 
1931.0 579.0 
1955.0 578.0 
1812.0 616.0 
1848.0 599.0 
1848.0 599.0 
2006.0 562.0 
1974.0 565.0 
1775.0 625.0 
1878.0 595.0 
1828.0 615.0 
1905.0 580.0 
1759.0 628.0 
1889.0 585.0 
1931.0 579.0 
1848.0 599.0 
1812.0 616.0 
1842.0 604.0 
2006.0 562.0 
1848.0 599.0 
1867.0 597.0 
1905.0 580.0 
1974.0 565.0 
1889.0 585.0 
1878.0 595.0 
1974.0 565.0 
1931.0 579.0 
1775.0 625.0 
1958.0 570.0 
1848.0 599.0 
1889.0 585.0 
1812.0 616.0 
1905.0 580.0 
1931.0 579.0 
2006.0 562.0 
1775.0 625.0 
1905.0 580.0 
1759.0 630.0 
1759.0 630.0 
2011.0 562.0 
2011.0 562.0 
1940.0 580.0 
1959.0 571.0 
1890.0 586.0 
1858.0 599.0 
2001.0 565.0 
1848.0 614.0 
1784.0 626.0 
1835.0 616.0 
1805.0 622.0 
1799.0 624.0 
1858.0 599.0 
1890.0 586.0 
1850.0 605.0 
1981.0 566.0 
1779.0 629.0 
1908.0 585.0 
