3505.0 969.0 
4038.0 898.0 
3395.0 985.0 
4213.0 887.0 
2912.0 1043.0 
3473.0 972.0 
3752.0 911.0 
3698.0 921.0 
2760.0 1059.0 
2912.0 1043.0 
3578.0 938.0 
2932.0 1037.0 
3113.0 993.0 
4312.0 907.0 
3473.0 973.0 
3983.0 920.0 
4034.0 911.0 
3792.0 922.0 
2912.0 1077.0 
3646.0 966.0 
3726.0 944.0 
3711.0 960.0 
3590.0 969.0 
2982.0 1039.0 
2982.0 1039.0 
3167.0 1000.0 
3448.0 995.0 
3138.0 1004.0 
3477.0 973.0 
4154.0 918.0 
4086.0 919.0 
4557.0 914.0 
3795.0 927.0 
3814.0 924.0 
2979.0 1138.0 
3731.0 962.0 
2992.0 1095.0 
2984.0 1108.0 
3001.0 1069.0 
2992.0 1095.0 
3063.0 1039.0 
3167.0 1012.0 
3167.0 1012.0 
3408.0 1004.0 
3408.0 1004.0 
3290.0 1005.0 
3165.0 1029.0 
3639.0 980.0 
3667.0 979.0 
3478.0 987.0 
4880.0 919.0 
4000.0 928.0 
3823.0 938.0 
3926.0 935.0 
3822.0 964.0 
3788.0 976.0 
3788.0 976.0 
3006.0 1082.0 
2992.0 1134.0 
2997.0 1116.0 
3082.0 1062.0 
3164.0 1041.0 
3145.0 1058.0 
3282.0 1015.0 
3246.0 1023.0 
3277.0 1018.0 
3371.0 1011.0 
3469.0 1005.0 
3469.0 1005.0 
3326.0 1014.0 
3236.0 1030.0 
3674.0 979.0 
3674.0 979.0 
3519.0 994.0 
3482.0 1001.0 
4884.0 925.0 
4033.0 929.0 
4033.0 929.0 
4033.0 929.0 
4301.0 928.0 
3860.0 944.0 
3829.0 951.0 
3892.0 938.0 
3957.0 937.0 
3823.0 971.0 
3074.0 1082.0 
3060.0 1086.0 
3012.0 1087.0 
3083.0 1066.0 
3083.0 1066.0 
3278.0 1025.0 
3373.0 1011.0 
3373.0 1011.0 
3256.0 1047.0 
4757.0 928.0 
3012.0 1141.0 
4427.0 931.0 
3117.0 1073.0 
3382.0 1012.0 
3597.0 994.0 
