1668.0 639.0 
1708.0 605.0 
1747.0 584.0 
1747.0 584.0 
1756.0 583.0 
1680.0 616.0 
1909.0 513.0 
1681.0 608.0 
1960.0 511.0 
1747.0 584.0 
1851.0 535.0 
1828.0 548.0 
1668.0 639.0 
1898.0 514.0 
1722.0 593.0 
1777.0 571.0 
1839.0 538.0 
1976.0 502.0 
1729.0 591.0 
1747.0 584.0 
1853.0 529.0 
1828.0 548.0 
1718.0 599.0 
1883.0 528.0 
1909.0 513.0 
1712.0 607.0 
1774.0 583.0 
1685.0 621.0 
1683.0 629.0 
1697.0 609.0 
1704.0 608.0 
1960.0 512.0 
1676.0 649.0 
1678.0 648.0 
1900.0 514.0 
1727.0 595.0 
1779.0 581.0 
1799.0 574.0 
1852.0 539.0 
1732.0 591.0 
1757.0 584.0 
1854.0 532.0 
1828.0 570.0 
1845.0 552.0 
1843.0 557.0 
1719.0 603.0 
1724.0 600.0 
1725.0 599.0 
1719.0 603.0 
1893.0 531.0 
1691.0 623.0 
1685.0 624.0 
1697.0 617.0 
1697.0 617.0 
1699.0 609.0 
1716.0 608.0 
1971.0 513.0 
1971.0 513.0 
1682.0 652.0 
1903.0 525.0 
1905.0 522.0 
1961.0 514.0 
1905.0 522.0 
1919.0 515.0 
1801.0 574.0 
1733.0 591.0 
1732.0 594.0 
1784.0 584.0 
1765.0 590.0 
1862.0 532.0 
1855.0 544.0 
1856.0 536.0 
1862.0 532.0 
1834.0 573.0 
1850.0 552.0 
1843.0 558.0 
1843.0 558.0 
1724.0 602.0 
1720.0 603.0 
1720.0 603.0 
1720.0 603.0 
1720.0 603.0 
1720.0 603.0 
1687.0 634.0 
1687.0 634.0 
1967.0 514.0 
1804.0 574.0 
1799.0 584.0 
1751.0 591.0 
1700.0 622.0 
1897.0 532.0 
1924.0 515.0 
1701.0 612.0 
1845.0 558.0 
1856.0 544.0 
1866.0 535.0 
1850.0 556.0 
1845.0 558.0 
1723.0 606.0 
1920.0 519.0 
