166.0 54.0 
155.0 55.0 
143.0 65.0 
144.0 61.0 
155.0 55.0 
148.0 57.0 
147.0 69.0 
147.0 69.0 
157.0 56.0 
152.0 58.0 
152.0 58.0 
150.0 64.0 
161.0 56.0 
157.0 57.0 
161.0 56.0 
153.0 59.0 
151.0 66.0 
150.0 69.0 
159.0 58.0 
165.0 57.0 
177.0 56.0 
155.0 60.0 
155.0 60.0 
155.0 60.0 
158.0 59.0 
152.0 66.0 
151.0 70.0 
161.0 58.0 
166.0 57.0 
184.0 56.0 
184.0 56.0 
156.0 60.0 
155.0 61.0 
153.0 68.0 
154.0 66.0 
152.0 70.0 
152.0 70.0 
167.0 59.0 
172.0 57.0 
172.0 57.0 
172.0 57.0 
169.0 58.0 
162.0 60.0 
156.0 62.0 
154.0 69.0 
155.0 68.0 
153.0 70.0 
152.0 71.0 
176.0 57.0 
171.0 59.0 
173.0 58.0 
171.0 59.0 
162.0 61.0 
170.0 60.0 
170.0 60.0 
170.0 60.0 
170.0 60.0 
170.0 60.0 
156.0 63.0 
154.0 70.0 
187.0 57.0 
187.0 57.0 
182.0 58.0 
172.0 59.0 
162.0 62.0 
166.0 61.0 
166.0 61.0 
171.0 60.0 
171.0 60.0 
157.0 65.0 
157.0 65.0 
157.0 65.0 
155.0 70.0 
155.0 70.0 
154.0 78.0 
174.0 59.0 
174.0 59.0 
174.0 59.0 
162.0 63.0 
167.0 61.0 
172.0 60.0 
158.0 67.0 
157.0 68.0 
160.0 65.0 
158.0 67.0 
155.0 71.0 
155.0 71.0 
179.0 59.0 
163.0 63.0 
162.0 64.0 
163.0 63.0 
168.0 62.0 
168.0 62.0 
169.0 61.0 
169.0 61.0 
173.0 60.0 
157.0 69.0 
159.0 67.0 
156.0 73.0 
181.0 59.0 
