124.0 24.0 
124.0 24.0 
45.0 55.0 
68.0 39.0 
76.0 37.0 
46.0 51.0 
85.0 35.0 
112.0 28.0 
118.0 27.0 
106.0 29.0 
112.0 28.0 
60.0 43.0 
55.0 46.0 
64.0 41.0 
95.0 32.0 
73.0 38.0 
80.0 36.0 
90.0 33.0 
54.0 47.0 
80.0 36.0 
106.0 29.0 
90.0 33.0 
99.0 31.0 
50.0 48.0 
64.0 41.0 
95.0 32.0 
102.0 30.0 
86.0 34.0 
102.0 30.0 
61.0 42.0 
99.0 31.0 
73.0 38.0 
57.0 45.0 
122.0 25.0 
49.0 49.0 
120.0 26.0 
47.0 50.0 
58.0 44.0 
118.0 27.0 
120.0 26.0 
122.0 25.0 
46.0 51.0 
86.0 34.0 
58.0 44.0 
50.0 48.0 
47.0 50.0 
61.0 42.0 
54.0 47.0 
49.0 49.0 
57.0 45.0 
46.0 51.0 
124.0 24.0 
86.0 34.0 
80.0 36.0 
106.0 29.0 
90.0 33.0 
95.0 32.0 
73.0 38.0 
99.0 31.0 
64.0 41.0 
122.0 25.0 
47.0 50.0 
120.0 26.0 
57.0 45.0 
49.0 49.0 
46.0 51.0 
124.0 24.0 
86.0 34.0 
80.0 36.0 
90.0 33.0 
73.0 38.0 
95.0 32.0 
99.0 31.0 
106.0 29.0 
122.0 25.0 
120.0 26.0 
49.0 49.0 
124.0 24.0 
86.0 34.0 
80.0 36.0 
99.0 31.0 
95.0 32.0 
106.0 29.0 
122.0 25.0 
49.0 49.0 
120.0 26.0 
124.0 24.0 
86.0 34.0 
95.0 32.0 
99.0 31.0 
106.0 29.0 
122.0 25.0 
49.0 49.0 
120.0 26.0 
86.0 34.0 
99.0 31.0 
95.0 32.0 
106.0 29.0 
122.0 25.0 
49.0 49.0 
