396.0 203.0 
702.0 176.0 
760.0 169.0 
400.0 199.0 
899.0 160.0 
985.0 157.0 
572.0 184.0 
899.0 160.0 
722.0 171.0 
1266.0 146.0 
760.0 169.0 
1238.0 147.0 
831.0 164.0 
997.0 156.0 
722.0 171.0 
1443.0 138.0 
321.0 224.0 
572.0 184.0 
409.0 193.0 
1361.0 145.0 
572.0 184.0 
937.0 158.0 
608.0 178.0 
1576.0 131.0 
760.0 169.0 
1738.0 125.0 
829.0 167.0 
552.0 186.0 
350.0 205.0 
1120.0 152.0 
1017.0 154.0 
997.0 156.0 
413.0 191.0 
437.0 190.0 
760.0 169.0 
760.0 169.0 
704.0 176.0 
404.0 202.0 
918.0 161.0 
911.0 162.0 
1270.0 146.0 
1241.0 150.0 
905.0 165.0 
846.0 166.0 
905.0 165.0 
727.0 172.0 
1445.0 142.0 
1470.0 138.0 
1445.0 142.0 
1452.0 140.0 
1452.0 140.0 
1445.0 142.0 
1454.0 139.0 
1470.0 138.0 
1445.0 142.0 
321.0 235.0 
326.0 225.0 
324.0 234.0 
324.0 234.0 
605.0 184.0 
940.0 158.0 
680.0 179.0 
693.0 178.0 
648.0 181.0 
693.0 178.0 
625.0 182.0 
650.0 180.0 
1587.0 133.0 
1578.0 137.0 
1587.0 133.0 
1580.0 135.0 
1641.0 131.0 
1587.0 133.0 
1738.0 126.0 
1738.0 126.0 
1738.0 126.0 
842.0 168.0 
563.0 187.0 
374.0 206.0 
374.0 206.0 
374.0 206.0 
350.0 207.0 
1125.0 153.0 
1152.0 152.0 
1125.0 153.0 
1113.0 154.0 
1023.0 155.0 
1018.0 157.0 
416.0 192.0 
416.0 192.0 
416.0 192.0 
518.0 190.0 
518.0 190.0 
760.0 170.0 
760.0 170.0 
336.0 237.0 
1749.0 129.0 
1749.0 129.0 
1456.0 143.0 
353.0 224.0 
