1642.0 97.0 
279.0 193.0 
1450.0 105.0 
330.0 156.0 
304.0 168.0 
698.0 134.0 
916.0 123.0 
441.0 154.0 
489.0 151.0 
1261.0 111.0 
441.0 154.0 
647.0 138.0 
623.0 143.0 
887.0 125.0 
887.0 125.0 
1369.0 108.0 
909.0 124.0 
623.0 143.0 
909.0 124.0 
1261.0 111.0 
639.0 139.0 
1615.0 98.0 
279.0 193.0 
916.0 123.0 
1589.0 99.0 
1585.0 100.0 
297.0 172.0 
468.0 153.0 
281.0 184.0 
1262.0 109.0 
279.0 193.0 
1369.0 108.0 
1376.0 107.0 
330.0 156.0 
1261.0 111.0 
1615.0 98.0 
1074.0 118.0 
1534.0 101.0 
964.0 120.0 
916.0 123.0 
1477.0 102.0 
909.0 124.0 
623.0 143.0 
916.0 123.0 
805.0 128.0 
441.0 154.0 
1072.0 119.0 
1207.0 112.0 
916.0 123.0 
626.0 142.0 
279.0 193.0 
279.0 193.0 
937.0 121.0 
887.0 125.0 
805.0 128.0 
534.0 146.0 
568.0 144.0 
832.0 127.0 
751.0 129.0 
518.0 148.0 
323.0 158.0 
675.0 136.0 
1099.0 116.0 
1643.0 97.0 
280.0 193.0 
443.0 155.0 
1478.0 102.0 
298.0 174.0 
992.0 122.0 
650.0 139.0 
518.0 149.0 
281.0 187.0 
300.0 173.0 
1381.0 109.0 
569.0 144.0 
1265.0 111.0 
331.0 157.0 
1207.0 114.0 
888.0 127.0 
323.0 163.0 
1587.0 101.0 
751.0 130.0 
1389.0 107.0 
1126.0 116.0 
281.0 187.0 
1626.0 99.0 
1099.0 118.0 
1073.0 119.0 
698.0 135.0 
812.0 129.0 
812.0 129.0 
917.0 123.0 
698.0 135.0 
1389.0 107.0 
908.0 125.0 
1073.0 119.0 
1588.0 100.0 
751.0 130.0 
534.0 147.0 
323.0 163.0 
