1559.0 101.0 
386.0 182.0 
386.0 182.0 
1559.0 101.0 
386.0 182.0 
1256.0 113.0 
386.0 182.0 
629.0 146.0 
572.0 150.0 
1256.0 113.0 
333.0 217.0 
1559.0 101.0 
589.0 148.0 
1559.0 101.0 
1590.0 99.0 
1256.0 113.0 
913.0 130.0 
1340.0 109.0 
656.0 144.0 
1422.0 105.0 
1256.0 113.0 
333.0 217.0 
572.0 150.0 
1395.0 106.0 
1583.0 100.0 
1041.0 121.0 
1339.0 110.0 
1422.0 105.0 
1339.0 110.0 
1043.0 120.0 
1767.0 92.0 
1183.0 114.0 
337.0 208.0 
656.0 144.0 
572.0 150.0 
1369.0 107.0 
515.0 152.0 
787.0 133.0 
401.0 178.0 
1041.0 121.0 
1696.0 95.0 
515.0 152.0 
913.0 130.0 
362.0 188.0 
1339.0 110.0 
1538.0 102.0 
1615.0 97.0 
334.0 216.0 
1525.0 104.0 
779.0 134.0 
393.0 179.0 
401.0 178.0 
807.0 131.0 
1723.0 93.0 
913.0 130.0 
337.0 208.0 
931.0 127.0 
367.0 186.0 
1525.0 104.0 
755.0 136.0 
571.0 151.0 
991.0 122.0 
386.0 182.0 
333.0 217.0 
1525.0 104.0 
337.0 208.0 
333.0 217.0 
1256.0 113.0 
968.0 124.0 
1041.0 121.0 
661.0 138.0 
1525.0 104.0 
572.0 150.0 
333.0 217.0 
749.0 137.0 
426.0 153.0 
1043.0 120.0 
353.0 192.0 
1340.0 109.0 
968.0 124.0 
779.0 134.0 
1061.0 118.0 
375.0 183.0 
415.0 161.0 
334.0 216.0 
1125.0 116.0 
1696.0 95.0 
991.0 122.0 
1041.0 121.0 
1767.0 92.0 
655.0 145.0 
333.0 218.0 
333.0 218.0 
1778.0 92.0 
1183.0 115.0 
1559.0 106.0 
1372.0 109.0 
575.0 150.0 
335.0 216.0 
420.0 161.0 
