1736.0 534.0 
1879.0 486.0 
1658.0 570.0 
1782.0 518.0 
1736.0 534.0 
1879.0 486.0 
1830.0 502.0 
1658.0 570.0 
1874.0 491.0 
1830.0 502.0 
1658.0 570.0 
1859.0 493.0 
1874.0 491.0 
1867.0 492.0 
1725.0 536.0 
1839.0 500.0 
1765.0 531.0 
1842.0 494.0 
1765.0 531.0 
1658.0 570.0 
1859.0 493.0 
1879.0 486.0 
1879.0 486.0 
1839.0 500.0 
1879.0 486.0 
1658.0 570.0 
1658.0 570.0 
1782.0 518.0 
1814.0 503.0 
1668.0 559.0 
1736.0 534.0 
1842.0 494.0 
1867.0 492.0 
1784.0 507.0 
1694.0 547.0 
1733.0 545.0 
1776.0 531.0 
1935.0 488.0 
1899.0 490.0 
1658.0 571.0 
1783.0 519.0 
1836.0 503.0 
1819.0 505.0 
1668.0 570.0 
1674.0 560.0 
1745.0 536.0 
1739.0 538.0 
1738.0 542.0 
1737.0 544.0 
1847.0 494.0 
1784.0 509.0 
1700.0 554.0 
1699.0 555.0 
1712.0 547.0 
1703.0 549.0 
1950.0 489.0 
1660.0 574.0 
1660.0 574.0 
1925.0 493.0 
1785.0 528.0 
1875.0 494.0 
1739.0 539.0 
1779.0 532.0 
1853.0 500.0 
1831.0 507.0 
1787.0 516.0 
1812.0 511.0 
1713.0 552.0 
1929.0 490.0 
1763.0 536.0 
1735.0 546.0 
1761.0 537.0 
1793.0 514.0 
1713.0 552.0 
1700.0 559.0 
1842.0 506.0 
1690.0 564.0 
1851.0 505.0 
1678.0 566.0 
1869.0 496.0 
1732.0 547.0 
1694.0 563.0 
1732.0 547.0 
1869.0 496.0 
1662.0 571.0 
1675.0 568.0 
1700.0 559.0 
1804.0 512.0 
1804.0 512.0 
1697.0 560.0 
1661.0 572.0 
1675.0 568.0 
1662.0 571.0 
1875.0 494.0 
1787.0 516.0 
1697.0 560.0 
1677.0 567.0 
1851.0 505.0 
1677.0 567.0 
1851.0 505.0 
