2430.0 747.0 
3142.0 629.0 
2705.0 704.0 
2566.0 731.0 
2867.0 648.0 
2981.0 647.0 
2566.0 731.0 
2424.0 763.0 
2487.0 739.0 
2308.0 798.0 
3019.0 631.0 
3142.0 629.0 
2386.0 770.0 
3010.0 646.0 
2731.0 684.0 
2801.0 677.0 
2463.0 752.0 
2709.0 728.0 
2906.0 666.0 
2924.0 649.0 
2612.0 734.0 
2527.0 746.0 
3102.0 643.0 
3124.0 636.0 
3087.0 645.0 
3121.0 641.0 
2420.0 788.0 
2420.0 788.0 
2453.0 772.0 
2442.0 777.0 
2418.0 833.0 
2420.0 788.0 
2442.0 777.0 
3058.0 647.0 
2757.0 696.0 
2885.0 680.0 
2493.0 757.0 
2479.0 759.0 
2922.0 679.0 
2942.0 661.0 
2940.0 670.0 
3014.0 658.0 
3032.0 653.0 
3021.0 657.0 
2703.0 745.0 
2715.0 734.0 
2581.0 750.0 
2585.0 749.0 
2585.0 749.0 
3113.0 643.0 
3130.0 639.0 
2472.0 774.0 
2461.0 854.0 
2471.0 781.0 
2464.0 784.0 
3109.0 648.0 
3109.0 648.0 
2826.0 711.0 
2773.0 724.0 
2896.0 700.0 
2897.0 696.0 
2911.0 693.0 
2905.0 694.0 
2556.0 758.0 
2538.0 767.0 
2493.0 769.0 
2938.0 687.0 
2923.0 690.0 
2948.0 662.0 
2943.0 681.0 
2943.0 681.0 
3060.0 654.0 
2725.0 739.0 
2729.0 734.0 
2582.0 752.0 
3126.0 647.0 
3128.0 646.0 
3134.0 642.0 
2467.0 796.0 
2475.0 786.0 
3125.0 648.0 
2826.0 713.0 
2886.0 711.0 
2799.0 730.0 
2799.0 730.0 
2910.0 695.0 
3185.0 642.0 
3185.0 642.0 
2469.0 821.0 
2614.0 761.0 
2731.0 750.0 
2487.0 797.0 
2531.0 771.0 
2518.0 776.0 
2890.0 713.0 
3087.0 659.0 
2947.0 683.0 
2920.0 695.0 
2830.0 724.0 
2773.0 744.0 
