2038.0 604.0 
2071.0 575.0 
2043.0 603.0 
2015.0 610.0 
2087.0 568.0 
2347.0 548.0 
2348.0 544.0 
2234.0 549.0 
1989.0 655.0 
1990.0 631.0 
2347.0 548.0 
2045.0 589.0 
2366.0 540.0 
2347.0 548.0 
2366.0 540.0 
2007.0 624.0 
2045.0 589.0 
2067.0 577.0 
2374.0 534.0 
2347.0 548.0 
2021.0 609.0 
2116.0 566.0 
2229.0 557.0 
1990.0 631.0 
2365.0 542.0 
2045.0 589.0 
2041.0 606.0 
2017.0 622.0 
2092.0 570.0 
2240.0 551.0 
2009.0 625.0 
2008.0 629.0 
2068.0 577.0 
2068.0 577.0 
2442.0 534.0 
2349.0 548.0 
2035.0 609.0 
2028.0 614.0 
2028.0 614.0 
2028.0 614.0 
2161.0 566.0 
2161.0 566.0 
2117.0 567.0 
2161.0 566.0 
2233.0 564.0 
2236.0 558.0 
2233.0 564.0 
1997.0 631.0 
2391.0 545.0 
2416.0 544.0 
2049.0 591.0 
2044.0 607.0 
2044.0 607.0 
2025.0 622.0 
2018.0 623.0 
2018.0 623.0 
2116.0 576.0 
2251.0 553.0 
2008.0 630.0 
2069.0 577.0 
2069.0 577.0 
2510.0 536.0 
2446.0 540.0 
2447.0 538.0 
2361.0 549.0 
2040.0 612.0 
2030.0 621.0 
2030.0 621.0 
2031.0 614.0 
2142.0 568.0 
2159.0 567.0 
2142.0 568.0 
2118.0 572.0 
2159.0 567.0 
2007.0 631.0 
2002.0 638.0 
2396.0 547.0 
2053.0 601.0 
2053.0 601.0 
2066.0 600.0 
2050.0 603.0 
2451.0 538.0 
2002.0 646.0 
2367.0 549.0 
2254.0 553.0 
2059.0 601.0 
2242.0 567.0 
2118.0 574.0 
2076.0 578.0 
2039.0 615.0 
2447.0 540.0 
2032.0 626.0 
2161.0 569.0 
2075.0 586.0 
2208.0 568.0 
2011.0 630.0 
2008.0 632.0 
2069.0 596.0 
2447.0 540.0 
2036.0 617.0 
