69.0 53.0 
69.0 53.0 
60.0 67.0 
54.0 76.0 
63.0 54.0 
84.0 29.0 
63.0 54.0 
70.0 50.0 
61.0 58.0 
55.0 83.0 
55.0 83.0 
57.0 80.0 
86.0 30.0 
67.0 57.0 
77.0 51.0 
71.0 56.0 
63.0 70.0 
64.0 66.0 
63.0 70.0 
57.0 94.0 
112.0 46.0 
112.0 46.0 
123.0 45.0 
70.0 59.0 
95.0 53.0 
108.0 52.0 
95.0 53.0 
95.0 53.0 
85.0 56.0 
84.0 57.0 
67.0 67.0 
66.0 73.0 
66.0 73.0 
64.0 81.0 
65.0 80.0 
65.0 80.0 
65.0 80.0 
62.0 100.0 
57.0 105.0 
62.0 100.0 
117.0 46.0 
82.0 60.0 
71.0 61.0 
101.0 53.0 
99.0 55.0 
88.0 56.0 
87.0 57.0 
69.0 69.0 
66.0 78.0 
66.0 78.0 
58.0 106.0 
125.0 46.0 
125.0 46.0 
123.0 47.0 
85.0 62.0 
72.0 67.0 
75.0 66.0 
104.0 54.0 
90.0 57.0 
90.0 57.0 
70.0 70.0 
61.0 107.0 
61.0 107.0 
64.0 106.0 
61.0 107.0 
64.0 106.0 
124.0 52.0 
128.0 48.0 
128.0 48.0 
86.0 62.0 
74.0 69.0 
75.0 67.0 
105.0 54.0 
105.0 54.0 
105.0 54.0 
104.0 56.0 
104.0 56.0 
94.0 58.0 
91.0 61.0 
71.0 88.0 
71.0 88.0 
68.0 122.0 
65.0 129.0 
69.0 108.0 
126.0 52.0 
129.0 49.0 
132.0 48.0 
86.0 63.0 
75.0 73.0 
77.0 72.0 
75.0 73.0 
75.0 73.0 
116.0 54.0 
107.0 55.0 
95.0 58.0 
72.0 88.0 
71.0 97.0 
70.0 111.0 
144.0 48.0 
144.0 48.0 
