1835.0 135.0 
1994.0 134.0 
959.0 180.0 
445.0 212.0 
1994.0 134.0 
1672.0 140.0 
401.0 243.0 
445.0 212.0 
438.0 217.0 
974.0 172.0 
551.0 191.0 
388.0 251.0 
1835.0 135.0 
501.0 210.0 
551.0 191.0 
1799.0 137.0 
619.0 185.0 
974.0 172.0 
2003.0 129.0 
375.0 257.0 
402.0 241.0 
2002.0 133.0 
390.0 250.0 
537.0 207.0 
1353.0 152.0 
1621.0 143.0 
959.0 180.0 
401.0 243.0 
959.0 180.0 
544.0 198.0 
619.0 185.0 
445.0 212.0 
408.0 235.0 
445.0 212.0 
525.0 208.0 
1714.0 138.0 
1115.0 167.0 
1994.0 134.0 
1351.0 154.0 
1503.0 146.0 
959.0 180.0 
1211.0 159.0 
343.0 266.0 
370.0 265.0 
566.0 189.0 
2007.0 132.0 
2007.0 132.0 
352.0 267.0 
620.0 186.0 
939.0 185.0 
1621.0 146.0 
1467.0 152.0 
419.0 236.0 
981.0 177.0 
1127.0 173.0 
1211.0 161.0 
441.0 221.0 
1998.0 134.0 
547.0 206.0 
552.0 193.0 
1836.0 135.0 
402.0 243.0 
1410.0 157.0 
972.0 180.0 
1140.0 171.0 
1308.0 160.0 
526.0 210.0 
391.0 250.0 
1729.0 139.0 
1458.0 153.0 
1769.0 138.0 
1308.0 160.0 
378.0 262.0 
445.0 213.0 
1821.0 137.0 
413.0 239.0 
442.0 220.0 
389.0 252.0 
1140.0 171.0 
387.0 258.0 
448.0 212.0 
357.0 266.0 
1410.0 157.0 
1211.0 161.0 
558.0 191.0 
541.0 209.0 
1695.0 142.0 
584.0 189.0 
1668.0 143.0 
1650.0 145.0 
584.0 189.0 
380.0 259.0 
1695.0 142.0 
939.0 185.0 
1658.0 144.0 
448.0 212.0 
1836.0 135.0 
1695.0 142.0 
2007.0 132.0 
2007.0 132.0 
