299.0 199.0 
1738.0 84.0 
1738.0 84.0 
299.0 199.0 
330.0 182.0 
533.0 142.0 
374.0 159.0 
692.0 133.0 
878.0 122.0 
1054.0 109.0 
353.0 171.0 
954.0 119.0 
1520.0 93.0 
357.0 170.0 
633.0 136.0 
590.0 141.0 
327.0 189.0 
402.0 155.0 
1463.0 94.0 
302.0 197.0 
327.0 189.0 
1439.0 97.0 
1628.0 89.0 
794.0 125.0 
1043.0 113.0 
736.0 129.0 
1594.0 90.0 
393.0 157.0 
1216.0 104.0 
983.0 118.0 
1574.0 91.0 
826.0 124.0 
1441.0 95.0 
1628.0 89.0 
1028.0 114.0 
1325.0 100.0 
826.0 124.0 
614.0 138.0 
736.0 129.0 
1325.0 100.0 
1281.0 102.0 
1281.0 102.0 
1737.0 85.0 
302.0 197.0 
614.0 138.0 
402.0 155.0 
1574.0 91.0 
1054.0 109.0 
1216.0 104.0 
357.0 170.0 
299.0 199.0 
1738.0 84.0 
327.0 189.0 
614.0 138.0 
1574.0 91.0 
1628.0 89.0 
736.0 129.0 
402.0 155.0 
1325.0 100.0 
1054.0 109.0 
357.0 170.0 
1738.0 84.0 
299.0 199.0 
736.0 129.0 
357.0 170.0 
299.0 199.0 
1680.0 86.0 
1247.0 103.0 
302.0 197.0 
614.0 138.0 
692.0 133.0 
1281.0 102.0 
425.0 146.0 
1043.0 113.0 
954.0 119.0 
768.0 127.0 
353.0 171.0 
1193.0 106.0 
826.0 124.0 
1281.0 102.0 
983.0 118.0 
421.0 148.0 
1216.0 104.0 
299.0 199.0 
1356.0 98.0 
614.0 138.0 
1628.0 89.0 
357.0 170.0 
1738.0 84.0 
983.0 118.0 
327.0 189.0 
1001.0 115.0 
763.0 128.0 
1628.0 89.0 
1043.0 113.0 
533.0 142.0 
400.0 156.0 
1738.0 85.0 
327.0 190.0 
362.0 176.0 
