1214.0 113.0 
413.0 166.0 
1681.0 98.0 
413.0 166.0 
394.0 175.0 
337.0 196.0 
711.0 145.0 
1214.0 113.0 
444.0 158.0 
1214.0 113.0 
395.0 173.0 
500.0 154.0 
1592.0 99.0 
1555.0 101.0 
1466.0 104.0 
777.0 139.0 
500.0 154.0 
662.0 147.0 
1749.0 96.0 
738.0 143.0 
366.0 182.0 
344.0 194.0 
1592.0 99.0 
515.0 153.0 
1555.0 101.0 
413.0 166.0 
812.0 135.0 
1369.0 106.0 
366.0 182.0 
344.0 194.0 
1555.0 101.0 
571.0 150.0 
662.0 147.0 
812.0 135.0 
1214.0 113.0 
662.0 147.0 
309.0 214.0 
345.0 192.0 
1261.0 111.0 
444.0 158.0 
309.0 214.0 
479.0 155.0 
413.0 166.0 
1214.0 113.0 
711.0 145.0 
847.0 134.0 
1750.0 92.0 
1369.0 106.0 
1029.0 123.0 
515.0 153.0 
312.0 204.0 
363.0 185.0 
972.0 126.0 
1103.0 114.0 
413.0 166.0 
430.0 161.0 
1314.0 109.0 
787.0 137.0 
546.0 152.0 
337.0 196.0 
937.0 128.0 
361.0 188.0 
738.0 143.0 
1466.0 104.0 
515.0 153.0 
1477.0 102.0 
812.0 135.0 
1261.0 111.0 
479.0 155.0 
309.0 215.0 
309.0 215.0 
1753.0 92.0 
1753.0 92.0 
1029.0 124.0 
843.0 135.0 
1103.0 115.0 
1222.0 113.0 
394.0 176.0 
512.0 154.0 
372.0 184.0 
338.0 197.0 
662.0 148.0 
947.0 128.0 
1565.0 101.0 
471.0 159.0 
947.0 128.0 
1554.0 104.0 
575.0 150.0 
1687.0 100.0 
419.0 169.0 
312.0 208.0 
779.0 141.0 
1373.0 106.0 
1322.0 109.0 
1291.0 112.0 
312.0 208.0 
712.0 147.0 
1466.0 105.0 
367.0 191.0 
1466.0 105.0 
