469.0 211.0 
469.0 211.0 
403.0 214.0 
1372.0 141.0 
648.0 175.0 
368.0 231.0 
366.0 233.0 
518.0 184.0 
1031.0 150.0 
487.0 208.0 
1261.0 145.0 
1496.0 136.0 
694.0 173.0 
1766.0 122.0 
1717.0 126.0 
928.0 157.0 
1496.0 136.0 
376.0 215.0 
1370.0 142.0 
1604.0 133.0 
1192.0 149.0 
1372.0 141.0 
575.0 181.0 
524.0 183.0 
477.0 209.0 
517.0 191.0 
518.0 184.0 
361.0 235.0 
1903.0 120.0 
889.0 162.0 
403.0 214.0 
492.0 195.0 
1250.0 148.0 
1640.0 130.0 
575.0 181.0 
368.0 231.0 
1261.0 145.0 
1762.0 123.0 
1526.0 134.0 
649.0 179.0 
650.0 177.0 
649.0 179.0 
655.0 176.0 
1034.0 151.0 
1749.0 127.0 
1025.0 160.0 
388.0 216.0 
388.0 216.0 
390.0 215.0 
1208.0 149.0 
1425.0 143.0 
1425.0 143.0 
539.0 183.0 
477.0 213.0 
487.0 210.0 
521.0 193.0 
363.0 241.0 
920.0 163.0 
420.0 214.0 
504.0 203.0 
500.0 206.0 
503.0 205.0 
497.0 207.0 
494.0 209.0 
494.0 209.0 
508.0 198.0 
1657.0 132.0 
1748.0 131.0 
596.0 182.0 
368.0 232.0 
368.0 232.0 
371.0 231.0 
1271.0 145.0 
1271.0 145.0 
1796.0 123.0 
1534.0 140.0 
1593.0 137.0 
363.0 245.0 
363.0 245.0 
1799.0 124.0 
1586.0 141.0 
1322.0 145.0 
694.0 176.0 
368.0 233.0 
927.0 174.0 
399.0 216.0 
404.0 215.0 
502.0 206.0 
1778.0 130.0 
1187.0 151.0 
1273.0 146.0 
592.0 183.0 
537.0 193.0 
508.0 199.0 
543.0 187.0 
1042.0 167.0 
1676.0 132.0 
1669.0 137.0 
1078.0 162.0 
987.0 168.0 
