1748.0 502.0 
1770.0 500.0 
1748.0 502.0 
1770.0 500.0 
2000.0 469.0 
1748.0 502.0 
1824.0 488.0 
1858.0 485.0 
1876.0 477.0 
1690.0 521.0 
1783.0 495.0 
1858.0 485.0 
1748.0 502.0 
1795.0 489.0 
1893.0 471.0 
2000.0 469.0 
1680.0 530.0 
1732.0 504.0 
2029.0 464.0 
1992.0 470.0 
1773.0 498.0 
1860.0 478.0 
1748.0 502.0 
1660.0 544.0 
1992.0 470.0 
1783.0 495.0 
2000.0 469.0 
1690.0 521.0 
2068.0 463.0 
1690.0 521.0 
1672.0 540.0 
2004.0 468.0 
1781.0 496.0 
1853.0 486.0 
1876.0 477.0 
2068.0 463.0 
1748.0 502.0 
1992.0 470.0 
1798.0 491.0 
1798.0 491.0 
1798.0 491.0 
1809.0 490.0 
1798.0 491.0 
1798.0 491.0 
1849.0 489.0 
1896.0 475.0 
1896.0 475.0 
1896.0 475.0 
1899.0 473.0 
1681.0 531.0 
1681.0 531.0 
1681.0 531.0 
1732.0 518.0 
1735.0 504.0 
1733.0 512.0 
1732.0 518.0 
2032.0 467.0 
2033.0 465.0 
2032.0 467.0 
2033.0 465.0 
2032.0 467.0 
1779.0 499.0 
1777.0 501.0 
1777.0 501.0 
1862.0 482.0 
1862.0 482.0 
1862.0 482.0 
1862.0 482.0 
1862.0 482.0 
1864.0 481.0 
1862.0 482.0 
1862.0 482.0 
1862.0 482.0 
1862.0 482.0 
1862.0 482.0 
1864.0 481.0 
1862.0 482.0 
1662.0 546.0 
1660.0 547.0 
1660.0 547.0 
1785.0 495.0 
1696.0 526.0 
1693.0 527.0 
1712.0 521.0 
1672.0 541.0 
1672.0 541.0 
2019.0 469.0 
2019.0 469.0 
1855.0 487.0 
1876.0 480.0 
1876.0 480.0 
1879.0 479.0 
1881.0 478.0 
2163.0 464.0 
1749.0 503.0 
1765.0 502.0 
1749.0 503.0 
1749.0 503.0 
1765.0 502.0 
1993.0 471.0 
