2603.0 641.0 
2149.0 666.0 
2264.0 658.0 
2021.0 697.0 
2018.0 704.0 
2079.0 676.0 
1985.0 724.0 
2204.0 661.0 
2050.0 683.0 
2153.0 664.0 
2014.0 706.0 
1981.0 767.0 
2005.0 718.0 
2324.0 652.0 
2629.0 650.0 
2635.0 644.0 
2273.0 659.0 
2125.0 680.0 
1987.0 736.0 
2000.0 734.0 
1987.0 736.0 
2267.0 662.0 
2255.0 663.0 
2090.0 685.0 
2076.0 691.0 
2050.0 703.0 
2056.0 700.0 
2161.0 665.0 
2158.0 671.0 
2161.0 665.0 
2028.0 709.0 
2025.0 710.0 
2018.0 724.0 
2020.0 719.0 
2007.0 727.0 
2608.0 657.0 
2610.0 652.0 
2798.0 648.0 
2798.0 648.0 
2487.0 660.0 
2605.0 659.0 
2151.0 683.0 
2151.0 683.0 
1990.0 742.0 
1990.0 742.0 
2006.0 736.0 
2271.0 663.0 
2271.0 663.0 
2090.0 687.0 
2147.0 685.0 
2083.0 696.0 
2244.0 670.0 
2204.0 677.0 
2255.0 669.0 
2028.0 711.0 
2027.0 714.0 
2009.0 734.0 
2026.0 728.0 
2633.0 655.0 
2633.0 655.0 
2633.0 655.0 
2610.0 658.0 
2798.0 649.0 
2605.0 661.0 
2154.0 684.0 
2160.0 683.0 
1990.0 754.0 
1994.0 748.0 
2005.0 745.0 
2572.0 664.0 
2277.0 667.0 
2277.0 667.0 
2277.0 667.0 
2584.0 663.0 
2144.0 687.0 
2113.0 689.0 
2096.0 693.0 
2109.0 690.0 
2151.0 685.0 
2087.0 703.0 
2257.0 669.0 
2257.0 669.0 
2255.0 676.0 
2256.0 671.0 
2029.0 713.0 
2028.0 722.0 
2009.0 736.0 
2009.0 736.0 
2009.0 736.0 
2634.0 655.0 
1992.0 755.0 
1992.0 755.0 
3002.0 659.0 
2635.0 661.0 
2576.0 665.0 
2289.0 667.0 
2013.0 738.0 
2091.0 707.0 
2256.0 677.0 
2036.0 729.0 
