1734.0 543.0 
1726.0 554.0 
1734.0 543.0 
1734.0 543.0 
1734.0 543.0 
1726.0 554.0 
1734.0 543.0 
1726.0 554.0 
1780.0 532.0 
1797.0 524.0 
1675.0 565.0 
1726.0 554.0 
1803.0 522.0 
1667.0 573.0 
1706.0 555.0 
1734.0 543.0 
1775.0 533.0 
1667.0 573.0 
1734.0 543.0 
1675.0 565.0 
1706.0 555.0 
1832.0 517.0 
1937.0 501.0 
1803.0 522.0 
1675.0 565.0 
1675.0 565.0 
1726.0 554.0 
1775.0 533.0 
1734.0 543.0 
1732.0 548.0 
1828.0 518.0 
1667.0 573.0 
1862.0 505.0 
1734.0 543.0 
1750.0 535.0 
1919.0 504.0 
1757.0 534.0 
1791.0 525.0 
1667.0 573.0 
1675.0 565.0 
1937.0 501.0 
1734.0 543.0 
1675.0 565.0 
1734.0 543.0 
1667.0 573.0 
1734.0 543.0 
1850.0 516.0 
1694.0 557.0 
1921.0 503.0 
1937.0 501.0 
1797.0 524.0 
1784.0 532.0 
1709.0 555.0 
1805.0 523.0 
1728.0 554.0 
1777.0 533.0 
1832.0 518.0 
1872.0 507.0 
1868.0 508.0 
1872.0 507.0 
1867.0 512.0 
1753.0 535.0 
1753.0 535.0 
1753.0 535.0 
1753.0 535.0 
1753.0 535.0 
1753.0 535.0 
1773.0 534.0 
1793.0 525.0 
1793.0 525.0 
1793.0 525.0 
1679.0 568.0 
1679.0 568.0 
1679.0 568.0 
1679.0 568.0 
1682.0 566.0 
1679.0 568.0 
1683.0 565.0 
1682.0 566.0 
1679.0 568.0 
1682.0 566.0 
1682.0 566.0 
1682.0 566.0 
1683.0 565.0 
1669.0 574.0 
1669.0 574.0 
1669.0 574.0 
1736.0 543.0 
1736.0 543.0 
1736.0 543.0 
1852.0 517.0 
1855.0 516.0 
1852.0 517.0 
1698.0 557.0 
1921.0 505.0 
1921.0 505.0 
1921.0 505.0 
1939.0 502.0 
1939.0 502.0 
1939.0 502.0 
