169.0 58.0 
152.0 63.0 
166.0 59.0 
161.0 61.0 
172.0 55.0 
157.0 64.0 
157.0 64.0 
157.0 64.0 
157.0 64.0 
153.0 66.0 
171.0 60.0 
171.0 60.0 
171.0 60.0 
171.0 60.0 
171.0 60.0 
171.0 60.0 
171.0 60.0 
167.0 62.0 
169.0 61.0 
169.0 61.0 
169.0 61.0 
172.0 57.0 
172.0 57.0 
176.0 56.0 
166.0 64.0 
155.0 66.0 
167.0 63.0 
170.0 62.0 
170.0 62.0 
172.0 59.0 
172.0 59.0 
179.0 56.0 
176.0 58.0 
176.0 58.0 
157.0 66.0 
156.0 67.0 
155.0 69.0 
169.0 63.0 
168.0 65.0 
172.0 61.0 
173.0 59.0 
172.0 61.0 
180.0 56.0 
177.0 58.0 
158.0 66.0 
158.0 66.0 
156.0 68.0 
170.0 63.0 
173.0 60.0 
174.0 59.0 
173.0 60.0 
173.0 60.0 
174.0 59.0 
174.0 59.0 
174.0 59.0 
174.0 59.0 
181.0 57.0 
181.0 57.0 
181.0 57.0 
184.0 56.0 
179.0 58.0 
160.0 66.0 
158.0 72.0 
159.0 71.0 
172.0 64.0 
172.0 64.0 
173.0 62.0 
173.0 62.0 
174.0 61.0 
174.0 61.0 
175.0 59.0 
194.0 56.0 
194.0 56.0 
188.0 57.0 
188.0 57.0 
188.0 57.0 
180.0 58.0 
167.0 66.0 
160.0 69.0 
160.0 69.0 
160.0 69.0 
158.0 73.0 
158.0 73.0 
174.0 62.0 
177.0 59.0 
175.0 60.0 
175.0 60.0 
175.0 60.0 
175.0 60.0 
193.0 57.0 
186.0 58.0 
159.0 73.0 
199.0 57.0 
199.0 57.0 
188.0 58.0 
168.0 67.0 
160.0 70.0 
164.0 69.0 
174.0 63.0 
174.0 63.0 
