338.0 204.0 
350.0 186.0 
557.0 160.0 
449.0 205.0 
354.0 225.0 
449.0 205.0 
680.0 195.0 
443.0 239.0 
364.0 300.0 
382.0 276.0 
364.0 300.0 
385.0 262.0 
702.0 202.0 
496.0 248.0 
673.0 241.0 
379.0 301.0 
419.0 287.0 
431.0 274.0 
409.0 294.0 
758.0 217.0 
704.0 218.0 
602.0 248.0 
521.0 264.0 
684.0 246.0 
402.0 301.0 
381.0 316.0 
474.0 287.0 
465.0 292.0 
435.0 296.0 
1166.0 233.0 
705.0 243.0 
610.0 251.0 
564.0 266.0 
546.0 269.0 
540.0 271.0 
564.0 266.0 
393.0 327.0 
491.0 288.0 
439.0 303.0 
956.0 250.0 
610.0 253.0 
703.0 252.0 
555.0 285.0 
566.0 273.0 
414.0 364.0 
436.0 329.0 
434.0 338.0 
464.0 306.0 
466.0 305.0 
680.0 262.0 
673.0 264.0 
564.0 301.0 
566.0 276.0 
634.0 275.0 
518.0 334.0 
560.0 310.0 
543.0 318.0 
487.0 348.0 
468.0 362.0 
483.0 350.0 
701.0 268.0 
573.0 290.0 
588.0 279.0 
554.0 319.0 
553.0 345.0 
534.0 358.0 
484.0 362.0 
526.0 361.0 
534.0 358.0 
484.0 362.0 
870.0 273.0 
583.0 294.0 
604.0 287.0 
837.0 279.0 
768.0 285.0 
556.0 319.0 
553.0 358.0 
512.0 366.0 
587.0 294.0 
686.0 293.0 
966.0 280.0 
793.0 288.0 
578.0 340.0 
582.0 327.0 
565.0 422.0 
575.0 369.0 
553.0 430.0 
622.0 306.0 
595.0 318.0 
671.0 302.0 
671.0 302.0 
718.0 300.0 
732.0 296.0 
718.0 300.0 
829.0 288.0 
592.0 338.0 
588.0 343.0 
581.0 447.0 
570.0 466.0 
746.0 296.0 
