45.0 23.0 
45.0 23.0 
45.0 23.0 
45.0 23.0 
46.0 20.0 
45.0 23.0 
45.0 23.0 
45.0 23.0 
47.0 19.0 
45.0 23.0 
45.0 23.0 
45.0 23.0 
45.0 23.0 
45.0 23.0 
45.0 23.0 
46.0 20.0 
45.0 23.0 
45.0 23.0 
45.0 23.0 
46.0 20.0 
46.0 20.0 
46.0 20.0 
45.0 23.0 
45.0 23.0 
45.0 23.0 
45.0 23.0 
46.0 20.0 
45.0 23.0 
48.0 19.0 
46.0 21.0 
45.0 24.0 
45.0 24.0 
45.0 24.0 
45.0 24.0 
45.0 24.0 
48.0 20.0 
48.0 20.0 
48.0 20.0 
48.0 20.0 
48.0 20.0 
48.0 20.0 
48.0 20.0 
47.0 21.0 
47.0 21.0 
47.0 21.0 
47.0 21.0 
47.0 21.0 
47.0 21.0 
47.0 21.0 
47.0 21.0 
47.0 21.0 
47.0 21.0 
47.0 21.0 
47.0 21.0 
47.0 21.0 
46.0 24.0 
46.0 24.0 
46.0 24.0 
46.0 24.0 
46.0 24.0 
46.0 24.0 
46.0 24.0 
46.0 24.0 
46.0 24.0 
46.0 24.0 
46.0 24.0 
46.0 24.0 
46.0 24.0 
46.0 24.0 
46.0 24.0 
46.0 24.0 
46.0 24.0 
46.0 24.0 
46.0 24.0 
46.0 24.0 
46.0 24.0 
46.0 24.0 
46.0 24.0 
46.0 24.0 
45.0 25.0 
46.0 24.0 
46.0 24.0 
46.0 24.0 
45.0 25.0 
46.0 24.0 
46.0 24.0 
46.0 24.0 
46.0 24.0 
46.0 24.0 
49.0 20.0 
49.0 20.0 
45.0 30.0 
46.0 25.0 
47.0 22.0 
46.0 25.0 
48.0 21.0 
47.0 22.0 
48.0 21.0 
49.0 20.0 
49.0 20.0 
