81.0 39.0 
98.0 48.0 
88.0 94.0 
88.0 94.0 
94.0 93.0 
95.0 81.0 
181.0 46.0 
99.0 74.0 
107.0 51.0 
163.0 49.0 
91.0 118.0 
92.0 105.0 
101.0 83.0 
103.0 75.0 
146.0 51.0 
107.0 61.0 
110.0 60.0 
138.0 53.0 
127.0 58.0 
232.0 49.0 
101.0 115.0 
102.0 84.0 
103.0 81.0 
108.0 67.0 
112.0 60.0 
140.0 53.0 
102.0 102.0 
104.0 82.0 
111.0 69.0 
137.0 60.0 
131.0 64.0 
115.0 68.0 
120.0 67.0 
137.0 60.0 
143.0 58.0 
156.0 55.0 
145.0 56.0 
201.0 54.0 
102.0 108.0 
102.0 108.0 
104.0 83.0 
111.0 74.0 
143.0 59.0 
143.0 59.0 
152.0 57.0 
196.0 56.0 
233.0 55.0 
106.0 94.0 
104.0 95.0 
130.0 74.0 
117.0 75.0 
114.0 84.0 
148.0 61.0 
153.0 59.0 
211.0 56.0 
251.0 55.0 
104.0 104.0 
112.0 102.0 
111.0 103.0 
138.0 74.0 
138.0 74.0 
118.0 75.0 
171.0 60.0 
168.0 70.0 
165.0 71.0 
171.0 60.0 
165.0 71.0 
170.0 64.0 
215.0 58.0 
215.0 58.0 
216.0 56.0 
104.0 113.0 
107.0 108.0 
107.0 108.0 
139.0 75.0 
119.0 76.0 
179.0 60.0 
165.0 72.0 
178.0 71.0 
221.0 57.0 
106.0 114.0 
112.0 108.0 
107.0 110.0 
119.0 78.0 
122.0 77.0 
150.0 76.0 
186.0 68.0 
218.0 60.0 
209.0 62.0 
192.0 63.0 
192.0 63.0 
222.0 58.0 
107.0 112.0 
227.0 60.0 
227.0 60.0 
180.0 76.0 
119.0 87.0 
136.0 77.0 
205.0 67.0 
128.0 84.0 
