6314.0 1334.0 
5637.0 1345.0 
6679.0 1324.0 
6480.0 1335.0 
6248.0 1434.0 
5742.0 1452.0 
6293.0 1396.0 
6545.0 1348.0 
7299.0 1335.0 
6545.0 1348.0 
6545.0 1348.0 
5756.0 1482.0 
6473.0 1454.0 
6404.0 1457.0 
8824.0 1337.0 
6955.0 1351.0 
6552.0 1387.0 
6845.0 1370.0 
6173.0 1488.0 
5983.0 1537.0 
6450.0 1482.0 
7104.0 1354.0 
6652.0 1448.0 
6731.0 1442.0 
6904.0 1409.0 
6424.0 1535.0 
6424.0 1535.0 
5983.0 1573.0 
6350.0 1551.0 
6503.0 1492.0 
7148.0 1367.0 
6698.0 1486.0 
6698.0 1486.0 
6827.0 1464.0 
6786.0 1469.0 
6914.0 1423.0 
6438.0 1641.0 
6404.0 1739.0 
6554.0 1504.0 
6683.0 1495.0 
6693.0 1494.0 
6554.0 1504.0 
8064.0 1383.0 
7247.0 1388.0 
7244.0 1399.0 
6812.0 1472.0 
6804.0 1480.0 
7004.0 1454.0 
6465.0 1661.0 
6431.0 1844.0 
6576.0 1601.0 
6608.0 1551.0 
6643.0 1531.0 
7308.0 1446.0 
7560.0 1433.0 
8473.0 1408.0 
7573.0 1410.0 
7560.0 1433.0 
6933.0 1511.0 
6933.0 1511.0 
6947.0 1506.0 
7230.0 1468.0 
7230.0 1468.0 
7230.0 1468.0 
6586.0 1670.0 
6647.0 1545.0 
6812.0 1538.0 
7527.0 1448.0 
7329.0 1463.0 
7692.0 1432.0 
9190.0 1428.0 
7216.0 1507.0 
6969.0 1512.0 
6589.0 1748.0 
6647.0 1579.0 
6684.0 1549.0 
6684.0 1549.0 
7555.0 1456.0 
7683.0 1453.0 
7536.0 1473.0 
7771.0 1439.0 
7921.0 1436.0 
7764.0 1450.0 
8701.0 1432.0 
7921.0 1436.0 
6999.0 1518.0 
6977.0 1529.0 
6660.0 1615.0 
6738.0 1557.0 
6929.0 1554.0 
6698.0 1612.0 
8969.0 1438.0 
6663.0 1616.0 
6663.0 1616.0 
8122.0 1451.0 
6820.0 1579.0 
7540.0 1487.0 
7321.0 1526.0 
8787.0 1442.0 
7019.0 1550.0 
