2012.0 660.0 
1946.0 766.0 
2009.0 673.0 
2762.0 530.0 
1977.0 762.0 
2080.0 619.0 
2199.0 593.0 
2260.0 547.0 
2001.0 726.0 
2013.0 625.0 
1981.0 758.0 
1961.0 793.0 
1963.0 769.0 
2011.0 683.0 
2807.0 542.0 
2810.0 540.0 
2941.0 539.0 
2807.0 542.0 
2798.0 544.0 
2194.0 620.0 
2200.0 599.0 
2224.0 598.0 
2566.0 548.0 
2273.0 567.0 
2007.0 756.0 
2015.0 657.0 
2049.0 627.0 
1981.0 763.0 
1999.0 762.0 
1974.0 821.0 
1974.0 821.0 
1974.0 821.0 
2959.0 541.0 
2890.0 543.0 
2210.0 602.0 
2623.0 562.0 
2631.0 554.0 
2886.0 548.0 
2644.0 550.0 
2631.0 554.0 
2345.0 570.0 
2340.0 582.0 
2514.0 569.0 
2340.0 582.0 
2310.0 599.0 
2007.0 760.0 
2010.0 756.0 
2019.0 660.0 
2019.0 660.0 
2018.0 695.0 
2019.0 660.0 
2019.0 660.0 
2079.0 639.0 
2079.0 639.0 
1989.0 776.0 
1983.0 791.0 
1981.0 815.0 
2003.0 765.0 
3105.0 541.0 
3105.0 541.0 
3049.0 543.0 
2898.0 546.0 
2978.0 544.0 
2978.0 544.0 
2300.0 603.0 
2300.0 603.0 
2210.0 611.0 
2795.0 553.0 
2804.0 552.0 
2643.0 565.0 
2643.0 565.0 
2669.0 555.0 
2462.0 577.0 
2624.0 573.0 
2542.0 574.0 
2349.0 583.0 
2349.0 583.0 
2346.0 585.0 
2349.0 583.0 
2346.0 585.0 
2342.0 587.0 
2346.0 585.0 
2349.0 583.0 
2035.0 720.0 
2035.0 720.0 
2032.0 759.0 
2030.0 762.0 
2039.0 668.0 
2095.0 646.0 
2095.0 646.0 
2095.0 646.0 
2164.0 643.0 
2203.0 641.0 
2001.0 802.0 
1982.0 826.0 
1997.0 822.0 
2022.0 768.0 
2005.0 770.0 
2992.0 545.0 
2005.0 781.0 
