4514.0 1165.0 
4082.0 1336.0 
4467.0 1311.0 
4656.0 1114.0 
4513.0 1245.0 
4539.0 1195.0 
4394.0 1390.0 
4355.0 1489.0 
4801.0 1120.0 
4715.0 1193.0 
4656.0 1219.0 
4544.0 1329.0 
4544.0 1329.0 
4545.0 1236.0 
5241.0 1128.0 
4731.0 1196.0 
4615.0 1292.0 
4644.0 1259.0 
4566.0 1416.0 
4599.0 1364.0 
4603.0 1326.0 
4638.0 1287.0 
5296.0 1192.0 
5305.0 1164.0 
4780.0 1238.0 
4849.0 1207.0 
4864.0 1198.0 
4809.0 1221.0 
4675.0 1271.0 
4623.0 1412.0 
5781.0 1168.0 
5650.0 1184.0 
4998.0 1203.0 
4864.0 1209.0 
4767.0 1273.0 
4675.0 1380.0 
4704.0 1323.0 
4643.0 1454.0 
4650.0 1453.0 
5806.0 1182.0 
5720.0 1185.0 
4885.0 1217.0 
4798.0 1314.0 
4798.0 1314.0 
4703.0 1386.0 
4787.0 1382.0 
4644.0 1459.0 
5836.0 1190.0 
4998.0 1224.0 
5057.0 1220.0 
4891.0 1238.0 
5718.0 1218.0 
4843.0 1328.0 
4810.0 1348.0 
4833.0 1340.0 
4843.0 1328.0 
4806.0 1367.0 
4758.0 1429.0 
4716.0 1449.0 
4645.0 1468.0 
6006.0 1206.0 
6133.0 1198.0 
5000.0 1234.0 
5523.0 1224.0 
5490.0 1230.0 
4904.0 1278.0 
4923.0 1245.0 
4862.0 1342.0 
4846.0 1343.0 
4809.0 1411.0 
4742.0 1451.0 
4668.0 1478.0 
6692.0 1204.0 
6741.0 1200.0 
6555.0 1211.0 
5144.0 1242.0 
5317.0 1235.0 
5120.0 1243.0 
6460.0 1224.0 
5753.0 1226.0 
6006.0 1225.0 
6460.0 1224.0 
4917.0 1336.0 
4952.0 1256.0 
4945.0 1328.0 
4992.0 1254.0 
4856.0 1400.0 
4849.0 1406.0 
4871.0 1357.0 
4831.0 1442.0 
6785.0 1206.0 
5383.0 1236.0 
5153.0 1250.0 
5320.0 1243.0 
5757.0 1230.0 
4956.0 1274.0 
5071.0 1254.0 
4831.0 1485.0 
4831.0 1485.0 
6887.0 1210.0 
