2042.0 409.0 
2042.0 409.0 
1724.0 436.0 
1486.0 491.0 
1820.0 414.0 
1979.0 411.0 
2042.0 409.0 
1584.0 472.0 
1738.0 430.0 
2042.0 409.0 
1481.0 492.0 
1727.0 433.0 
1734.0 431.0 
1489.0 487.0 
1979.0 411.0 
1727.0 433.0 
2042.0 409.0 
1481.0 492.0 
1820.0 414.0 
1562.0 473.0 
1587.0 455.0 
1734.0 431.0 
1584.0 472.0 
2042.0 409.0 
1777.0 418.0 
2042.0 409.0 
1782.0 417.0 
1820.0 414.0 
1672.0 441.0 
1675.0 437.0 
1979.0 411.0 
2042.0 409.0 
1473.0 499.0 
1548.0 480.0 
1593.0 454.0 
1820.0 414.0 
1762.0 428.0 
1498.0 491.0 
1498.0 491.0 
1512.0 489.0 
1727.0 436.0 
1727.0 436.0 
1727.0 436.0 
1732.0 435.0 
1486.0 495.0 
1490.0 492.0 
1482.0 498.0 
1563.0 478.0 
1564.0 475.0 
1573.0 473.0 
1563.0 478.0 
1591.0 465.0 
1591.0 465.0 
1591.0 465.0 
1591.0 465.0 
1592.0 461.0 
1591.0 465.0 
1590.0 472.0 
1803.0 421.0 
1805.0 419.0 
1787.0 426.0 
1795.0 422.0 
1805.0 419.0 
1803.0 421.0 
1815.0 418.0 
1679.0 445.0 
1675.0 450.0 
1683.0 438.0 
1696.0 437.0 
1680.0 439.0 
1992.0 411.0 
1979.0 412.0 
2052.0 409.0 
2052.0 409.0 
2052.0 409.0 
1477.0 499.0 
1474.0 510.0 
1474.0 510.0 
1474.0 510.0 
1474.0 510.0 
1476.0 500.0 
1552.0 486.0 
1552.0 486.0 
1554.0 482.0 
1552.0 486.0 
1552.0 486.0 
1594.0 456.0 
1602.0 454.0 
1978.0 414.0 
1978.0 414.0 
1978.0 414.0 
1970.0 415.0 
1823.0 417.0 
1970.0 415.0 
1823.0 417.0 
1477.0 510.0 
2033.0 414.0 
1987.0 415.0 
1591.0 467.0 
1818.0 419.0 
