2623.0 791.0 
2738.0 733.0 
2509.0 836.0 
2548.0 811.0 
2623.0 791.0 
2451.0 850.0 
2526.0 818.0 
2755.0 705.0 
2630.0 782.0 
2641.0 742.0 
2523.0 843.0 
2567.0 813.0 
2627.0 805.0 
2517.0 855.0 
2512.0 859.0 
2469.0 903.0 
2552.0 818.0 
2532.0 833.0 
3134.0 716.0 
3185.0 714.0 
3134.0 716.0 
2844.0 728.0 
3134.0 716.0 
3022.0 717.0 
2678.0 766.0 
2649.0 787.0 
2795.0 747.0 
2612.0 813.0 
2636.0 811.0 
2636.0 811.0 
2636.0 811.0 
2524.0 890.0 
2525.0 864.0 
2590.0 827.0 
2602.0 823.0 
2611.0 822.0 
2541.0 852.0 
2541.0 852.0 
2582.0 833.0 
2582.0 833.0 
2557.0 834.0 
2541.0 852.0 
2534.0 859.0 
2873.0 736.0 
3213.0 716.0 
3086.0 717.0 
2715.0 769.0 
2683.0 770.0 
2747.0 766.0 
2654.0 788.0 
2654.0 788.0 
2654.0 788.0 
2653.0 790.0 
2803.0 762.0 
2803.0 762.0 
2631.0 813.0 
2616.0 820.0 
2606.0 824.0 
2606.0 824.0 
2558.0 842.0 
2562.0 835.0 
2536.0 886.0 
2541.0 871.0 
2542.0 865.0 
2547.0 861.0 
2888.0 743.0 
3107.0 733.0 
3145.0 723.0 
2699.0 777.0 
2786.0 766.0 
2653.0 796.0 
2656.0 790.0 
2650.0 827.0 
2631.0 831.0 
2577.0 837.0 
2577.0 837.0 
2577.0 837.0 
2600.0 835.0 
2563.0 849.0 
2563.0 849.0 
2536.0 890.0 
2554.0 862.0 
2968.0 743.0 
2965.0 752.0 
2904.0 759.0 
3148.0 723.0 
2736.0 782.0 
2752.0 780.0 
2806.0 771.0 
2831.0 767.0 
2880.0 766.0 
2654.0 821.0 
2657.0 810.0 
2710.0 800.0 
2673.0 801.0 
2545.0 892.0 
3210.0 723.0 
2981.0 744.0 
2559.0 862.0 
2896.0 771.0 
