36.0 17.0 
35.0 20.0 
35.0 20.0 
36.0 17.0 
35.0 20.0 
36.0 17.0 
36.0 17.0 
35.0 20.0 
35.0 20.0 
36.0 17.0 
35.0 20.0 
35.0 20.0 
36.0 17.0 
36.0 17.0 
36.0 17.0 
35.0 20.0 
35.0 20.0 
35.0 20.0 
36.0 17.0 
36.0 17.0 
35.0 20.0 
36.0 17.0 
35.0 20.0 
36.0 17.0 
35.0 20.0 
36.0 17.0 
35.0 21.0 
36.0 18.0 
37.0 17.0 
36.0 18.0 
36.0 18.0 
36.0 18.0 
36.0 18.0 
37.0 17.0 
37.0 17.0 
37.0 17.0 
36.0 18.0 
36.0 18.0 
37.0 17.0 
37.0 17.0 
36.0 18.0 
36.0 18.0 
37.0 17.0 
35.0 22.0 
35.0 22.0 
55.0 17.0 
55.0 17.0 
37.0 18.0 
36.0 19.0 
36.0 19.0 
37.0 18.0 
35.0 22.0 
35.0 22.0 
35.0 22.0 
35.0 22.0 
35.0 22.0 
35.0 22.0 
35.0 22.0 
36.0 19.0 
36.0 19.0 
36.0 19.0 
55.0 17.0 
37.0 18.0 
55.0 17.0 
37.0 18.0 
37.0 18.0 
37.0 18.0 
37.0 18.0 
37.0 18.0 
37.0 18.0 
37.0 18.0 
37.0 18.0 
37.0 18.0 
37.0 18.0 
37.0 18.0 
37.0 18.0 
37.0 18.0 
37.0 18.0 
37.0 18.0 
37.0 18.0 
37.0 18.0 
37.0 18.0 
37.0 18.0 
37.0 18.0 
37.0 18.0 
37.0 18.0 
37.0 18.0 
37.0 18.0 
37.0 18.0 
37.0 18.0 
37.0 18.0 
37.0 18.0 
37.0 18.0 
37.0 18.0 
37.0 18.0 
37.0 18.0 
37.0 18.0 
37.0 18.0 
37.0 18.0 
37.0 18.0 
