1802.0 533.0 
1791.0 548.0 
1808.0 530.0 
1864.0 516.0 
1808.0 530.0 
1847.0 521.0 
2135.0 475.0 
1944.0 500.0 
1801.0 541.0 
1808.0 530.0 
1808.0 530.0 
1847.0 521.0 
2173.0 474.0 
2202.0 463.0 
1791.0 548.0 
1847.0 521.0 
1871.0 513.0 
2184.0 467.0 
1847.0 521.0 
1801.0 541.0 
1762.0 599.0 
1802.0 533.0 
1828.0 522.0 
1896.0 501.0 
2174.0 473.0 
1808.0 530.0 
2107.0 484.0 
1772.0 550.0 
1875.0 510.0 
2151.0 476.0 
2138.0 477.0 
1945.0 500.0 
1945.0 500.0 
1945.0 500.0 
2206.0 464.0 
2230.0 463.0 
2230.0 463.0 
1871.0 516.0 
2200.0 468.0 
2186.0 470.0 
1803.0 536.0 
1806.0 535.0 
1803.0 536.0 
1803.0 536.0 
1803.0 536.0 
1847.0 525.0 
1848.0 522.0 
1914.0 508.0 
1926.0 503.0 
1926.0 503.0 
1914.0 508.0 
1914.0 508.0 
1926.0 503.0 
1926.0 503.0 
1926.0 503.0 
1926.0 503.0 
1926.0 503.0 
1926.0 503.0 
1914.0 508.0 
1914.0 508.0 
1915.0 505.0 
1911.0 509.0 
1911.0 509.0 
1928.0 501.0 
1810.0 530.0 
2118.0 484.0 
2118.0 484.0 
2118.0 484.0 
2114.0 493.0 
2118.0 484.0 
1781.0 550.0 
1772.0 578.0 
1772.0 578.0 
1892.0 511.0 
1892.0 511.0 
1878.0 513.0 
1878.0 513.0 
1878.0 513.0 
1908.0 510.0 
1892.0 511.0 
1892.0 511.0 
2235.0 464.0 
1773.0 579.0 
2123.0 494.0 
1942.0 501.0 
1822.0 533.0 
2128.0 485.0 
2160.0 477.0 
1775.0 578.0 
1782.0 558.0 
1874.0 517.0 
1895.0 512.0 
1803.0 542.0 
1789.0 552.0 
2182.0 476.0 
1816.0 540.0 
1858.0 524.0 
1858.0 524.0 
2204.0 470.0 
2204.0 470.0 
