149.0 69.0 
181.0 64.0 
157.0 77.0 
157.0 77.0 
163.0 74.0 
165.0 69.0 
157.0 77.0 
202.0 64.0 
199.0 67.0 
199.0 67.0 
202.0 64.0 
198.0 68.0 
183.0 69.0 
172.0 76.0 
162.0 78.0 
162.0 78.0 
160.0 84.0 
204.0 64.0 
192.0 69.0 
184.0 73.0 
192.0 69.0 
186.0 70.0 
180.0 77.0 
166.0 78.0 
162.0 79.0 
209.0 64.0 
208.0 65.0 
206.0 68.0 
206.0 68.0 
209.0 64.0 
202.0 69.0 
202.0 69.0 
187.0 70.0 
186.0 73.0 
181.0 77.0 
179.0 82.0 
172.0 86.0 
162.0 91.0 
211.0 65.0 
205.0 69.0 
194.0 70.0 
188.0 73.0 
186.0 75.0 
186.0 75.0 
181.0 78.0 
180.0 86.0 
179.0 88.0 
169.0 103.0 
214.0 67.0 
210.0 69.0 
210.0 69.0 
201.0 72.0 
201.0 72.0 
204.0 70.0 
202.0 71.0 
202.0 71.0 
204.0 70.0 
204.0 70.0 
190.0 74.0 
195.0 73.0 
185.0 78.0 
182.0 85.0 
184.0 83.0 
180.0 94.0 
173.0 104.0 
216.0 68.0 
216.0 68.0 
212.0 69.0 
205.0 72.0 
206.0 70.0 
206.0 70.0 
206.0 70.0 
194.0 75.0 
202.0 73.0 
202.0 73.0 
202.0 73.0 
202.0 73.0 
202.0 73.0 
196.0 74.0 
187.0 78.0 
182.0 86.0 
184.0 84.0 
176.0 119.0 
177.0 107.0 
226.0 68.0 
214.0 69.0 
176.0 124.0 
182.0 109.0 
183.0 86.0 
196.0 75.0 
207.0 70.0 
205.0 73.0 
189.0 78.0 
186.0 84.0 
187.0 80.0 
199.0 74.0 
189.0 78.0 
199.0 74.0 
183.0 86.0 
199.0 74.0 
