106.0 30.0 
106.0 30.0 
106.0 30.0 
93.0 33.0 
106.0 30.0 
104.0 31.0 
106.0 30.0 
109.0 29.0 
106.0 30.0 
106.0 30.0 
106.0 30.0 
92.0 36.0 
106.0 30.0 
106.0 30.0 
104.0 31.0 
106.0 30.0 
109.0 29.0 
106.0 30.0 
109.0 29.0 
95.0 32.0 
104.0 31.0 
93.0 33.0 
104.0 31.0 
106.0 30.0 
106.0 30.0 
106.0 30.0 
104.0 31.0 
106.0 30.0 
106.0 30.0 
109.0 29.0 
106.0 30.0 
98.0 32.0 
98.0 32.0 
98.0 32.0 
98.0 32.0 
98.0 32.0 
98.0 32.0 
98.0 32.0 
98.0 32.0 
98.0 32.0 
98.0 32.0 
98.0 32.0 
97.0 33.0 
97.0 33.0 
93.0 37.0 
124.0 29.0 
124.0 29.0 
124.0 29.0 
124.0 29.0 
124.0 29.0 
124.0 29.0 
110.0 30.0 
106.0 31.0 
106.0 31.0 
106.0 31.0 
106.0 31.0 
106.0 31.0 
106.0 31.0 
106.0 31.0 
106.0 31.0 
106.0 31.0 
106.0 31.0 
106.0 31.0 
106.0 31.0 
106.0 31.0 
106.0 31.0 
106.0 31.0 
106.0 31.0 
106.0 31.0 
106.0 31.0 
106.0 31.0 
106.0 31.0 
106.0 31.0 
106.0 31.0 
106.0 31.0 
106.0 31.0 
106.0 31.0 
95.0 37.0 
95.0 37.0 
125.0 29.0 
125.0 29.0 
124.0 30.0 
107.0 31.0 
98.0 33.0 
99.0 32.0 
107.0 31.0 
98.0 33.0 
99.0 32.0 
124.0 30.0 
99.0 32.0 
99.0 32.0 
99.0 32.0 
99.0 32.0 
99.0 32.0 
99.0 32.0 
99.0 32.0 
99.0 32.0 
99.0 32.0 
98.0 33.0 
98.0 33.0 
