1993.0 553.0 
1993.0 553.0 
1892.0 622.0 
1892.0 622.0 
1896.0 617.0 
1912.0 616.0 
2094.0 544.0 
2057.0 545.0 
1961.0 575.0 
1896.0 617.0 
1912.0 616.0 
1993.0 553.0 
1920.0 580.0 
1979.0 557.0 
1983.0 555.0 
1918.0 595.0 
1892.0 623.0 
1892.0 623.0 
2104.0 552.0 
2119.0 549.0 
1961.0 579.0 
1961.0 579.0 
1900.0 619.0 
1993.0 554.0 
1993.0 554.0 
2069.0 553.0 
1925.0 589.0 
1925.0 589.0 
1940.0 583.0 
1925.0 589.0 
1947.0 582.0 
1935.0 585.0 
1920.0 590.0 
1980.0 567.0 
1987.0 566.0 
1987.0 566.0 
1987.0 566.0 
1987.0 566.0 
1987.0 566.0 
1987.0 566.0 
1918.0 608.0 
1895.0 623.0 
1972.0 581.0 
1909.0 621.0 
1993.0 556.0 
2041.0 554.0 
2081.0 553.0 
1942.0 584.0 
1942.0 584.0 
1942.0 584.0 
1954.0 582.0 
1940.0 586.0 
1922.0 590.0 
1983.0 567.0 
1983.0 567.0 
1983.0 567.0 
1983.0 567.0 
1980.0 570.0 
1983.0 567.0 
1983.0 567.0 
1983.0 567.0 
1920.0 620.0 
1920.0 620.0 
1920.0 620.0 
1920.0 620.0 
1920.0 620.0 
1896.0 626.0 
1901.0 623.0 
1899.0 624.0 
1901.0 623.0 
1973.0 581.0 
1913.0 621.0 
1912.0 622.0 
2000.0 561.0 
2012.0 559.0 
1999.0 566.0 
2014.0 556.0 
2063.0 555.0 
2065.0 554.0 
2065.0 554.0 
2106.0 553.0 
1944.0 584.0 
1972.0 582.0 
1972.0 582.0 
1963.0 583.0 
1963.0 583.0 
1963.0 583.0 
1942.0 588.0 
1922.0 591.0 
1922.0 591.0 
1927.0 590.0 
1927.0 590.0 
1927.0 590.0 
1927.0 590.0 
1927.0 590.0 
1983.0 568.0 
1998.0 567.0 
1983.0 568.0 
1998.0 567.0 
1899.0 626.0 
