2105.0 642.0 
2105.0 642.0 
2107.0 632.0 
2107.0 632.0 
2052.0 646.0 
2107.0 632.0 
2126.0 622.0 
2140.0 609.0 
2065.0 645.0 
2105.0 642.0 
2104.0 644.0 
2048.0 656.0 
2109.0 629.0 
2058.0 653.0 
2127.0 623.0 
2140.0 618.0 
2441.0 610.0 
2144.0 611.0 
2070.0 646.0 
2103.0 645.0 
2105.0 643.0 
2054.0 657.0 
2116.0 630.0 
2109.0 638.0 
2110.0 632.0 
2061.0 654.0 
2061.0 654.0 
2061.0 654.0 
2127.0 624.0 
2278.0 611.0 
2269.0 619.0 
2270.0 617.0 
2184.0 620.0 
2071.0 646.0 
2105.0 645.0 
2060.0 657.0 
2058.0 661.0 
2121.0 631.0 
2109.0 640.0 
2117.0 632.0 
2113.0 636.0 
2113.0 636.0 
2117.0 632.0 
2113.0 636.0 
2113.0 636.0 
2114.0 634.0 
2117.0 632.0 
2113.0 636.0 
2064.0 655.0 
2064.0 655.0 
2150.0 624.0 
2135.0 627.0 
2281.0 611.0 
2190.0 620.0 
2185.0 622.0 
2098.0 646.0 
2071.0 649.0 
2061.0 659.0 
2109.0 645.0 
2111.0 640.0 
2117.0 634.0 
2130.0 632.0 
2113.0 637.0 
2113.0 637.0 
2113.0 637.0 
2065.0 655.0 
2150.0 626.0 
2150.0 626.0 
2141.0 628.0 
2409.0 615.0 
2409.0 615.0 
2409.0 615.0 
2409.0 615.0 
2409.0 615.0 
2311.0 619.0 
2405.0 616.0 
2409.0 615.0 
2450.0 611.0 
2409.0 615.0 
2409.0 615.0 
2446.0 614.0 
2185.0 623.0 
2285.0 622.0 
2103.0 646.0 
2072.0 650.0 
2061.0 661.0 
2062.0 659.0 
2061.0 661.0 
2062.0 659.0 
2061.0 661.0 
2112.0 644.0 
2120.0 634.0 
2115.0 639.0 
2115.0 639.0 
2115.0 639.0 
2115.0 639.0 
2115.0 639.0 
2450.0 613.0 
2450.0 613.0 
2061.0 665.0 
