8378.0 1422.0 
7291.0 1516.0 
6902.0 1538.0 
7922.0 1423.0 
7476.0 1487.0 
5933.0 1572.0 
8735.0 1376.0 
7200.0 1539.0 
7951.0 1438.0 
7728.0 1499.0 
6456.0 1696.0 
6318.0 1745.0 
6682.0 1652.0 
7403.0 1565.0 
7501.0 1552.0 
7981.0 1484.0 
8391.0 1470.0 
8391.0 1470.0 
8588.0 1450.0 
8010.0 1479.0 
7777.0 1500.0 
6616.0 1754.0 
6418.0 1757.0 
6746.0 1667.0 
6836.0 1656.0 
6765.0 1660.0 
7710.0 1627.0 
11793.0 1456.0 
8045.0 1479.0 
7980.0 1500.0 
7872.0 1523.0 
7807.0 1555.0 
6678.0 1848.0 
6956.0 1689.0 
6929.0 1768.0 
7345.0 1671.0 
7345.0 1671.0 
7545.0 1662.0 
6834.0 1773.0 
9152.0 1491.0 
8553.0 1512.0 
8209.0 1538.0 
8313.0 1524.0 
8071.0 1564.0 
7838.0 1593.0 
7896.0 1576.0 
7871.0 1582.0 
7819.0 1625.0 
6782.0 1864.0 
7219.0 1719.0 
7048.0 1723.0 
7479.0 1691.0 
7522.0 1673.0 
7659.0 1667.0 
6920.0 1793.0 
9664.0 1502.0 
9329.0 1508.0 
9101.0 1521.0 
8284.0 1558.0 
9057.0 1537.0 
8380.0 1544.0 
8043.0 1582.0 
7973.0 1654.0 
6896.0 1883.0 
7122.0 1731.0 
7528.0 1696.0 
6991.0 1810.0 
11847.0 1506.0 
11812.0 1513.0 
10343.0 1518.0 
9447.0 1533.0 
9447.0 1533.0 
8368.0 1565.0 
9301.0 1563.0 
8214.0 1602.0 
8267.0 1585.0 
8095.0 1624.0 
7331.0 1746.0 
8049.0 1705.0 
7664.0 1708.0 
7059.0 1905.0 
10359.0 1529.0 
10079.0 1542.0 
8407.0 1565.0 
8280.0 1612.0 
8130.0 1695.0 
7347.0 1775.0 
7462.0 1764.0 
8043.0 1721.0 
7740.0 1746.0 
7883.0 1726.0 
7144.0 1927.0 
7231.0 1914.0 
12112.0 1529.0 
7309.0 1936.0 
11870.0 1543.0 
10192.0 1551.0 
7397.0 1840.0 
7948.0 1826.0 
9077.0 1566.0 
