2514.0 858.0 
3013.0 749.0 
2541.0 844.0 
3037.0 742.0 
2571.0 788.0 
2514.0 858.0 
3045.0 738.0 
2618.0 787.0 
2660.0 763.0 
2533.0 848.0 
3248.0 730.0 
2785.0 762.0 
3344.0 717.0 
2491.0 874.0 
2546.0 790.0 
2858.0 751.0 
3106.0 750.0 
3122.0 742.0 
2677.0 784.0 
2690.0 776.0 
2537.0 849.0 
2537.0 849.0 
3304.0 732.0 
2793.0 770.0 
3367.0 725.0 
2504.0 897.0 
2595.0 804.0 
2608.0 801.0 
2546.0 811.0 
2914.0 754.0 
3257.0 742.0 
3142.0 749.0 
3197.0 745.0 
2681.0 785.0 
2761.0 783.0 
2766.0 781.0 
2761.0 783.0 
2537.0 858.0 
2537.0 858.0 
3304.0 738.0 
3304.0 738.0 
3308.0 732.0 
2909.0 778.0 
2808.0 779.0 
2620.0 808.0 
2614.0 817.0 
2602.0 835.0 
2556.0 842.0 
3002.0 756.0 
3057.0 755.0 
3124.0 754.0 
3124.0 754.0 
2940.0 766.0 
3296.0 748.0 
3246.0 751.0 
2697.0 795.0 
2695.0 796.0 
2739.0 790.0 
2796.0 783.0 
2767.0 785.0 
2544.0 866.0 
3305.0 740.0 
3330.0 734.0 
3316.0 737.0 
3959.0 732.0 
2908.0 780.0 
2673.0 817.0 
2640.0 828.0 
2624.0 834.0 
2640.0 828.0 
2673.0 817.0 
2634.0 833.0 
2622.0 839.0 
2591.0 848.0 
2591.0 848.0 
2606.0 846.0 
3009.0 760.0 
3002.0 764.0 
3057.0 756.0 
3138.0 754.0 
2980.0 767.0 
2946.0 774.0 
2557.0 890.0 
3900.0 734.0 
3358.0 738.0 
3254.0 753.0 
2965.0 774.0 
3111.0 756.0 
3049.0 767.0 
2699.0 820.0 
2594.0 856.0 
2712.0 812.0 
2948.0 784.0 
2649.0 831.0 
2864.0 794.0 
2726.0 795.0 
2568.0 873.0 
3316.0 751.0 
2871.0 787.0 
2718.0 798.0 
