2126.0 611.0 
1926.0 691.0 
2098.0 624.0 
2066.0 639.0 
2111.0 616.0 
2049.0 640.0 
1938.0 688.0 
1989.0 655.0 
2155.0 605.0 
1958.0 679.0 
2121.0 614.0 
2100.0 622.0 
2066.0 639.0 
1923.0 710.0 
1920.0 714.0 
1993.0 654.0 
2017.0 644.0 
2084.0 633.0 
1927.0 691.0 
2054.0 642.0 
2051.0 643.0 
2055.0 640.0 
1964.0 684.0 
2142.0 618.0 
2102.0 627.0 
2138.0 624.0 
2015.0 654.0 
1993.0 672.0 
1994.0 657.0 
2021.0 648.0 
2088.0 635.0 
1929.0 710.0 
1955.0 694.0 
1944.0 699.0 
1955.0 694.0 
1938.0 701.0 
2052.0 643.0 
2058.0 640.0 
2058.0 640.0 
2055.0 642.0 
2058.0 640.0 
1966.0 684.0 
1966.0 684.0 
2154.0 618.0 
2154.0 618.0 
2113.0 633.0 
2113.0 633.0 
2115.0 627.0 
2018.0 656.0 
2018.0 656.0 
2012.0 659.0 
2003.0 661.0 
2012.0 659.0 
2000.0 676.0 
2012.0 659.0 
2000.0 676.0 
2021.0 652.0 
2100.0 636.0 
2104.0 635.0 
1933.0 712.0 
1934.0 710.0 
1959.0 698.0 
1959.0 698.0 
1965.0 696.0 
1959.0 698.0 
1941.0 703.0 
1947.0 701.0 
1938.0 704.0 
2057.0 648.0 
2064.0 640.0 
2060.0 646.0 
2058.0 647.0 
2063.0 643.0 
1966.0 687.0 
1970.0 686.0 
2155.0 621.0 
2155.0 621.0 
2133.0 630.0 
2133.0 630.0 
2118.0 633.0 
2133.0 630.0 
2139.0 627.0 
2004.0 664.0 
2020.0 660.0 
2043.0 652.0 
2021.0 653.0 
2117.0 637.0 
1933.0 717.0 
2161.0 623.0 
2004.0 680.0 
2067.0 640.0 
2118.0 635.0 
2024.0 653.0 
2044.0 652.0 
2061.0 646.0 
1977.0 687.0 
1971.0 696.0 
2013.0 665.0 
2018.0 664.0 
1935.0 714.0 
