1656.0 115.0 
341.0 194.0 
1656.0 115.0 
1548.0 119.0 
1082.0 134.0 
527.0 165.0 
348.0 186.0 
612.0 160.0 
1244.0 128.0 
388.0 178.0 
1595.0 116.0 
1055.0 136.0 
1170.0 132.0 
455.0 172.0 
349.0 185.0 
1413.0 124.0 
1332.0 126.0 
586.0 162.0 
363.0 181.0 
981.0 138.0 
1197.0 131.0 
874.0 144.0 
769.0 151.0 
716.0 153.0 
821.0 147.0 
507.0 168.0 
480.0 169.0 
874.0 144.0 
630.0 157.0 
586.0 162.0 
821.0 147.0 
455.0 172.0 
1298.0 127.0 
1494.0 121.0 
402.0 175.0 
1332.0 126.0 
716.0 153.0 
363.0 181.0 
1595.0 116.0 
1494.0 121.0 
684.0 155.0 
981.0 138.0 
1224.0 130.0 
928.0 141.0 
796.0 149.0 
769.0 151.0 
1413.0 124.0 
1055.0 136.0 
901.0 142.0 
954.0 139.0 
1170.0 132.0 
796.0 149.0 
402.0 175.0 
1298.0 127.0 
684.0 155.0 
657.0 156.0 
901.0 142.0 
1467.0 122.0 
1440.0 123.0 
1467.0 122.0 
657.0 156.0 
1440.0 123.0 
954.0 139.0 
928.0 141.0 
480.0 169.0 
395.0 176.0 
507.0 168.0 
1224.0 130.0 
630.0 157.0 
348.0 186.0 
395.0 176.0 
1656.0 115.0 
586.0 162.0 
1170.0 132.0 
874.0 144.0 
821.0 147.0 
455.0 172.0 
1332.0 126.0 
716.0 153.0 
630.0 157.0 
981.0 138.0 
769.0 151.0 
1413.0 124.0 
1224.0 130.0 
796.0 149.0 
402.0 175.0 
363.0 181.0 
1494.0 121.0 
901.0 142.0 
507.0 168.0 
1467.0 122.0 
1440.0 123.0 
928.0 141.0 
1595.0 116.0 
874.0 144.0 
1224.0 130.0 
1440.0 123.0 
769.0 151.0 
1224.0 130.0 
1440.0 123.0 
