235.0 83.0 
163.0 99.0 
119.0 127.0 
151.0 106.0 
193.0 91.0 
241.0 77.0 
149.0 158.0 
154.0 120.0 
157.0 112.0 
190.0 110.0 
185.0 111.0 
201.0 92.0 
253.0 81.0 
183.0 134.0 
160.0 150.0 
169.0 148.0 
160.0 150.0 
160.0 150.0 
160.0 150.0 
171.0 142.0 
186.0 117.0 
187.0 116.0 
211.0 104.0 
201.0 110.0 
202.0 108.0 
234.0 93.0 
283.0 84.0 
283.0 84.0 
168.0 154.0 
160.0 158.0 
175.0 142.0 
188.0 124.0 
190.0 118.0 
202.0 113.0 
204.0 109.0 
234.0 104.0 
289.0 91.0 
310.0 90.0 
289.0 91.0 
166.0 160.0 
187.0 146.0 
189.0 124.0 
190.0 120.0 
192.0 119.0 
202.0 118.0 
219.0 117.0 
245.0 109.0 
174.0 163.0 
167.0 167.0 
189.0 138.0 
190.0 137.0 
197.0 125.0 
217.0 121.0 
205.0 122.0 
217.0 121.0 
230.0 120.0 
247.0 113.0 
184.0 163.0 
180.0 184.0 
191.0 144.0 
197.0 135.0 
202.0 131.0 
210.0 127.0 
231.0 125.0 
234.0 122.0 
290.0 117.0 
374.0 115.0 
263.0 119.0 
189.0 175.0 
185.0 177.0 
194.0 147.0 
191.0 170.0 
192.0 148.0 
197.0 146.0 
198.0 141.0 
203.0 131.0 
211.0 129.0 
216.0 128.0 
232.0 125.0 
307.0 117.0 
275.0 120.0 
190.0 177.0 
192.0 156.0 
203.0 152.0 
205.0 145.0 
206.0 132.0 
203.0 152.0 
216.0 130.0 
253.0 125.0 
232.0 126.0 
192.0 170.0 
199.0 157.0 
194.0 160.0 
193.0 167.0 
207.0 134.0 
206.0 141.0 
216.0 133.0 
258.0 126.0 
241.0 127.0 
237.0 129.0 
