1930.0 637.0 
2088.0 569.0 
2093.0 555.0 
2105.0 537.0 
1904.0 648.0 
1922.0 644.0 
2011.0 588.0 
2378.0 536.0 
1991.0 615.0 
1961.0 620.0 
1996.0 614.0 
1896.0 655.0 
2567.0 528.0 
1947.0 643.0 
2088.0 583.0 
2095.0 555.0 
2109.0 539.0 
2109.0 539.0 
1914.0 649.0 
1933.0 645.0 
2027.0 594.0 
2018.0 597.0 
2023.0 596.0 
2050.0 588.0 
2027.0 594.0 
1991.0 626.0 
1961.0 636.0 
1992.0 620.0 
1966.0 633.0 
1967.0 632.0 
1912.0 657.0 
1899.0 671.0 
1905.0 670.0 
1912.0 657.0 
1899.0 671.0 
2574.0 531.0 
2102.0 559.0 
2101.0 560.0 
2173.0 539.0 
2173.0 539.0 
2173.0 539.0 
2115.0 541.0 
1925.0 652.0 
1955.0 646.0 
2024.0 611.0 
2089.0 588.0 
2029.0 595.0 
2079.0 594.0 
2027.0 605.0 
1965.0 637.0 
2011.0 620.0 
2008.0 624.0 
1976.0 633.0 
1913.0 658.0 
1899.0 673.0 
1912.0 672.0 
1899.0 673.0 
2102.0 584.0 
2104.0 560.0 
2173.0 540.0 
2313.0 539.0 
2173.0 540.0 
2141.0 550.0 
2141.0 550.0 
2169.0 549.0 
2123.0 553.0 
1963.0 655.0 
2031.0 603.0 
2031.0 603.0 
2032.0 597.0 
2032.0 597.0 
2094.0 596.0 
2094.0 596.0 
2096.0 595.0 
1965.0 649.0 
2021.0 621.0 
2014.0 629.0 
2014.0 629.0 
2020.0 624.0 
2013.0 637.0 
1982.0 638.0 
1982.0 638.0 
1979.0 645.0 
1925.0 660.0 
1913.0 661.0 
1912.0 673.0 
1912.0 673.0 
1912.0 673.0 
1912.0 673.0 
2355.0 541.0 
1913.0 674.0 
2260.0 544.0 
2028.0 624.0 
2102.0 585.0 
1983.0 638.0 
2039.0 597.0 
1964.0 660.0 
2143.0 552.0 
2188.0 548.0 
2108.0 566.0 
