3094.0 899.0 
2806.0 999.0 
3342.0 829.0 
2806.0 999.0 
2778.0 1038.0 
3214.0 883.0 
3035.0 913.0 
3001.0 994.0 
3203.0 912.0 
3395.0 862.0 
2976.0 1015.0 
2976.0 1015.0 
2855.0 1032.0 
2780.0 1062.0 
3224.0 908.0 
3054.0 941.0 
3148.0 926.0 
3672.0 872.0 
3672.0 872.0 
3663.0 875.0 
3396.0 900.0 
3460.0 885.0 
2959.0 1055.0 
2954.0 1115.0 
3132.0 947.0 
3076.0 1003.0 
3130.0 956.0 
3372.0 942.0 
4172.0 880.0 
3442.0 903.0 
3425.0 932.0 
3481.0 890.0 
3470.0 894.0 
3001.0 1062.0 
2976.0 1063.0 
3293.0 954.0 
3329.0 952.0 
3115.0 1013.0 
3099.0 1024.0 
3086.0 1053.0 
3227.0 956.0 
3170.0 995.0 
3383.0 943.0 
3460.0 928.0 
3433.0 942.0 
3741.0 896.0 
3741.0 896.0 
3479.0 904.0 
3479.0 904.0 
2980.0 1093.0 
3035.0 1083.0 
3035.0 1083.0 
2980.0 1093.0 
3352.0 954.0 
3168.0 1023.0 
3100.0 1028.0 
3096.0 1058.0 
3239.0 966.0 
3253.0 964.0 
3239.0 966.0 
3257.0 956.0 
3214.0 1000.0 
3187.0 1019.0 
3432.0 953.0 
3472.0 930.0 
4039.0 899.0 
3564.0 926.0 
3528.0 927.0 
3638.0 904.0 
3528.0 927.0 
3483.0 929.0 
3581.0 925.0 
3038.0 1083.0 
3023.0 1114.0 
2986.0 1165.0 
3104.0 1032.0 
3325.0 957.0 
3315.0 965.0 
3259.0 997.0 
3314.0 984.0 
3260.0 992.0 
3325.0 957.0 
3229.0 1001.0 
3226.0 1023.0 
3900.0 904.0 
3055.0 1148.0 
3055.0 1148.0 
3656.0 907.0 
3108.0 1036.0 
3534.0 932.0 
3098.0 1088.0 
3074.0 1103.0 
3649.0 924.0 
3262.0 992.0 
3390.0 960.0 
3490.0 956.0 
3234.0 1008.0 
3229.0 1034.0 
3321.0 984.0 
3467.0 957.0 
