116.0 31.0 
92.0 40.0 
132.0 28.0 
100.0 37.0 
72.0 49.0 
58.0 51.0 
52.0 58.0 
81.0 44.0 
56.0 56.0 
74.0 46.0 
85.0 43.0 
55.0 57.0 
48.0 62.0 
51.0 61.0 
67.0 50.0 
98.0 39.0 
107.0 32.0 
117.0 31.0 
92.0 42.0 
93.0 40.0 
134.0 28.0 
105.0 38.0 
59.0 54.0 
59.0 54.0 
53.0 58.0 
52.0 59.0 
82.0 45.0 
84.0 44.0 
77.0 48.0 
77.0 48.0 
78.0 46.0 
77.0 48.0 
74.0 49.0 
49.0 65.0 
72.0 50.0 
71.0 53.0 
100.0 39.0 
113.0 34.0 
112.0 37.0 
119.0 31.0 
119.0 31.0 
118.0 33.0 
98.0 40.0 
97.0 42.0 
152.0 30.0 
109.0 38.0 
64.0 54.0 
63.0 58.0 
53.0 59.0 
53.0 59.0 
84.0 45.0 
84.0 45.0 
88.0 44.0 
78.0 47.0 
78.0 47.0 
78.0 47.0 
75.0 49.0 
50.0 65.0 
74.0 52.0 
72.0 53.0 
104.0 39.0 
113.0 36.0 
123.0 31.0 
118.0 35.0 
118.0 35.0 
100.0 40.0 
100.0 40.0 
99.0 42.0 
99.0 42.0 
98.0 43.0 
98.0 43.0 
64.0 55.0 
67.0 54.0 
54.0 63.0 
54.0 63.0 
54.0 63.0 
55.0 59.0 
53.0 64.0 
55.0 59.0 
85.0 45.0 
84.0 46.0 
93.0 44.0 
83.0 47.0 
83.0 47.0 
83.0 47.0 
82.0 48.0 
76.0 49.0 
52.0 66.0 
52.0 66.0 
52.0 66.0 
52.0 66.0 
106.0 39.0 
113.0 37.0 
113.0 37.0 
130.0 31.0 
54.0 64.0 
54.0 64.0 
94.0 44.0 
56.0 59.0 
86.0 45.0 
