32.0 27.0 
33.0 22.0 
32.0 29.0 
32.0 29.0 
32.0 29.0 
32.0 29.0 
44.0 27.0 
35.0 30.0 
32.0 32.0 
45.0 27.0 
36.0 30.0 
35.0 31.0 
45.0 28.0 
42.0 31.0 
42.0 31.0 
35.0 36.0 
36.0 32.0 
42.0 31.0 
47.0 30.0 
49.0 28.0 
36.0 33.0 
39.0 32.0 
36.0 33.0 
39.0 32.0 
48.0 31.0 
48.0 31.0 
53.0 29.0 
38.0 33.0 
38.0 33.0 
41.0 32.0 
51.0 31.0 
40.0 38.0 
38.0 43.0 
41.0 33.0 
47.0 32.0 
39.0 45.0 
40.0 44.0 
42.0 33.0 
42.0 33.0 
42.0 33.0 
42.0 33.0 
42.0 33.0 
42.0 33.0 
41.0 34.0 
50.0 32.0 
39.0 46.0 
49.0 33.0 
49.0 33.0 
49.0 33.0 
49.0 33.0 
49.0 33.0 
42.0 34.0 
42.0 34.0 
41.0 37.0 
55.0 32.0 
53.0 33.0 
43.0 34.0 
43.0 34.0 
42.0 37.0 
44.0 34.0 
44.0 34.0 
43.0 35.0 
43.0 35.0 
44.0 34.0 
47.0 34.0 
47.0 34.0 
47.0 34.0 
44.0 36.0 
44.0 36.0 
44.0 36.0 
44.0 36.0 
47.0 34.0 
47.0 34.0 
45.0 35.0 
44.0 41.0 
44.0 41.0 
54.0 34.0 
54.0 34.0 
46.0 35.0 
45.0 40.0 
45.0 40.0 
44.0 47.0 
44.0 47.0 
55.0 34.0 
46.0 37.0 
47.0 35.0 
44.0 49.0 
44.0 49.0 
56.0 34.0 
56.0 34.0 
46.0 39.0 
46.0 39.0 
48.0 37.0 
47.0 38.0 
51.0 36.0 
54.0 35.0 
45.0 50.0 
58.0 35.0 
54.0 36.0 
46.0 40.0 
