36.0 13.0 
36.0 13.0 
37.0 7.0 
43.0 9.0 
43.0 9.0 
42.0 14.0 
48.0 10.0 
52.0 9.0 
47.0 11.0 
48.0 10.0 
43.0 17.0 
43.0 17.0 
42.0 34.0 
54.0 9.0 
47.0 15.0 
48.0 13.0 
50.0 10.0 
45.0 18.0 
45.0 18.0 
44.0 20.0 
48.0 17.0 
49.0 13.0 
58.0 10.0 
52.0 11.0 
47.0 25.0 
48.0 24.0 
49.0 14.0 
60.0 10.0 
57.0 13.0 
57.0 13.0 
47.0 30.0 
47.0 30.0 
48.0 26.0 
50.0 15.0 
49.0 21.0 
49.0 21.0 
50.0 15.0 
51.0 14.0 
49.0 21.0 
49.0 21.0 
50.0 15.0 
62.0 10.0 
62.0 10.0 
58.0 13.0 
52.0 14.0 
52.0 14.0 
49.0 22.0 
50.0 17.0 
50.0 17.0 
62.0 11.0 
62.0 11.0 
61.0 13.0 
53.0 14.0 
52.0 16.0 
52.0 16.0 
52.0 16.0 
49.0 23.0 
49.0 23.0 
50.0 19.0 
50.0 19.0 
51.0 17.0 
62.0 12.0 
62.0 12.0 
62.0 12.0 
63.0 11.0 
62.0 12.0 
63.0 11.0 
62.0 12.0 
54.0 14.0 
49.0 27.0 
50.0 20.0 
51.0 19.0 
52.0 17.0 
65.0 11.0 
63.0 13.0 
63.0 13.0 
55.0 14.0 
54.0 15.0 
49.0 30.0 
50.0 23.0 
50.0 23.0 
50.0 23.0 
50.0 23.0 
51.0 20.0 
51.0 20.0 
52.0 18.0 
67.0 11.0 
65.0 12.0 
49.0 32.0 
49.0 32.0 
69.0 11.0 
69.0 11.0 
60.0 14.0 
50.0 25.0 
57.0 16.0 
53.0 19.0 
51.0 23.0 
65.0 13.0 
66.0 12.0 
55.0 18.0 
