34.0 11.0 
34.0 11.0 
44.0 11.0 
37.0 12.0 
37.0 12.0 
36.0 15.0 
37.0 12.0 
39.0 12.0 
37.0 14.0 
39.0 12.0 
37.0 14.0 
39.0 12.0 
37.0 15.0 
37.0 15.0 
40.0 13.0 
39.0 14.0 
43.0 12.0 
37.0 19.0 
39.0 15.0 
41.0 14.0 
39.0 15.0 
44.0 13.0 
47.0 12.0 
40.0 15.0 
40.0 15.0 
39.0 20.0 
40.0 15.0 
45.0 13.0 
45.0 13.0 
39.0 23.0 
40.0 19.0 
41.0 15.0 
48.0 13.0 
48.0 13.0 
46.0 14.0 
46.0 14.0 
46.0 14.0 
48.0 13.0 
41.0 16.0 
44.0 15.0 
44.0 15.0 
53.0 13.0 
53.0 13.0 
43.0 19.0 
43.0 19.0 
45.0 15.0 
45.0 15.0 
45.0 15.0 
45.0 15.0 
45.0 15.0 
45.0 15.0 
45.0 15.0 
61.0 13.0 
61.0 13.0 
54.0 14.0 
44.0 20.0 
43.0 25.0 
46.0 16.0 
46.0 16.0 
46.0 16.0 
48.0 15.0 
48.0 15.0 
48.0 15.0 
46.0 16.0 
46.0 16.0 
48.0 15.0 
55.0 14.0 
55.0 14.0 
55.0 14.0 
44.0 21.0 
44.0 21.0 
43.0 27.0 
46.0 17.0 
46.0 17.0 
46.0 17.0 
46.0 17.0 
46.0 17.0 
46.0 17.0 
48.0 16.0 
49.0 15.0 
48.0 16.0 
59.0 14.0 
59.0 14.0 
44.0 23.0 
46.0 18.0 
46.0 18.0 
52.0 15.0 
50.0 16.0 
48.0 17.0 
50.0 16.0 
50.0 16.0 
63.0 14.0 
44.0 25.0 
46.0 21.0 
55.0 15.0 
48.0 19.0 
48.0 19.0 
53.0 16.0 
50.0 17.0 
45.0 25.0 
