70.0 46.0 
117.0 32.0 
117.0 32.0 
58.0 52.0 
129.0 30.0 
74.0 44.0 
47.0 64.0 
135.0 27.0 
51.0 56.0 
52.0 55.0 
61.0 51.0 
70.0 46.0 
53.0 54.0 
129.0 30.0 
47.0 64.0 
121.0 31.0 
53.0 54.0 
74.0 44.0 
101.0 36.0 
70.0 46.0 
70.0 46.0 
133.0 29.0 
105.0 35.0 
56.0 53.0 
129.0 30.0 
129.0 30.0 
77.0 40.0 
62.0 48.0 
91.0 37.0 
129.0 30.0 
48.0 58.0 
91.0 37.0 
60.0 52.0 
140.0 27.0 
140.0 27.0 
47.0 66.0 
47.0 66.0 
125.0 31.0 
125.0 31.0 
122.0 32.0 
53.0 55.0 
53.0 55.0 
53.0 55.0 
75.0 44.0 
73.0 46.0 
73.0 46.0 
113.0 35.0 
113.0 35.0 
113.0 35.0 
107.0 36.0 
57.0 53.0 
57.0 53.0 
78.0 40.0 
78.0 40.0 
65.0 48.0 
64.0 50.0 
135.0 30.0 
135.0 30.0 
135.0 30.0 
135.0 30.0 
135.0 30.0 
50.0 59.0 
48.0 62.0 
50.0 59.0 
48.0 62.0 
50.0 59.0 
48.0 62.0 
51.0 58.0 
97.0 37.0 
141.0 27.0 
48.0 64.0 
48.0 64.0 
113.0 36.0 
81.0 40.0 
103.0 37.0 
98.0 39.0 
57.0 54.0 
126.0 31.0 
139.0 30.0 
78.0 41.0 
53.0 57.0 
61.0 52.0 
125.0 32.0 
50.0 60.0 
49.0 62.0 
125.0 32.0 
76.0 45.0 
140.0 28.0 
74.0 47.0 
67.0 50.0 
72.0 48.0 
67.0 50.0 
98.0 39.0 
72.0 48.0 
52.0 58.0 
64.0 51.0 
64.0 51.0 
76.0 45.0 
52.0 58.0 
75.0 46.0 
