170.0 37.0 
94.0 53.0 
191.0 35.0 
100.0 44.0 
85.0 55.0 
118.0 43.0 
170.0 37.0 
67.0 60.0 
65.0 61.0 
91.0 54.0 
169.0 39.0 
123.0 41.0 
54.0 66.0 
102.0 45.0 
100.0 49.0 
66.0 62.0 
92.0 55.0 
189.0 40.0 
205.0 39.0 
148.0 42.0 
148.0 42.0 
148.0 42.0 
143.0 44.0 
143.0 44.0 
148.0 42.0 
169.0 41.0 
62.0 69.0 
63.0 66.0 
106.0 45.0 
106.0 45.0 
105.0 50.0 
105.0 50.0 
67.0 64.0 
69.0 63.0 
81.0 62.0 
92.0 57.0 
95.0 56.0 
149.0 42.0 
181.0 41.0 
62.0 71.0 
62.0 71.0 
108.0 47.0 
122.0 45.0 
107.0 51.0 
107.0 51.0 
67.0 70.0 
68.0 69.0 
69.0 68.0 
73.0 64.0 
82.0 62.0 
99.0 59.0 
100.0 58.0 
99.0 59.0 
104.0 56.0 
152.0 44.0 
182.0 41.0 
66.0 71.0 
114.0 50.0 
135.0 46.0 
135.0 46.0 
123.0 47.0 
107.0 53.0 
109.0 52.0 
111.0 51.0 
74.0 64.0 
73.0 66.0 
85.0 63.0 
101.0 59.0 
101.0 59.0 
104.0 58.0 
153.0 44.0 
182.0 42.0 
67.0 71.0 
152.0 46.0 
127.0 49.0 
127.0 49.0 
137.0 47.0 
128.0 48.0 
110.0 54.0 
110.0 54.0 
114.0 52.0 
112.0 53.0 
78.0 64.0 
77.0 66.0 
76.0 70.0 
91.0 63.0 
102.0 61.0 
103.0 59.0 
103.0 59.0 
169.0 44.0 
169.0 44.0 
157.0 45.0 
187.0 43.0 
206.0 42.0 
67.0 72.0 
226.0 43.0 
68.0 73.0 
183.0 44.0 
78.0 65.0 
113.0 53.0 
