134.0 54.0 
133.0 58.0 
141.0 51.0 
140.0 54.0 
138.0 55.0 
135.0 57.0 
133.0 61.0 
133.0 61.0 
133.0 61.0 
134.0 58.0 
134.0 58.0 
151.0 52.0 
144.0 53.0 
159.0 51.0 
144.0 53.0 
142.0 54.0 
139.0 56.0 
139.0 56.0 
139.0 56.0 
140.0 55.0 
133.0 65.0 
137.0 59.0 
134.0 61.0 
134.0 61.0 
134.0 61.0 
137.0 59.0 
134.0 61.0 
136.0 60.0 
134.0 61.0 
134.0 61.0 
166.0 51.0 
166.0 51.0 
166.0 51.0 
166.0 51.0 
159.0 52.0 
166.0 51.0 
166.0 51.0 
166.0 51.0 
146.0 53.0 
143.0 54.0 
139.0 57.0 
139.0 57.0 
139.0 57.0 
141.0 55.0 
140.0 56.0 
133.0 66.0 
137.0 60.0 
137.0 60.0 
135.0 61.0 
135.0 61.0 
134.0 62.0 
160.0 52.0 
160.0 52.0 
148.0 53.0 
148.0 53.0 
146.0 54.0 
146.0 54.0 
146.0 54.0 
139.0 59.0 
143.0 55.0 
143.0 55.0 
143.0 55.0 
143.0 55.0 
143.0 55.0 
142.0 56.0 
140.0 57.0 
140.0 57.0 
140.0 57.0 
140.0 57.0 
140.0 57.0 
140.0 57.0 
140.0 57.0 
140.0 57.0 
140.0 57.0 
140.0 57.0 
140.0 57.0 
142.0 56.0 
142.0 56.0 
138.0 60.0 
136.0 61.0 
136.0 61.0 
134.0 63.0 
134.0 63.0 
135.0 62.0 
135.0 62.0 
134.0 63.0 
161.0 52.0 
153.0 53.0 
153.0 53.0 
153.0 53.0 
153.0 53.0 
134.0 67.0 
166.0 52.0 
166.0 52.0 
135.0 63.0 
155.0 53.0 
143.0 56.0 
144.0 55.0 
148.0 54.0 
155.0 53.0 
