2486.0 759.0 
2574.0 710.0 
2982.0 674.0 
2977.0 680.0 
2501.0 751.0 
2673.0 688.0 
3010.0 661.0 
2462.0 760.0 
2537.0 711.0 
2486.0 759.0 
2977.0 680.0 
2322.0 766.0 
2301.0 808.0 
2956.0 681.0 
2260.0 827.0 
2501.0 751.0 
2616.0 698.0 
2995.0 676.0 
2927.0 690.0 
2922.0 693.0 
3082.0 670.0 
3067.0 672.0 
2465.0 764.0 
2539.0 738.0 
2612.0 724.0 
2574.0 727.0 
2450.0 767.0 
2348.0 768.0 
2324.0 815.0 
2303.0 838.0 
2300.0 844.0 
2288.0 861.0 
2519.0 759.0 
2636.0 699.0 
2997.0 683.0 
2997.0 683.0 
2953.0 693.0 
3586.0 672.0 
2549.0 753.0 
2557.0 750.0 
2614.0 724.0 
2591.0 735.0 
2387.0 784.0 
2387.0 784.0 
2460.0 781.0 
2351.0 792.0 
2368.0 791.0 
2377.0 789.0 
2489.0 777.0 
2513.0 768.0 
2347.0 818.0 
2347.0 818.0 
2325.0 822.0 
2322.0 840.0 
2312.0 862.0 
2643.0 704.0 
2943.0 699.0 
2643.0 704.0 
3050.0 687.0 
3110.0 685.0 
3121.0 683.0 
3819.0 680.0 
3870.0 676.0 
3895.0 672.0 
3728.0 681.0 
2590.0 754.0 
2577.0 757.0 
2557.0 765.0 
2575.0 761.0 
2621.0 725.0 
2596.0 735.0 
2591.0 742.0 
2476.0 786.0 
2357.0 816.0 
2362.0 806.0 
2407.0 789.0 
2489.0 779.0 
2539.0 769.0 
2351.0 833.0 
2339.0 848.0 
2315.0 865.0 
2949.0 703.0 
2652.0 707.0 
2653.0 705.0 
3991.0 681.0 
3991.0 681.0 
2315.0 883.0 
2315.0 883.0 
3112.0 686.0 
2782.0 705.0 
3067.0 702.0 
2342.0 857.0 
2586.0 760.0 
2647.0 728.0 
2409.0 799.0 
2350.0 848.0 
2358.0 822.0 
2366.0 820.0 
2570.0 773.0 
2596.0 742.0 
