452.0 273.0 
452.0 273.0 
452.0 273.0 
940.0 242.0 
451.0 281.0 
1143.0 220.0 
452.0 273.0 
910.0 251.0 
1076.0 231.0 
544.0 252.0 
1062.0 238.0 
1062.0 238.0 
1734.0 203.0 
1779.0 202.0 
1143.0 220.0 
911.0 248.0 
1646.0 219.0 
932.0 246.0 
1781.0 200.0 
453.0 269.0 
941.0 243.0 
941.0 243.0 
452.0 274.0 
1081.0 235.0 
1135.0 232.0 
1088.0 233.0 
546.0 260.0 
1080.0 239.0 
1775.0 204.0 
1751.0 215.0 
1775.0 204.0 
1162.0 221.0 
912.0 251.0 
1708.0 220.0 
1870.0 202.0 
531.0 269.0 
531.0 269.0 
453.0 273.0 
483.0 272.0 
978.0 248.0 
958.0 249.0 
452.0 275.0 
452.0 275.0 
452.0 275.0 
1084.0 236.0 
550.0 260.0 
1782.0 207.0 
1206.0 225.0 
1206.0 225.0 
941.0 257.0 
943.0 252.0 
1740.0 220.0 
542.0 269.0 
505.0 274.0 
993.0 248.0 
970.0 251.0 
457.0 275.0 
457.0 275.0 
457.0 275.0 
457.0 275.0 
455.0 286.0 
457.0 275.0 
1084.0 238.0 
1085.0 236.0 
552.0 266.0 
571.0 265.0 
925.0 261.0 
1868.0 209.0 
1786.0 212.0 
1868.0 209.0 
1868.0 209.0 
1868.0 209.0 
1340.0 225.0 
1206.0 229.0 
943.0 254.0 
943.0 254.0 
544.0 273.0 
542.0 274.0 
991.0 251.0 
455.0 287.0 
469.0 277.0 
1155.0 236.0 
1119.0 248.0 
1107.0 249.0 
1095.0 250.0 
553.0 266.0 
928.0 262.0 
1787.0 215.0 
1860.0 212.0 
1792.0 214.0 
1901.0 210.0 
1456.0 226.0 
1230.0 232.0 
1441.0 229.0 
947.0 258.0 
962.0 255.0 
457.0 300.0 
1929.0 210.0 
994.0 260.0 
1169.0 240.0 
