1706.0 124.0 
341.0 238.0 
1271.0 144.0 
688.0 172.0 
612.0 178.0 
800.0 165.0 
922.0 164.0 
796.0 169.0 
508.0 179.0 
1579.0 130.0 
1415.0 138.0 
390.0 202.0 
1500.0 137.0 
1517.0 136.0 
980.0 154.0 
400.0 194.0 
352.0 229.0 
688.0 172.0 
351.0 236.0 
388.0 204.0 
1415.0 138.0 
1328.0 142.0 
1579.0 130.0 
612.0 178.0 
1552.0 131.0 
936.0 159.0 
1328.0 142.0 
934.0 161.0 
379.0 212.0 
375.0 217.0 
375.0 217.0 
954.0 156.0 
973.0 155.0 
1552.0 131.0 
1297.0 143.0 
796.0 169.0 
1297.0 143.0 
424.0 191.0 
345.0 237.0 
400.0 194.0 
980.0 154.0 
418.0 192.0 
954.0 156.0 
424.0 191.0 
418.0 192.0 
379.0 212.0 
922.0 164.0 
508.0 179.0 
800.0 165.0 
424.0 191.0 
418.0 192.0 
688.0 172.0 
424.0 191.0 
1579.0 130.0 
1552.0 131.0 
688.0 172.0 
1579.0 130.0 
1415.0 138.0 
1297.0 143.0 
688.0 172.0 
1297.0 143.0 
1415.0 138.0 
688.0 172.0 
1552.0 131.0 
980.0 154.0 
980.0 154.0 
1579.0 130.0 
1552.0 131.0 
1297.0 143.0 
945.0 157.0 
367.0 221.0 
447.0 189.0 
1552.0 131.0 
1415.0 138.0 
488.0 180.0 
386.0 207.0 
1087.0 148.0 
424.0 191.0 
1705.0 128.0 
1801.0 126.0 
369.0 228.0 
369.0 228.0 
924.0 171.0 
567.0 179.0 
1512.0 139.0 
1275.0 144.0 
1023.0 155.0 
1700.0 136.0 
419.0 196.0 
1786.0 132.0 
392.0 204.0 
1114.0 148.0 
386.0 210.0 
371.0 222.0 
448.0 189.0 
495.0 187.0 
1090.0 152.0 
503.0 183.0 
371.0 222.0 
386.0 210.0 
