2185.0 607.0 
2205.0 597.0 
2097.0 646.0 
2097.0 646.0 
2112.0 640.0 
2074.0 659.0 
2070.0 660.0 
2185.0 607.0 
2161.0 614.0 
2118.0 635.0 
2085.0 654.0 
2202.0 600.0 
2176.0 610.0 
2226.0 593.0 
2053.0 666.0 
2115.0 636.0 
2126.0 632.0 
2138.0 628.0 
2142.0 621.0 
2069.0 663.0 
2046.0 692.0 
2045.0 697.0 
2205.0 597.0 
2065.0 664.0 
2108.0 647.0 
2108.0 647.0 
2108.0 647.0 
2097.0 650.0 
2113.0 644.0 
2074.0 661.0 
2185.0 608.0 
2185.0 608.0 
2163.0 616.0 
2123.0 635.0 
2088.0 655.0 
2088.0 655.0 
2204.0 602.0 
2181.0 614.0 
2058.0 666.0 
2058.0 666.0 
2056.0 669.0 
2117.0 638.0 
2135.0 632.0 
2127.0 634.0 
2145.0 630.0 
2050.0 696.0 
2050.0 696.0 
2049.0 697.0 
2049.0 697.0 
2049.0 697.0 
2223.0 599.0 
2073.0 665.0 
2109.0 649.0 
2099.0 650.0 
2099.0 650.0 
2081.0 664.0 
2083.0 662.0 
2081.0 664.0 
2083.0 662.0 
2188.0 610.0 
2190.0 608.0 
2185.0 611.0 
2163.0 627.0 
2167.0 616.0 
2163.0 627.0 
2163.0 627.0 
2165.0 617.0 
2163.0 627.0 
2164.0 622.0 
2123.0 637.0 
2125.0 636.0 
2094.0 655.0 
2089.0 656.0 
2208.0 602.0 
2207.0 605.0 
2062.0 667.0 
2060.0 675.0 
2060.0 675.0 
2118.0 638.0 
2135.0 633.0 
2129.0 635.0 
2129.0 635.0 
2159.0 630.0 
2050.0 698.0 
2050.0 698.0 
2050.0 698.0 
2050.0 698.0 
2050.0 698.0 
2080.0 665.0 
2080.0 665.0 
2080.0 665.0 
2080.0 665.0 
2080.0 665.0 
2212.0 602.0 
2050.0 699.0 
2060.0 686.0 
2109.0 653.0 
2163.0 631.0 
2084.0 663.0 
2207.0 611.0 
