40.0 37.0 
47.0 35.0 
51.0 30.0 
46.0 37.0 
55.0 32.0 
54.0 36.0 
46.0 38.0 
59.0 33.0 
54.0 37.0 
48.0 39.0 
59.0 35.0 
60.0 34.0 
55.0 37.0 
53.0 51.0 
53.0 51.0 
54.0 47.0 
53.0 51.0 
60.0 35.0 
55.0 39.0 
57.0 37.0 
57.0 37.0 
63.0 35.0 
63.0 35.0 
63.0 35.0 
63.0 35.0 
63.0 35.0 
63.0 35.0 
63.0 35.0 
60.0 36.0 
63.0 35.0 
56.0 41.0 
55.0 42.0 
58.0 38.0 
60.0 37.0 
63.0 36.0 
63.0 36.0 
57.0 41.0 
57.0 41.0 
57.0 41.0 
57.0 41.0 
56.0 42.0 
59.0 38.0 
59.0 38.0 
64.0 36.0 
56.0 50.0 
57.0 48.0 
56.0 50.0 
59.0 41.0 
61.0 38.0 
65.0 37.0 
56.0 54.0 
59.0 42.0 
59.0 42.0 
61.0 39.0 
61.0 39.0 
61.0 39.0 
61.0 39.0 
61.0 39.0 
66.0 37.0 
66.0 37.0 
59.0 44.0 
63.0 39.0 
70.0 38.0 
59.0 49.0 
60.0 45.0 
63.0 41.0 
64.0 39.0 
59.0 50.0 
59.0 50.0 
59.0 50.0 
59.0 50.0 
62.0 45.0 
61.0 46.0 
63.0 44.0 
72.0 39.0 
72.0 39.0 
72.0 39.0 
64.0 40.0 
72.0 39.0 
59.0 59.0 
60.0 56.0 
61.0 49.0 
63.0 45.0 
63.0 45.0 
65.0 40.0 
64.0 41.0 
65.0 40.0 
65.0 40.0 
60.0 60.0 
66.0 40.0 
66.0 40.0 
62.0 49.0 
61.0 52.0 
63.0 46.0 
64.0 42.0 
61.0 52.0 
63.0 46.0 
64.0 42.0 
65.0 41.0 
65.0 41.0 
