2292.0 756.0 
2277.0 775.0 
2292.0 756.0 
3059.0 667.0 
2203.0 778.0 
2292.0 756.0 
2997.0 675.0 
2366.0 747.0 
2292.0 756.0 
2506.0 715.0 
2465.0 739.0 
3028.0 674.0 
2904.0 709.0 
2185.0 815.0 
2898.0 710.0 
2281.0 764.0 
2430.0 741.0 
3134.0 667.0 
2203.0 805.0 
2208.0 788.0 
2262.0 778.0 
2410.0 755.0 
2295.0 757.0 
2295.0 757.0 
2611.0 718.0 
2577.0 731.0 
2785.0 717.0 
3083.0 706.0 
3090.0 688.0 
3037.0 711.0 
2283.0 766.0 
2465.0 741.0 
2465.0 741.0 
2444.0 748.0 
3231.0 675.0 
3169.0 683.0 
2203.0 815.0 
2218.0 798.0 
2219.0 792.0 
2336.0 759.0 
2322.0 765.0 
2713.0 728.0 
2938.0 719.0 
2938.0 719.0 
2875.0 726.0 
3107.0 692.0 
3073.0 716.0 
2291.0 783.0 
2302.0 780.0 
2291.0 783.0 
2308.0 767.0 
2652.0 743.0 
2557.0 747.0 
2450.0 749.0 
3235.0 677.0 
3229.0 683.0 
2209.0 815.0 
2205.0 817.0 
2260.0 814.0 
2275.0 792.0 
2356.0 762.0 
2356.0 762.0 
2719.0 732.0 
2950.0 719.0 
2897.0 726.0 
3205.0 693.0 
3114.0 701.0 
2302.0 782.0 
2462.0 757.0 
2713.0 750.0 
2470.0 751.0 
3240.0 677.0 
2234.0 818.0 
2211.0 852.0 
2216.0 826.0 
2282.0 795.0 
2281.0 811.0 
2299.0 794.0 
2299.0 794.0 
2362.0 773.0 
2398.0 763.0 
2745.0 733.0 
2745.0 733.0 
2719.0 749.0 
2745.0 733.0 
2894.0 732.0 
3113.0 724.0 
2968.0 727.0 
2958.0 730.0 
3145.0 705.0 
3129.0 716.0 
3129.0 716.0 
3211.0 701.0 
2308.0 793.0 
2311.0 782.0 
2607.0 756.0 
2495.0 757.0 
2618.0 752.0 
3244.0 678.0 
2220.0 832.0 
