56.0 28.0 
56.0 28.0 
56.0 28.0 
56.0 28.0 
56.0 28.0 
56.0 28.0 
52.0 31.0 
56.0 28.0 
56.0 28.0 
56.0 28.0 
56.0 28.0 
56.0 28.0 
55.0 29.0 
56.0 28.0 
55.0 29.0 
52.0 34.0 
53.0 32.0 
58.0 28.0 
58.0 28.0 
58.0 28.0 
58.0 28.0 
58.0 28.0 
58.0 28.0 
58.0 28.0 
58.0 28.0 
58.0 28.0 
58.0 28.0 
55.0 31.0 
55.0 31.0 
55.0 31.0 
55.0 31.0 
56.0 29.0 
56.0 29.0 
56.0 29.0 
56.0 29.0 
55.0 31.0 
55.0 31.0 
56.0 29.0 
55.0 31.0 
56.0 29.0 
52.0 93.0 
52.0 93.0 
53.0 46.0 
62.0 28.0 
55.0 32.0 
55.0 32.0 
55.0 32.0 
55.0 32.0 
55.0 32.0 
56.0 30.0 
56.0 30.0 
58.0 29.0 
53.0 50.0 
65.0 28.0 
55.0 48.0 
55.0 48.0 
56.0 31.0 
56.0 31.0 
56.0 31.0 
56.0 31.0 
56.0 31.0 
56.0 31.0 
56.0 31.0 
56.0 31.0 
56.0 31.0 
56.0 31.0 
56.0 31.0 
56.0 31.0 
56.0 31.0 
56.0 31.0 
56.0 31.0 
56.0 31.0 
56.0 31.0 
56.0 31.0 
58.0 30.0 
58.0 30.0 
58.0 30.0 
53.0 75.0 
55.0 50.0 
56.0 32.0 
56.0 32.0 
56.0 32.0 
56.0 32.0 
58.0 31.0 
58.0 31.0 
58.0 31.0 
59.0 30.0 
58.0 31.0 
53.0 78.0 
61.0 30.0 
61.0 30.0 
55.0 52.0 
54.0 76.0 
56.0 34.0 
57.0 32.0 
60.0 31.0 
56.0 34.0 
57.0 32.0 
60.0 31.0 
57.0 32.0 
