2833.0 802.0 
2550.0 807.0 
2447.0 844.0 
2427.0 850.0 
2473.0 821.0 
2463.0 841.0 
2421.0 857.0 
2666.0 805.0 
2558.0 810.0 
2449.0 855.0 
2498.0 836.0 
2490.0 837.0 
2510.0 824.0 
2534.0 822.0 
2473.0 843.0 
2473.0 843.0 
2431.0 882.0 
2823.0 805.0 
2754.0 807.0 
2696.0 809.0 
2562.0 815.0 
2572.0 810.0 
2562.0 815.0 
2452.0 860.0 
2458.0 856.0 
2452.0 860.0 
2452.0 860.0 
2502.0 837.0 
2513.0 835.0 
2513.0 835.0 
2513.0 835.0 
2513.0 835.0 
2516.0 834.0 
2513.0 835.0 
2545.0 825.0 
2480.0 849.0 
2439.0 887.0 
2829.0 806.0 
2829.0 806.0 
2829.0 806.0 
2778.0 807.0 
2714.0 809.0 
2591.0 812.0 
2591.0 812.0 
2584.0 821.0 
2466.0 871.0 
2453.0 873.0 
2508.0 838.0 
2548.0 826.0 
2546.0 835.0 
2571.0 825.0 
2546.0 835.0 
2486.0 849.0 
2480.0 854.0 
2486.0 849.0 
2441.0 889.0 
2792.0 808.0 
2654.0 812.0 
2595.0 814.0 
2585.0 823.0 
2585.0 823.0 
2591.0 822.0 
2585.0 823.0 
2473.0 871.0 
2470.0 875.0 
2466.0 879.0 
2509.0 840.0 
2512.0 839.0 
2509.0 840.0 
2508.0 841.0 
2568.0 827.0 
2551.0 830.0 
2550.0 835.0 
2484.0 869.0 
2481.0 870.0 
2487.0 850.0 
2452.0 892.0 
2464.0 889.0 
2464.0 889.0 
2818.0 809.0 
2813.0 811.0 
2818.0 809.0 
2710.0 812.0 
2452.0 898.0 
2603.0 825.0 
2466.0 886.0 
2490.0 851.0 
2656.0 822.0 
2519.0 839.0 
2691.0 814.0 
2486.0 869.0 
2658.0 818.0 
2472.0 878.0 
2509.0 842.0 
2505.0 850.0 
2555.0 833.0 
2555.0 833.0 
2584.0 827.0 
2580.0 832.0 
2582.0 831.0 
