2315.0 656.0 
2307.0 667.0 
2310.0 663.0 
2325.0 650.0 
2315.0 656.0 
2385.0 629.0 
2362.0 635.0 
2296.0 669.0 
2307.0 667.0 
2310.0 663.0 
2325.0 650.0 
2362.0 635.0 
2366.0 634.0 
2279.0 678.0 
2360.0 638.0 
2223.0 699.0 
2325.0 650.0 
2218.0 706.0 
2289.0 676.0 
2234.0 693.0 
2320.0 661.0 
2539.0 629.0 
2539.0 629.0 
2539.0 629.0 
2385.0 630.0 
2308.0 674.0 
2308.0 674.0 
2313.0 664.0 
2313.0 664.0 
2313.0 664.0 
2311.0 668.0 
2313.0 664.0 
2313.0 664.0 
2313.0 664.0 
2369.0 637.0 
2287.0 692.0 
2367.0 641.0 
2229.0 705.0 
2328.0 650.0 
2328.0 650.0 
2328.0 650.0 
2325.0 651.0 
2224.0 722.0 
2289.0 677.0 
2253.0 696.0 
2246.0 700.0 
2253.0 696.0 
2254.0 695.0 
2240.0 703.0 
2241.0 702.0 
2262.0 694.0 
2441.0 630.0 
2441.0 630.0 
2407.0 634.0 
2441.0 630.0 
2308.0 676.0 
2310.0 674.0 
2319.0 665.0 
2313.0 666.0 
2319.0 665.0 
2388.0 637.0 
2373.0 638.0 
2231.0 711.0 
2238.0 707.0 
2238.0 707.0 
2348.0 650.0 
2325.0 662.0 
2327.0 659.0 
2327.0 659.0 
2328.0 651.0 
2289.0 678.0 
2259.0 695.0 
2257.0 697.0 
2259.0 695.0 
2259.0 695.0 
2254.0 701.0 
2241.0 704.0 
2243.0 703.0 
2282.0 694.0 
2468.0 633.0 
2231.0 734.0 
2382.0 640.0 
2335.0 651.0 
2296.0 680.0 
2410.0 634.0 
2322.0 668.0 
2232.0 717.0 
2332.0 658.0 
2262.0 695.0 
2409.0 639.0 
2262.0 695.0 
2241.0 708.0 
2311.0 675.0 
2261.0 700.0 
2255.0 704.0 
2311.0 675.0 
2233.0 712.0 
2299.0 679.0 
2249.0 706.0 
2299.0 679.0 
