1998.0 601.0 
2044.0 586.0 
1998.0 601.0 
1932.0 624.0 
2081.0 566.0 
1998.0 601.0 
1998.0 601.0 
2001.0 600.0 
2065.0 571.0 
2166.0 537.0 
2106.0 557.0 
2057.0 583.0 
1945.0 620.0 
1998.0 601.0 
2044.0 586.0 
1932.0 624.0 
2041.0 587.0 
2041.0 587.0 
2084.0 565.0 
2014.0 596.0 
1998.0 601.0 
2041.0 587.0 
1932.0 624.0 
1998.0 601.0 
2149.0 543.0 
2081.0 566.0 
2044.0 586.0 
2166.0 537.0 
2041.0 587.0 
2041.0 587.0 
2084.0 565.0 
2001.0 600.0 
2122.0 552.0 
1998.0 601.0 
1998.0 601.0 
2057.0 583.0 
2044.0 586.0 
2001.0 600.0 
2001.0 600.0 
1929.0 625.0 
2081.0 566.0 
1945.0 620.0 
1929.0 625.0 
2106.0 557.0 
2014.0 596.0 
2041.0 587.0 
1929.0 625.0 
2081.0 566.0 
2069.0 582.0 
2072.0 579.0 
2156.0 551.0 
2156.0 551.0 
2184.0 543.0 
2169.0 547.0 
2127.0 552.0 
2000.0 603.0 
2002.0 602.0 
2005.0 601.0 
1968.0 622.0 
1971.0 621.0 
2106.0 558.0 
2018.0 597.0 
2041.0 588.0 
2041.0 588.0 
1932.0 625.0 
2081.0 569.0 
2084.0 566.0 
2076.0 580.0 
2074.0 581.0 
2076.0 580.0 
2204.0 545.0 
2204.0 545.0 
2204.0 545.0 
2188.0 550.0 
2188.0 550.0 
2002.0 610.0 
2002.0 610.0 
2002.0 610.0 
2002.0 610.0 
2002.0 610.0 
2014.0 603.0 
2014.0 603.0 
2014.0 603.0 
2005.0 609.0 
2122.0 562.0 
2164.0 558.0 
2161.0 559.0 
2161.0 559.0 
2161.0 559.0 
2043.0 589.0 
1949.0 629.0 
1955.0 626.0 
1952.0 627.0 
2081.0 570.0 
2084.0 568.0 
2109.0 566.0 
2207.0 545.0 
2207.0 545.0 
1949.0 636.0 
2061.0 592.0 
