68.0 48.0 
91.0 27.0 
69.0 36.0 
56.0 66.0 
74.0 29.0 
91.0 27.0 
69.0 57.0 
70.0 37.0 
62.0 66.0 
60.0 88.0 
61.0 70.0 
79.0 35.0 
79.0 35.0 
100.0 31.0 
106.0 29.0 
69.0 64.0 
74.0 39.0 
71.0 47.0 
64.0 68.0 
67.0 67.0 
62.0 90.0 
63.0 81.0 
82.0 35.0 
79.0 38.0 
101.0 34.0 
105.0 31.0 
106.0 30.0 
70.0 65.0 
74.0 46.0 
72.0 47.0 
67.0 74.0 
64.0 84.0 
66.0 82.0 
87.0 37.0 
98.0 36.0 
100.0 35.0 
82.0 39.0 
82.0 39.0 
79.0 41.0 
102.0 34.0 
108.0 31.0 
129.0 30.0 
71.0 68.0 
75.0 46.0 
73.0 49.0 
72.0 61.0 
68.0 75.0 
68.0 75.0 
65.0 97.0 
66.0 83.0 
86.0 39.0 
86.0 39.0 
80.0 45.0 
81.0 42.0 
108.0 36.0 
110.0 31.0 
77.0 46.0 
74.0 49.0 
72.0 65.0 
71.0 78.0 
68.0 79.0 
87.0 41.0 
93.0 39.0 
120.0 32.0 
114.0 35.0 
113.0 37.0 
113.0 37.0 
120.0 32.0 
81.0 46.0 
77.0 47.0 
81.0 46.0 
74.0 51.0 
74.0 51.0 
72.0 67.0 
70.0 79.0 
70.0 79.0 
68.0 81.0 
87.0 44.0 
92.0 41.0 
101.0 39.0 
98.0 40.0 
117.0 35.0 
124.0 34.0 
125.0 32.0 
78.0 50.0 
80.0 47.0 
75.0 51.0 
74.0 60.0 
74.0 60.0 
73.0 70.0 
72.0 72.0 
69.0 83.0 
68.0 87.0 
87.0 45.0 
95.0 42.0 
113.0 39.0 
106.0 40.0 
124.0 38.0 
169.0 34.0 
158.0 37.0 
