1788.0 114.0 
295.0 208.0 
1788.0 114.0 
316.0 195.0 
1710.0 117.0 
1074.0 140.0 
1126.0 139.0 
1224.0 135.0 
996.0 144.0 
677.0 167.0 
1558.0 123.0 
1305.0 132.0 
802.0 156.0 
383.0 185.0 
383.0 185.0 
1578.0 122.0 
948.0 148.0 
748.0 157.0 
355.0 189.0 
1335.0 131.0 
544.0 173.0 
1305.0 132.0 
411.0 181.0 
1224.0 135.0 
685.0 164.0 
916.0 149.0 
1441.0 128.0 
1386.0 129.0 
305.0 205.0 
544.0 173.0 
1491.0 125.0 
811.0 154.0 
1758.0 115.0 
916.0 149.0 
1758.0 115.0 
355.0 189.0 
719.0 160.0 
685.0 164.0 
1639.0 120.0 
643.0 168.0 
411.0 181.0 
1386.0 129.0 
1477.0 126.0 
1359.0 130.0 
1450.0 127.0 
810.0 155.0 
1359.0 130.0 
1639.0 120.0 
300.0 206.0 
608.0 170.0 
589.0 171.0 
626.0 169.0 
608.0 170.0 
643.0 168.0 
626.0 169.0 
589.0 171.0 
1477.0 126.0 
1450.0 127.0 
1441.0 128.0 
300.0 206.0 
305.0 205.0 
383.0 185.0 
544.0 173.0 
643.0 168.0 
1788.0 114.0 
802.0 156.0 
411.0 181.0 
1224.0 135.0 
626.0 169.0 
308.0 200.0 
1450.0 127.0 
1477.0 126.0 
414.0 180.0 
1669.0 119.0 
916.0 149.0 
851.0 151.0 
411.0 181.0 
681.0 166.0 
948.0 148.0 
1710.0 117.0 
1335.0 131.0 
483.0 176.0 
562.0 172.0 
701.0 161.0 
1558.0 123.0 
411.0 181.0 
1013.0 143.0 
821.0 153.0 
975.0 146.0 
589.0 171.0 
1224.0 135.0 
1605.0 121.0 
1035.0 141.0 
1511.0 124.0 
589.0 171.0 
411.0 181.0 
727.0 158.0 
1170.0 137.0 
330.0 191.0 
296.0 208.0 
