122.0 25.0 
46.0 52.0 
122.0 25.0 
46.0 52.0 
79.0 37.0 
73.0 38.0 
64.0 41.0 
59.0 42.0 
73.0 38.0 
118.0 26.0 
114.0 27.0 
95.0 32.0 
107.0 29.0 
103.0 30.0 
99.0 31.0 
91.0 33.0 
118.0 26.0 
87.0 34.0 
99.0 31.0 
114.0 27.0 
95.0 32.0 
110.0 28.0 
103.0 30.0 
69.0 39.0 
91.0 33.0 
110.0 28.0 
69.0 39.0 
87.0 34.0 
82.0 36.0 
66.0 40.0 
79.0 37.0 
107.0 29.0 
84.0 35.0 
66.0 40.0 
84.0 35.0 
52.0 48.0 
50.0 49.0 
58.0 43.0 
48.0 50.0 
82.0 36.0 
56.0 44.0 
64.0 41.0 
50.0 49.0 
56.0 44.0 
59.0 42.0 
48.0 50.0 
55.0 45.0 
54.0 46.0 
47.0 51.0 
53.0 47.0 
54.0 46.0 
55.0 45.0 
53.0 47.0 
47.0 51.0 
52.0 48.0 
58.0 43.0 
46.0 52.0 
122.0 25.0 
73.0 38.0 
118.0 26.0 
91.0 33.0 
103.0 30.0 
99.0 31.0 
95.0 32.0 
114.0 27.0 
110.0 28.0 
69.0 39.0 
87.0 34.0 
107.0 29.0 
79.0 37.0 
84.0 35.0 
66.0 40.0 
82.0 36.0 
64.0 41.0 
50.0 49.0 
59.0 42.0 
48.0 50.0 
58.0 43.0 
55.0 45.0 
47.0 51.0 
54.0 46.0 
53.0 47.0 
52.0 48.0 
46.0 52.0 
122.0 25.0 
73.0 38.0 
103.0 30.0 
95.0 32.0 
114.0 27.0 
91.0 33.0 
118.0 26.0 
99.0 31.0 
110.0 28.0 
69.0 39.0 
87.0 34.0 
107.0 29.0 
79.0 37.0 
84.0 35.0 
66.0 40.0 
64.0 41.0 
