410.0 210.0 
1772.0 126.0 
392.0 219.0 
624.0 181.0 
909.0 166.0 
594.0 185.0 
715.0 173.0 
909.0 166.0 
594.0 185.0 
410.0 210.0 
624.0 181.0 
1102.0 153.0 
794.0 169.0 
1756.0 128.0 
421.0 187.0 
1417.0 141.0 
827.0 167.0 
316.0 250.0 
742.0 171.0 
1828.0 121.0 
909.0 166.0 
312.0 270.0 
1679.0 130.0 
703.0 174.0 
1418.0 140.0 
1120.0 151.0 
410.0 210.0 
316.0 250.0 
909.0 166.0 
1417.0 141.0 
312.0 270.0 
1120.0 151.0 
794.0 169.0 
827.0 167.0 
414.0 205.0 
1120.0 151.0 
410.0 210.0 
312.0 270.0 
988.0 157.0 
938.0 163.0 
410.0 210.0 
703.0 174.0 
1782.0 123.0 
1771.0 127.0 
1652.0 133.0 
742.0 171.0 
1504.0 134.0 
695.0 178.0 
1179.0 149.0 
333.0 222.0 
624.0 181.0 
938.0 163.0 
319.0 239.0 
742.0 171.0 
794.0 169.0 
1417.0 141.0 
1652.0 133.0 
333.0 222.0 
703.0 174.0 
319.0 239.0 
405.0 218.0 
594.0 185.0 
1417.0 141.0 
1013.0 156.0 
333.0 222.0 
909.0 166.0 
1208.0 147.0 
1101.0 155.0 
1367.0 144.0 
1756.0 128.0 
594.0 185.0 
1417.0 141.0 
988.0 157.0 
315.0 268.0 
312.0 271.0 
312.0 271.0 
1830.0 123.0 
325.0 240.0 
322.0 256.0 
1285.0 149.0 
713.0 176.0 
601.0 187.0 
419.0 206.0 
422.0 193.0 
334.0 225.0 
1368.0 148.0 
629.0 181.0 
457.0 188.0 
399.0 220.0 
1715.0 130.0 
1661.0 133.0 
318.0 263.0 
829.0 169.0 
939.0 164.0 
999.0 161.0 
1612.0 136.0 
1528.0 140.0 
1773.0 127.0 
1014.0 158.0 
1090.0 157.0 
