249.0 191.0 
1493.0 107.0 
539.0 155.0 
1474.0 108.0 
249.0 191.0 
1419.0 109.0 
1628.0 102.0 
539.0 155.0 
772.0 137.0 
249.0 191.0 
771.0 138.0 
1156.0 117.0 
1418.0 110.0 
1584.0 104.0 
348.0 161.0 
1642.0 99.0 
1601.0 103.0 
1474.0 108.0 
1156.0 117.0 
315.0 164.0 
717.0 140.0 
1227.0 116.0 
579.0 144.0 
1351.0 111.0 
539.0 155.0 
1639.0 100.0 
905.0 130.0 
1020.0 122.0 
261.0 180.0 
1308.0 113.0 
1143.0 119.0 
1156.0 117.0 
419.0 156.0 
1239.0 115.0 
322.0 162.0 
988.0 124.0 
1038.0 121.0 
1642.0 99.0 
349.0 160.0 
1628.0 102.0 
1584.0 104.0 
1308.0 113.0 
1143.0 119.0 
1317.0 112.0 
269.0 173.0 
1156.0 117.0 
1014.0 123.0 
966.0 127.0 
726.0 139.0 
651.0 143.0 
966.0 127.0 
1494.0 106.0 
556.0 147.0 
315.0 164.0 
368.0 158.0 
311.0 165.0 
655.0 142.0 
245.0 193.0 
1418.0 110.0 
419.0 156.0 
1639.0 100.0 
541.0 154.0 
1601.0 103.0 
966.0 127.0 
1547.0 105.0 
1308.0 113.0 
819.0 133.0 
1239.0 115.0 
246.0 195.0 
1649.0 100.0 
250.0 193.0 
293.0 174.0 
261.0 181.0 
1223.0 117.0 
881.0 133.0 
544.0 154.0 
315.0 165.0 
740.0 139.0 
423.0 156.0 
917.0 130.0 
1498.0 107.0 
1439.0 109.0 
1131.0 121.0 
362.0 161.0 
1351.0 112.0 
772.0 138.0 
657.0 142.0 
967.0 128.0 
420.0 159.0 
270.0 179.0 
1152.0 119.0 
274.0 175.0 
588.0 146.0 
1416.0 111.0 
653.0 144.0 
822.0 136.0 
1004.0 124.0 
1038.0 123.0 
582.0 148.0 
822.0 136.0 
