114.0 33.0 
114.0 33.0 
114.0 33.0 
96.0 34.0 
114.0 33.0 
95.0 36.0 
116.0 34.0 
116.0 34.0 
97.0 37.0 
97.0 37.0 
98.0 35.0 
98.0 35.0 
98.0 35.0 
98.0 35.0 
98.0 35.0 
98.0 35.0 
98.0 35.0 
98.0 35.0 
98.0 35.0 
98.0 35.0 
98.0 35.0 
98.0 35.0 
98.0 35.0 
98.0 35.0 
98.0 35.0 
98.0 35.0 
98.0 35.0 
98.0 35.0 
98.0 35.0 
98.0 35.0 
98.0 35.0 
98.0 35.0 
98.0 35.0 
98.0 35.0 
98.0 35.0 
98.0 35.0 
98.0 35.0 
98.0 35.0 
98.0 35.0 
98.0 35.0 
98.0 35.0 
98.0 35.0 
98.0 35.0 
98.0 35.0 
98.0 35.0 
98.0 35.0 
98.0 35.0 
98.0 35.0 
98.0 35.0 
98.0 35.0 
98.0 35.0 
98.0 35.0 
98.0 35.0 
98.0 35.0 
98.0 35.0 
98.0 35.0 
98.0 35.0 
98.0 35.0 
98.0 35.0 
98.0 35.0 
98.0 35.0 
98.0 35.0 
98.0 35.0 
98.0 35.0 
98.0 35.0 
98.0 35.0 
98.0 35.0 
98.0 35.0 
98.0 35.0 
98.0 35.0 
98.0 35.0 
98.0 35.0 
98.0 35.0 
98.0 35.0 
98.0 35.0 
98.0 35.0 
98.0 35.0 
98.0 35.0 
98.0 35.0 
98.0 35.0 
98.0 35.0 
98.0 35.0 
98.0 35.0 
98.0 35.0 
98.0 35.0 
98.0 35.0 
98.0 35.0 
98.0 35.0 
98.0 35.0 
98.0 35.0 
98.0 35.0 
98.0 35.0 
98.0 35.0 
98.0 35.0 
98.0 35.0 
98.0 35.0 
98.0 35.0 
98.0 35.0 
98.0 35.0 
98.0 35.0 
