198.0 74.0 
213.0 69.0 
164.0 75.0 
200.0 72.0 
172.0 85.0 
177.0 75.0 
174.0 77.0 
205.0 72.0 
173.0 86.0 
189.0 75.0 
189.0 75.0 
181.0 77.0 
176.0 81.0 
207.0 72.0 
192.0 75.0 
183.0 77.0 
180.0 84.0 
182.0 82.0 
176.0 90.0 
176.0 90.0 
176.0 90.0 
213.0 73.0 
222.0 72.0 
210.0 74.0 
201.0 76.0 
185.0 77.0 
180.0 85.0 
184.0 83.0 
178.0 92.0 
225.0 74.0 
203.0 76.0 
189.0 78.0 
193.0 77.0 
188.0 79.0 
187.0 81.0 
193.0 77.0 
182.0 85.0 
184.0 84.0 
180.0 92.0 
228.0 74.0 
222.0 76.0 
191.0 78.0 
187.0 83.0 
204.0 77.0 
183.0 85.0 
182.0 88.0 
183.0 85.0 
186.0 84.0 
186.0 84.0 
230.0 76.0 
193.0 78.0 
191.0 82.0 
192.0 80.0 
207.0 77.0 
182.0 94.0 
182.0 94.0 
182.0 94.0 
183.0 87.0 
186.0 85.0 
205.0 78.0 
196.0 79.0 
205.0 78.0 
192.0 84.0 
193.0 80.0 
209.0 77.0 
183.0 90.0 
184.0 88.0 
188.0 86.0 
190.0 85.0 
202.0 79.0 
202.0 79.0 
193.0 82.0 
195.0 81.0 
197.0 80.0 
210.0 77.0 
210.0 77.0 
185.0 88.0 
185.0 88.0 
184.0 91.0 
192.0 87.0 
192.0 87.0 
205.0 79.0 
193.0 85.0 
195.0 83.0 
202.0 81.0 
225.0 78.0 
225.0 78.0 
186.0 88.0 
185.0 90.0 
186.0 88.0 
184.0 95.0 
206.0 79.0 
206.0 79.0 
186.0 90.0 
186.0 90.0 
194.0 87.0 
195.0 84.0 
203.0 81.0 
202.0 82.0 
188.0 88.0 
