101.0 78.0 
120.0 69.0 
102.0 72.0 
105.0 70.0 
106.0 70.0 
116.0 73.0 
114.0 77.0 
121.0 71.0 
114.0 77.0 
107.0 79.0 
118.0 76.0 
120.0 73.0 
122.0 71.0 
108.0 80.0 
118.0 79.0 
121.0 77.0 
145.0 75.0 
114.0 97.0 
115.0 93.0 
118.0 84.0 
120.0 81.0 
143.0 78.0 
124.0 80.0 
137.0 79.0 
116.0 93.0 
118.0 87.0 
118.0 87.0 
130.0 81.0 
124.0 84.0 
128.0 83.0 
150.0 79.0 
119.0 87.0 
130.0 82.0 
139.0 81.0 
128.0 85.0 
124.0 90.0 
125.0 89.0 
119.0 94.0 
132.0 84.0 
129.0 85.0 
127.0 93.0 
128.0 89.0 
119.0 95.0 
135.0 84.0 
131.0 87.0 
132.0 86.0 
127.0 94.0 
130.0 90.0 
130.0 90.0 
129.0 92.0 
125.0 95.0 
119.0 100.0 
146.0 85.0 
131.0 88.0 
138.0 86.0 
130.0 95.0 
128.0 99.0 
125.0 113.0 
126.0 107.0 
150.0 85.0 
131.0 89.0 
145.0 87.0 
145.0 87.0 
130.0 98.0 
129.0 99.0 
154.0 85.0 
131.0 95.0 
132.0 89.0 
147.0 88.0 
150.0 87.0 
156.0 86.0 
132.0 92.0 
134.0 89.0 
166.0 86.0 
132.0 101.0 
137.0 89.0 
134.0 93.0 
133.0 106.0 
133.0 106.0 
137.0 91.0 
139.0 89.0 
134.0 95.0 
133.0 107.0 
137.0 93.0 
150.0 89.0 
143.0 92.0 
134.0 98.0 
134.0 98.0 
136.0 96.0 
158.0 91.0 
145.0 92.0 
143.0 93.0 
135.0 104.0 
138.0 101.0 
151.0 92.0 
136.0 105.0 
146.0 93.0 
143.0 100.0 
140.0 104.0 
141.0 101.0 
