122.0 25.0 
46.0 52.0 
46.0 52.0 
122.0 25.0 
64.0 41.0 
51.0 49.0 
54.0 48.0 
76.0 39.0 
120.0 26.0 
70.0 40.0 
114.0 27.0 
70.0 40.0 
63.0 43.0 
83.0 36.0 
114.0 27.0 
80.0 38.0 
95.0 32.0 
107.0 29.0 
103.0 30.0 
99.0 31.0 
91.0 33.0 
87.0 34.0 
91.0 33.0 
76.0 39.0 
103.0 30.0 
95.0 32.0 
99.0 31.0 
110.0 28.0 
110.0 28.0 
107.0 29.0 
60.0 44.0 
87.0 34.0 
60.0 44.0 
48.0 51.0 
82.0 37.0 
58.0 45.0 
50.0 50.0 
85.0 35.0 
48.0 51.0 
58.0 45.0 
85.0 35.0 
80.0 38.0 
120.0 26.0 
56.0 46.0 
64.0 41.0 
56.0 46.0 
55.0 47.0 
82.0 37.0 
50.0 50.0 
63.0 43.0 
55.0 47.0 
46.0 52.0 
122.0 25.0 
70.0 40.0 
114.0 27.0 
95.0 32.0 
91.0 33.0 
76.0 39.0 
103.0 30.0 
99.0 31.0 
110.0 28.0 
107.0 29.0 
87.0 34.0 
60.0 44.0 
80.0 38.0 
82.0 37.0 
58.0 45.0 
48.0 51.0 
120.0 26.0 
64.0 41.0 
56.0 46.0 
85.0 35.0 
50.0 50.0 
55.0 47.0 
63.0 43.0 
122.0 25.0 
46.0 52.0 
70.0 40.0 
114.0 27.0 
103.0 30.0 
91.0 33.0 
76.0 39.0 
95.0 32.0 
99.0 31.0 
110.0 28.0 
107.0 29.0 
87.0 34.0 
60.0 44.0 
58.0 45.0 
120.0 26.0 
82.0 37.0 
80.0 38.0 
56.0 46.0 
85.0 35.0 
63.0 43.0 
55.0 47.0 
50.0 50.0 
122.0 25.0 
46.0 52.0 
70.0 40.0 
