438.0 177.0 
401.0 203.0 
787.0 150.0 
403.0 200.0 
892.0 139.0 
437.0 178.0 
403.0 200.0 
1013.0 131.0 
1630.0 107.0 
787.0 150.0 
637.0 157.0 
406.0 187.0 
787.0 150.0 
1383.0 117.0 
716.0 151.0 
1330.0 121.0 
365.0 211.0 
1630.0 107.0 
802.0 147.0 
711.0 152.0 
897.0 138.0 
345.0 230.0 
1638.0 106.0 
331.0 259.0 
403.0 200.0 
1771.0 101.0 
403.0 200.0 
1383.0 117.0 
1496.0 112.0 
403.0 200.0 
403.0 200.0 
877.0 142.0 
1579.0 109.0 
359.0 218.0 
627.0 159.0 
404.0 198.0 
787.0 150.0 
934.0 136.0 
1052.0 130.0 
711.0 152.0 
494.0 165.0 
826.0 144.0 
1339.0 120.0 
1543.0 110.0 
439.0 171.0 
877.0 142.0 
1390.0 116.0 
1354.0 118.0 
693.0 153.0 
1740.0 102.0 
389.0 204.0 
1152.0 123.0 
403.0 200.0 
797.0 148.0 
563.0 163.0 
1109.0 126.0 
1443.0 113.0 
787.0 150.0 
1383.0 117.0 
637.0 157.0 
897.0 138.0 
1013.0 131.0 
1052.0 130.0 
1671.0 104.0 
1354.0 118.0 
378.0 209.0 
1740.0 102.0 
934.0 136.0 
693.0 153.0 
864.0 143.0 
1152.0 123.0 
592.0 161.0 
882.0 140.0 
1013.0 131.0 
404.0 198.0 
355.0 229.0 
1436.0 115.0 
880.0 141.0 
462.0 170.0 
956.0 135.0 
427.0 179.0 
1785.0 100.0 
1740.0 102.0 
333.0 269.0 
333.0 269.0 
1790.0 100.0 
1790.0 100.0 
734.0 153.0 
349.0 230.0 
895.0 139.0 
341.0 261.0 
1155.0 123.0 
403.0 201.0 
1338.0 121.0 
434.0 182.0 
376.0 216.0 
637.0 159.0 
1676.0 104.0 
1548.0 110.0 
472.0 170.0 
