15.0 5.0 
15.0 5.0 
18.0 4.0 
15.0 5.0 
15.0 5.0 
15.0 5.0 
12.0 10.0 
18.0 4.0 
15.0 9.0 
15.0 9.0 
14.0 11.0 
21.0 4.0 
18.0 6.0 
19.0 5.0 
21.0 4.0 
18.0 6.0 
16.0 9.0 
15.0 10.0 
15.0 10.0 
15.0 10.0 
20.0 5.0 
20.0 5.0 
22.0 4.0 
22.0 4.0 
22.0 4.0 
18.0 7.0 
19.0 6.0 
19.0 6.0 
19.0 6.0 
18.0 7.0 
17.0 9.0 
17.0 9.0 
17.0 9.0 
17.0 9.0 
15.0 11.0 
15.0 11.0 
16.0 10.0 
16.0 10.0 
16.0 10.0 
15.0 11.0 
15.0 11.0 
15.0 11.0 
16.0 10.0 
15.0 11.0 
15.0 11.0 
15.0 11.0 
16.0 10.0 
15.0 11.0 
23.0 4.0 
20.0 6.0 
20.0 6.0 
20.0 6.0 
20.0 6.0 
20.0 6.0 
18.0 8.0 
18.0 8.0 
18.0 8.0 
18.0 8.0 
18.0 8.0 
18.0 8.0 
19.0 7.0 
19.0 7.0 
19.0 7.0 
19.0 7.0 
19.0 7.0 
19.0 7.0 
19.0 7.0 
19.0 7.0 
17.0 10.0 
17.0 10.0 
16.0 12.0 
16.0 12.0 
16.0 12.0 
16.0 12.0 
25.0 4.0 
23.0 5.0 
23.0 5.0 
23.0 5.0 
23.0 5.0 
23.0 5.0 
23.0 5.0 
25.0 4.0 
23.0 5.0 
23.0 5.0 
23.0 5.0 
23.0 5.0 
23.0 5.0 
21.0 6.0 
21.0 6.0 
21.0 6.0 
21.0 6.0 
18.0 9.0 
19.0 8.0 
19.0 8.0 
17.0 11.0 
17.0 11.0 
26.0 4.0 
18.0 10.0 
21.0 7.0 
21.0 7.0 
