2025.0 583.0 
2057.0 580.0 
2111.0 558.0 
2057.0 580.0 
1935.0 655.0 
2014.0 594.0 
1950.0 632.0 
2114.0 556.0 
1957.0 625.0 
2131.0 549.0 
2070.0 579.0 
2157.0 535.0 
2104.0 564.0 
1978.0 610.0 
1948.0 633.0 
1959.0 624.0 
2082.0 574.0 
2180.0 525.0 
2134.0 545.0 
2057.0 580.0 
2048.0 585.0 
2048.0 585.0 
2044.0 592.0 
2047.0 591.0 
2016.0 594.0 
2120.0 562.0 
2175.0 536.0 
2108.0 566.0 
2113.0 565.0 
2105.0 567.0 
1979.0 615.0 
1952.0 636.0 
1950.0 643.0 
1960.0 635.0 
1964.0 626.0 
2090.0 578.0 
2203.0 528.0 
2180.0 532.0 
2203.0 528.0 
2200.0 531.0 
2332.0 526.0 
2137.0 546.0 
2136.0 556.0 
2137.0 546.0 
2078.0 580.0 
2077.0 587.0 
2059.0 588.0 
2054.0 590.0 
2046.0 594.0 
2037.0 604.0 
2176.0 541.0 
2121.0 565.0 
2116.0 569.0 
2116.0 569.0 
1999.0 616.0 
2036.0 615.0 
1984.0 625.0 
1956.0 638.0 
1952.0 650.0 
1967.0 630.0 
1978.0 627.0 
1981.0 626.0 
2109.0 579.0 
2188.0 534.0 
2188.0 534.0 
2188.0 534.0 
2194.0 533.0 
2242.0 530.0 
2242.0 530.0 
2242.0 530.0 
2264.0 529.0 
2228.0 532.0 
2340.0 526.0 
2340.0 526.0 
2138.0 546.0 
2085.0 582.0 
2080.0 584.0 
1952.0 653.0 
2342.0 526.0 
2138.0 547.0 
2249.0 531.0 
2121.0 567.0 
2340.0 529.0 
2190.0 535.0 
2055.0 600.0 
2038.0 609.0 
2198.0 533.0 
2057.0 590.0 
2007.0 617.0 
1958.0 644.0 
2116.0 577.0 
2003.0 628.0 
1981.0 632.0 
2027.0 616.0 
1969.0 635.0 
1961.0 639.0 
2088.0 583.0 
1999.0 630.0 
2080.0 585.0 
2108.0 582.0 
