1836.0 536.0 
1836.0 536.0 
1810.0 547.0 
1895.0 514.0 
1896.0 512.0 
1846.0 530.0 
1950.0 481.0 
1933.0 487.0 
1992.0 473.0 
1836.0 536.0 
1842.0 534.0 
1981.0 474.0 
1998.0 460.0 
1846.0 530.0 
1798.0 549.0 
1922.0 489.0 
1995.0 471.0 
1882.0 517.0 
1898.0 498.0 
1950.0 481.0 
1995.0 471.0 
1981.0 474.0 
1836.0 536.0 
1895.0 514.0 
1788.0 550.0 
1981.0 474.0 
1970.0 477.0 
1810.0 547.0 
1862.0 524.0 
1816.0 541.0 
1835.0 537.0 
1896.0 513.0 
1896.0 513.0 
1941.0 487.0 
1937.0 488.0 
1993.0 473.0 
1993.0 473.0 
1993.0 473.0 
1843.0 535.0 
2001.0 466.0 
1848.0 532.0 
1848.0 532.0 
1859.0 530.0 
1927.0 491.0 
1927.0 491.0 
1936.0 489.0 
1934.0 490.0 
1922.0 493.0 
1885.0 517.0 
1906.0 510.0 
1903.0 511.0 
1913.0 507.0 
1950.0 484.0 
1997.0 472.0 
1997.0 472.0 
1842.0 536.0 
1792.0 551.0 
1792.0 551.0 
1792.0 551.0 
1792.0 551.0 
1800.0 550.0 
1800.0 550.0 
1791.0 552.0 
1792.0 551.0 
1987.0 474.0 
1981.0 475.0 
1978.0 481.0 
1978.0 481.0 
1862.0 527.0 
1833.0 544.0 
1817.0 548.0 
1822.0 547.0 
1833.0 544.0 
1817.0 548.0 
1837.0 540.0 
2002.0 468.0 
1792.0 554.0 
1957.0 485.0 
1834.0 546.0 
1876.0 528.0 
1916.0 507.0 
1923.0 494.0 
1824.0 547.0 
1802.0 550.0 
1997.0 474.0 
1982.0 479.0 
1885.0 521.0 
1936.0 490.0 
1848.0 535.0 
1983.0 475.0 
1897.0 517.0 
1848.0 535.0 
1849.0 532.0 
1859.0 531.0 
1886.0 518.0 
1914.0 509.0 
1859.0 531.0 
1945.0 487.0 
1923.0 494.0 
1939.0 489.0 
