204.0 96.0 
190.0 106.0 
226.0 104.0 
200.0 123.0 
196.0 173.0 
225.0 120.0 
236.0 113.0 
215.0 128.0 
212.0 132.0 
223.0 126.0 
200.0 154.0 
196.0 212.0 
227.0 122.0 
238.0 113.0 
217.0 150.0 
206.0 175.0 
227.0 125.0 
244.0 118.0 
245.0 117.0 
259.0 114.0 
211.0 176.0 
209.0 177.0 
227.0 131.0 
248.0 118.0 
253.0 117.0 
245.0 127.0 
209.0 191.0 
231.0 133.0 
229.0 149.0 
255.0 118.0 
250.0 128.0 
210.0 199.0 
234.0 133.0 
234.0 133.0 
233.0 134.0 
231.0 154.0 
281.0 124.0 
327.0 119.0 
216.0 200.0 
212.0 232.0 
263.0 133.0 
243.0 135.0 
238.0 151.0 
232.0 167.0 
231.0 185.0 
234.0 166.0 
231.0 185.0 
348.0 119.0 
347.0 127.0 
217.0 230.0 
222.0 200.0 
274.0 134.0 
275.0 133.0 
246.0 148.0 
265.0 138.0 
263.0 140.0 
247.0 142.0 
241.0 152.0 
233.0 177.0 
236.0 167.0 
231.0 194.0 
380.0 121.0 
353.0 127.0 
222.0 230.0 
223.0 203.0 
290.0 133.0 
278.0 135.0 
258.0 142.0 
246.0 159.0 
234.0 188.0 
241.0 167.0 
236.0 178.0 
482.0 125.0 
411.0 130.0 
411.0 130.0 
411.0 130.0 
402.0 131.0 
231.0 205.0 
224.0 223.0 
228.0 210.0 
323.0 133.0 
294.0 137.0 
279.0 140.0 
292.0 138.0 
294.0 137.0 
311.0 135.0 
275.0 144.0 
259.0 146.0 
234.0 199.0 
251.0 168.0 
246.0 172.0 
244.0 185.0 
240.0 186.0 
245.0 180.0 
409.0 132.0 
226.0 240.0 
324.0 133.0 
236.0 202.0 
235.0 234.0 
266.0 151.0 
