1751.0 94.0 
302.0 207.0 
852.0 126.0 
1696.0 97.0 
1555.0 102.0 
304.0 196.0 
327.0 187.0 
1453.0 105.0 
360.0 174.0 
348.0 179.0 
594.0 142.0 
1264.0 111.0 
937.0 122.0 
1264.0 111.0 
1345.0 110.0 
1534.0 103.0 
1183.0 113.0 
1696.0 97.0 
467.0 154.0 
400.0 163.0 
325.0 193.0 
1555.0 102.0 
380.0 169.0 
400.0 163.0 
573.0 146.0 
937.0 122.0 
415.0 156.0 
1396.0 109.0 
650.0 138.0 
1075.0 117.0 
782.0 132.0 
725.0 134.0 
411.0 158.0 
650.0 138.0 
699.0 135.0 
1015.0 120.0 
964.0 121.0 
1345.0 110.0 
494.0 151.0 
364.0 171.0 
699.0 135.0 
1123.0 116.0 
1048.0 119.0 
335.0 183.0 
1723.0 95.0 
494.0 151.0 
519.0 149.0 
467.0 154.0 
803.0 131.0 
546.0 147.0 
1177.0 114.0 
725.0 134.0 
519.0 149.0 
830.0 129.0 
782.0 132.0 
1426.0 107.0 
1534.0 103.0 
831.0 127.0 
1156.0 115.0 
1123.0 116.0 
1015.0 120.0 
1426.0 107.0 
1396.0 109.0 
1723.0 95.0 
1075.0 117.0 
964.0 121.0 
546.0 147.0 
623.0 140.0 
1048.0 119.0 
411.0 158.0 
617.0 141.0 
315.0 194.0 
1447.0 106.0 
1156.0 115.0 
809.0 130.0 
573.0 146.0 
335.0 183.0 
380.0 169.0 
341.0 181.0 
1183.0 113.0 
341.0 181.0 
623.0 140.0 
415.0 156.0 
304.0 196.0 
315.0 194.0 
372.0 170.0 
372.0 170.0 
809.0 130.0 
617.0 141.0 
1447.0 106.0 
325.0 193.0 
831.0 127.0 
830.0 129.0 
1264.0 111.0 
1696.0 97.0 
400.0 163.0 
937.0 122.0 
1345.0 110.0 
1183.0 113.0 
494.0 151.0 
