1698.0 89.0 
258.0 211.0 
1698.0 89.0 
1520.0 94.0 
1024.0 115.0 
469.0 147.0 
1180.0 108.0 
314.0 173.0 
1642.0 90.0 
916.0 116.0 
1116.0 109.0 
355.0 166.0 
1103.0 112.0 
847.0 123.0 
768.0 124.0 
1292.0 104.0 
1484.0 96.0 
1400.0 99.0 
376.0 155.0 
1642.0 90.0 
278.0 199.0 
907.0 118.0 
313.0 181.0 
355.0 166.0 
268.0 204.0 
1400.0 99.0 
1320.0 103.0 
368.0 159.0 
1238.0 107.0 
314.0 173.0 
1460.0 98.0 
401.0 153.0 
625.0 136.0 
547.0 141.0 
573.0 137.0 
1320.0 103.0 
304.0 189.0 
291.0 190.0 
568.0 139.0 
490.0 144.0 
268.0 204.0 
285.0 197.0 
414.0 150.0 
731.0 128.0 
493.0 143.0 
1053.0 114.0 
1243.0 106.0 
368.0 159.0 
864.0 120.0 
700.0 130.0 
309.0 183.0 
1053.0 114.0 
700.0 130.0 
673.0 132.0 
288.0 194.0 
731.0 128.0 
307.0 185.0 
411.0 151.0 
651.0 134.0 
757.0 125.0 
673.0 132.0 
547.0 141.0 
414.0 150.0 
288.0 194.0 
757.0 125.0 
1460.0 98.0 
628.0 135.0 
651.0 134.0 
854.0 121.0 
864.0 120.0 
1243.0 106.0 
493.0 143.0 
307.0 185.0 
313.0 181.0 
916.0 116.0 
854.0 121.0 
573.0 137.0 
628.0 135.0 
1320.0 103.0 
268.0 204.0 
314.0 173.0 
547.0 141.0 
288.0 194.0 
414.0 150.0 
307.0 185.0 
288.0 194.0 
314.0 173.0 
1320.0 103.0 
307.0 185.0 
288.0 194.0 
307.0 185.0 
288.0 194.0 
1320.0 103.0 
651.0 134.0 
673.0 132.0 
700.0 130.0 
864.0 120.0 
700.0 130.0 
1320.0 103.0 
1698.0 89.0 
