415.0 243.0 
415.0 243.0 
415.0 243.0 
415.0 243.0 
373.0 275.0 
385.0 247.0 
758.0 198.0 
415.0 243.0 
758.0 198.0 
1735.0 157.0 
393.0 245.0 
1543.0 166.0 
370.0 276.0 
385.0 247.0 
461.0 221.0 
373.0 275.0 
527.0 207.0 
602.0 203.0 
461.0 221.0 
1764.0 149.0 
619.0 201.0 
457.0 236.0 
465.0 214.0 
602.0 203.0 
1710.0 159.0 
548.0 206.0 
1191.0 171.0 
885.0 189.0 
1931.0 138.0 
436.0 238.0 
1700.0 161.0 
1006.0 186.0 
461.0 221.0 
1871.0 140.0 
370.0 276.0 
1739.0 151.0 
1254.0 167.0 
1658.0 164.0 
1191.0 171.0 
881.0 196.0 
1058.0 173.0 
392.0 268.0 
396.0 256.0 
416.0 250.0 
1839.0 149.0 
624.0 201.0 
624.0 201.0 
624.0 201.0 
624.0 201.0 
500.0 216.0 
510.0 214.0 
1730.0 160.0 
548.0 211.0 
609.0 210.0 
893.0 190.0 
440.0 247.0 
450.0 238.0 
441.0 239.0 
1012.0 186.0 
471.0 223.0 
462.0 225.0 
1879.0 147.0 
1879.0 147.0 
1932.0 142.0 
1913.0 146.0 
371.0 278.0 
371.0 278.0 
383.0 276.0 
371.0 278.0 
1739.0 156.0 
1816.0 151.0 
1796.0 153.0 
1256.0 168.0 
1482.0 167.0 
1256.0 168.0 
1658.0 165.0 
1068.0 185.0 
1068.0 185.0 
1178.0 176.0 
1072.0 183.0 
1092.0 182.0 
1109.0 180.0 
1096.0 181.0 
1251.0 174.0 
1112.0 179.0 
1187.0 175.0 
1961.0 143.0 
374.0 286.0 
1532.0 167.0 
898.0 200.0 
424.0 271.0 
433.0 252.0 
671.0 201.0 
454.0 242.0 
1299.0 168.0 
1678.0 166.0 
540.0 216.0 
1002.0 190.0 
467.0 225.0 
937.0 191.0 
