163.0 69.0 
178.0 57.0 
163.0 69.0 
167.0 61.0 
143.0 89.0 
150.0 71.0 
149.0 72.0 
181.0 58.0 
163.0 70.0 
167.0 65.0 
176.0 61.0 
143.0 96.0 
160.0 71.0 
157.0 80.0 
149.0 83.0 
157.0 80.0 
167.0 67.0 
169.0 66.0 
179.0 64.0 
212.0 61.0 
193.0 63.0 
144.0 101.0 
164.0 71.0 
160.0 78.0 
163.0 75.0 
151.0 83.0 
151.0 83.0 
158.0 80.0 
171.0 69.0 
181.0 65.0 
145.0 103.0 
165.0 74.0 
166.0 73.0 
167.0 71.0 
160.0 79.0 
161.0 78.0 
164.0 76.0 
151.0 86.0 
155.0 84.0 
228.0 65.0 
197.0 66.0 
197.0 66.0 
228.0 65.0 
184.0 68.0 
147.0 109.0 
170.0 72.0 
171.0 71.0 
170.0 72.0 
161.0 82.0 
163.0 79.0 
163.0 79.0 
164.0 77.0 
168.0 76.0 
154.0 94.0 
155.0 85.0 
160.0 84.0 
160.0 84.0 
246.0 65.0 
228.0 67.0 
190.0 68.0 
147.0 112.0 
176.0 71.0 
173.0 74.0 
172.0 75.0 
161.0 83.0 
163.0 82.0 
165.0 81.0 
165.0 81.0 
165.0 81.0 
165.0 81.0 
166.0 80.0 
155.0 88.0 
159.0 87.0 
260.0 67.0 
197.0 68.0 
197.0 68.0 
197.0 68.0 
197.0 68.0 
196.0 70.0 
188.0 71.0 
188.0 71.0 
186.0 72.0 
183.0 73.0 
175.0 75.0 
173.0 77.0 
165.0 82.0 
156.0 88.0 
201.0 68.0 
156.0 94.0 
159.0 88.0 
176.0 75.0 
173.0 80.0 
165.0 83.0 
186.0 73.0 
189.0 71.0 
167.0 82.0 
189.0 71.0 
167.0 82.0 
188.0 72.0 
188.0 72.0 
