1868.0 431.0 
1686.0 495.0 
1800.0 449.0 
1868.0 431.0 
1694.0 486.0 
1639.0 504.0 
1868.0 431.0 
1800.0 449.0 
1727.0 475.0 
1727.0 475.0 
1812.0 442.0 
1887.0 430.0 
1868.0 431.0 
1696.0 479.0 
1887.0 430.0 
1781.0 450.0 
1738.0 465.0 
1639.0 504.0 
1832.0 438.0 
1690.0 497.0 
1690.0 497.0 
1691.0 496.0 
1693.0 495.0 
1695.0 487.0 
1801.0 449.0 
1728.0 475.0 
1812.0 447.0 
1814.0 443.0 
1873.0 431.0 
1696.0 485.0 
1787.0 453.0 
1781.0 458.0 
1766.0 474.0 
1767.0 473.0 
1766.0 474.0 
1766.0 474.0 
1767.0 473.0 
1769.0 468.0 
1767.0 473.0 
1766.0 474.0 
1772.0 465.0 
1766.0 474.0 
1651.0 508.0 
1640.0 512.0 
1640.0 512.0 
1856.0 438.0 
1856.0 438.0 
1856.0 438.0 
1856.0 438.0 
1840.0 441.0 
1834.0 442.0 
1834.0 442.0 
1856.0 438.0 
1855.0 440.0 
1834.0 442.0 
1834.0 442.0 
1694.0 496.0 
1695.0 494.0 
1695.0 494.0 
1806.0 451.0 
1741.0 479.0 
1745.0 476.0 
1818.0 446.0 
1874.0 435.0 
1879.0 434.0 
1901.0 432.0 
1700.0 487.0 
1787.0 454.0 
1787.0 454.0 
1787.0 454.0 
1791.0 453.0 
1781.0 460.0 
1781.0 460.0 
1781.0 460.0 
1771.0 472.0 
1676.0 508.0 
1674.0 511.0 
1641.0 513.0 
1641.0 513.0 
1641.0 513.0 
1641.0 513.0 
1872.0 440.0 
1846.0 443.0 
1905.0 432.0 
1905.0 432.0 
1643.0 517.0 
1875.0 437.0 
1694.0 497.0 
1727.0 487.0 
1774.0 475.0 
1781.0 462.0 
1692.0 509.0 
1749.0 480.0 
1683.0 510.0 
1902.0 433.0 
1745.0 482.0 
1806.0 457.0 
1707.0 491.0 
1812.0 453.0 
1849.0 444.0 
