2235.0 588.0 
1899.0 733.0 
1916.0 703.0 
1989.0 672.0 
1999.0 671.0 
2229.0 589.0 
2275.0 579.0 
2011.0 645.0 
1931.0 678.0 
2082.0 603.0 
1914.0 709.0 
1884.0 749.0 
2059.0 638.0 
1916.0 703.0 
2229.0 589.0 
1912.0 730.0 
2238.0 588.0 
2238.0 588.0 
2314.0 587.0 
2314.0 587.0 
2452.0 580.0 
2382.0 583.0 
2048.0 677.0 
2043.0 681.0 
2043.0 681.0 
1950.0 682.0 
2227.0 603.0 
2118.0 604.0 
2118.0 604.0 
2118.0 604.0 
1915.0 723.0 
1914.0 729.0 
1899.0 762.0 
1902.0 757.0 
2060.0 646.0 
2060.0 646.0 
2240.0 592.0 
2240.0 592.0 
2240.0 592.0 
2293.0 591.0 
2359.0 589.0 
2386.0 584.0 
2386.0 584.0 
2051.0 681.0 
2051.0 681.0 
1984.0 688.0 
1955.0 691.0 
1955.0 691.0 
1950.0 705.0 
1950.0 705.0 
1950.0 705.0 
1950.0 705.0 
2022.0 682.0 
1955.0 691.0 
2022.0 682.0 
2118.0 635.0 
2120.0 626.0 
2139.0 605.0 
2231.0 604.0 
2120.0 626.0 
1916.0 724.0 
1919.0 723.0 
1914.0 730.0 
2073.0 647.0 
2062.0 671.0 
2069.0 654.0 
2073.0 647.0 
2242.0 595.0 
2385.0 591.0 
2385.0 591.0 
2386.0 585.0 
2001.0 690.0 
1950.0 706.0 
1967.0 691.0 
1955.0 704.0 
2041.0 688.0 
2047.0 683.0 
2052.0 682.0 
2052.0 682.0 
2221.0 606.0 
2141.0 609.0 
2221.0 606.0 
1917.0 729.0 
1917.0 729.0 
1937.0 723.0 
1937.0 723.0 
1915.0 736.0 
1915.0 736.0 
1916.0 733.0 
2073.0 648.0 
2073.0 648.0 
2081.0 647.0 
2394.0 590.0 
1917.0 730.0 
2372.0 595.0 
2030.0 695.0 
2249.0 596.0 
2074.0 672.0 
2170.0 621.0 
1945.0 729.0 
