2465.0 668.0 
2160.0 766.0 
2460.0 670.0 
2160.0 766.0 
2369.0 675.0 
2107.0 824.0 
2160.0 766.0 
2160.0 766.0 
2518.0 663.0 
2295.0 697.0 
2160.0 766.0 
2160.0 766.0 
2460.0 670.0 
2522.0 626.0 
2199.0 723.0 
2369.0 675.0 
2073.0 831.0 
2109.0 784.0 
2293.0 716.0 
2310.0 711.0 
2352.0 704.0 
2310.0 711.0 
2313.0 708.0 
2160.0 769.0 
2513.0 674.0 
2595.0 656.0 
2548.0 660.0 
2286.0 727.0 
2240.0 748.0 
2217.0 755.0 
2240.0 748.0 
2286.0 727.0 
2240.0 748.0 
2240.0 748.0 
2511.0 675.0 
2489.0 676.0 
2373.0 677.0 
2078.0 833.0 
2146.0 791.0 
2146.0 791.0 
2127.0 812.0 
2130.0 809.0 
2308.0 722.0 
2361.0 706.0 
2318.0 710.0 
2314.0 714.0 
2353.0 708.0 
2174.0 771.0 
2171.0 782.0 
2558.0 668.0 
2558.0 668.0 
2655.0 662.0 
2655.0 662.0 
2655.0 662.0 
2603.0 666.0 
2237.0 758.0 
2301.0 734.0 
2289.0 735.0 
2281.0 755.0 
2524.0 676.0 
2517.0 678.0 
2517.0 678.0 
2471.0 681.0 
2086.0 847.0 
2094.0 833.0 
2151.0 797.0 
2143.0 811.0 
2143.0 811.0 
2130.0 820.0 
2658.0 664.0 
2658.0 664.0 
2100.0 850.0 
2100.0 850.0 
2246.0 758.0 
2174.0 779.0 
2336.0 719.0 
2295.0 742.0 
2449.0 709.0 
2554.0 679.0 
2315.0 725.0 
2501.0 684.0 
2101.0 846.0 
2597.0 674.0 
2165.0 797.0 
2475.0 702.0 
2629.0 667.0 
2156.0 802.0 
2618.0 671.0 
2479.0 689.0 
2147.0 826.0 
2153.0 813.0 
2138.0 833.0 
2138.0 833.0 
2153.0 813.0 
2483.0 687.0 
2460.0 707.0 
2460.0 707.0 
2143.0 830.0 
2144.0 827.0 
2141.0 832.0 
