2309.0 640.0 
2286.0 647.0 
2210.0 673.0 
2038.0 746.0 
2139.0 703.0 
2018.0 752.0 
2138.0 720.0 
2286.0 647.0 
2177.0 685.0 
2349.0 619.0 
2113.0 741.0 
2134.0 739.0 
2232.0 676.0 
2095.0 748.0 
2090.0 751.0 
2070.0 819.0 
2089.0 782.0 
2088.0 788.0 
2165.0 722.0 
2165.0 722.0 
2165.0 722.0 
2165.0 722.0 
2141.0 729.0 
2320.0 657.0 
2335.0 650.0 
2320.0 657.0 
2335.0 650.0 
2293.0 659.0 
2320.0 657.0 
2293.0 659.0 
2335.0 650.0 
2197.0 697.0 
2484.0 625.0 
2401.0 627.0 
2484.0 625.0 
2447.0 626.0 
2399.0 643.0 
2120.0 747.0 
2138.0 740.0 
2264.0 679.0 
2095.0 749.0 
2094.0 760.0 
2073.0 831.0 
2076.0 829.0 
2080.0 820.0 
2080.0 820.0 
2079.0 826.0 
2093.0 809.0 
2168.0 723.0 
2162.0 730.0 
2162.0 730.0 
2304.0 666.0 
2335.0 651.0 
2335.0 651.0 
2204.0 700.0 
2406.0 628.0 
2406.0 628.0 
2406.0 628.0 
2406.0 628.0 
2406.0 628.0 
2406.0 628.0 
2508.0 625.0 
2137.0 748.0 
2141.0 741.0 
2277.0 682.0 
2270.0 695.0 
2102.0 751.0 
2094.0 771.0 
2099.0 761.0 
2074.0 836.0 
2077.0 831.0 
2077.0 831.0 
2087.0 820.0 
2199.0 723.0 
2199.0 723.0 
2199.0 723.0 
2195.0 735.0 
2195.0 735.0 
2305.0 666.0 
2340.0 656.0 
2381.0 652.0 
2236.0 708.0 
2456.0 628.0 
2407.0 629.0 
2518.0 625.0 
2074.0 839.0 
2522.0 626.0 
2522.0 626.0 
2154.0 751.0 
2364.0 661.0 
2205.0 724.0 
2319.0 677.0 
2269.0 713.0 
2102.0 763.0 
2107.0 757.0 
2100.0 795.0 
2255.0 717.0 
2516.0 629.0 
2414.0 631.0 
2219.0 723.0 
