2383.0 800.0 
2365.0 817.0 
2374.0 806.0 
2268.0 824.0 
2344.0 819.0 
2533.0 734.0 
2404.0 780.0 
2188.0 864.0 
2233.0 827.0 
2441.0 769.0 
2374.0 806.0 
2431.0 779.0 
2140.0 879.0 
2760.0 728.0 
2354.0 821.0 
2588.0 741.0 
2419.0 801.0 
2426.0 781.0 
2208.0 870.0 
2208.0 870.0 
2208.0 870.0 
2236.0 828.0 
2512.0 775.0 
2578.0 773.0 
2578.0 773.0 
2578.0 773.0 
2468.0 777.0 
2387.0 811.0 
2387.0 811.0 
2196.0 880.0 
2932.0 740.0 
2932.0 740.0 
2365.0 822.0 
2697.0 747.0 
2848.0 742.0 
2624.0 760.0 
2443.0 788.0 
2441.0 799.0 
2438.0 810.0 
2438.0 810.0 
2438.0 810.0 
2438.0 810.0 
2242.0 857.0 
2329.0 829.0 
2275.0 845.0 
2240.0 867.0 
2275.0 845.0 
2537.0 776.0 
2603.0 774.0 
2519.0 784.0 
2389.0 816.0 
2232.0 902.0 
2234.0 898.0 
2212.0 907.0 
2374.0 823.0 
2764.0 755.0 
2733.0 758.0 
2764.0 755.0 
2813.0 750.0 
2853.0 744.0 
2685.0 761.0 
2638.0 770.0 
2644.0 762.0 
2507.0 796.0 
2512.0 789.0 
2442.0 809.0 
2442.0 809.0 
2442.0 809.0 
2368.0 842.0 
2371.0 840.0 
2240.0 868.0 
2300.0 846.0 
2299.0 864.0 
2298.0 865.0 
2604.0 782.0 
2525.0 786.0 
2583.0 784.0 
2522.0 787.0 
2389.0 819.0 
2823.0 751.0 
2823.0 751.0 
2242.0 882.0 
2620.0 782.0 
2691.0 762.0 
2359.0 846.0 
2512.0 797.0 
2376.0 824.0 
2245.0 870.0 
2309.0 867.0 
2646.0 775.0 
2652.0 763.0 
2451.0 813.0 
2490.0 810.0 
2330.0 860.0 
2512.0 797.0 
2396.0 822.0 
2511.0 807.0 
2330.0 860.0 
2440.0 820.0 
2429.0 821.0 
