126.0 39.0 
99.0 55.0 
126.0 39.0 
108.0 40.0 
126.0 39.0 
126.0 39.0 
101.0 52.0 
104.0 44.0 
104.0 44.0 
126.0 39.0 
126.0 39.0 
108.0 43.0 
108.0 43.0 
108.0 43.0 
108.0 43.0 
108.0 43.0 
108.0 43.0 
108.0 43.0 
108.0 43.0 
108.0 43.0 
108.0 43.0 
108.0 43.0 
108.0 43.0 
108.0 43.0 
108.0 43.0 
108.0 43.0 
108.0 43.0 
108.0 43.0 
108.0 43.0 
108.0 43.0 
108.0 43.0 
108.0 43.0 
110.0 41.0 
108.0 43.0 
108.0 43.0 
108.0 43.0 
108.0 43.0 
108.0 43.0 
108.0 43.0 
108.0 43.0 
108.0 43.0 
102.0 53.0 
102.0 53.0 
101.0 54.0 
102.0 53.0 
104.0 52.0 
104.0 52.0 
105.0 45.0 
104.0 52.0 
105.0 45.0 
105.0 45.0 
105.0 45.0 
104.0 52.0 
105.0 45.0 
104.0 52.0 
105.0 45.0 
105.0 45.0 
105.0 45.0 
104.0 52.0 
105.0 45.0 
105.0 45.0 
105.0 45.0 
105.0 45.0 
104.0 52.0 
105.0 45.0 
127.0 40.0 
127.0 40.0 
127.0 40.0 
127.0 40.0 
127.0 40.0 
127.0 40.0 
127.0 40.0 
127.0 40.0 
127.0 40.0 
127.0 40.0 
127.0 40.0 
127.0 40.0 
127.0 40.0 
127.0 40.0 
127.0 40.0 
127.0 40.0 
101.0 55.0 
101.0 55.0 
129.0 40.0 
123.0 41.0 
105.0 46.0 
110.0 42.0 
107.0 45.0 
105.0 46.0 
108.0 44.0 
110.0 42.0 
108.0 44.0 
110.0 42.0 
110.0 42.0 
110.0 42.0 
110.0 42.0 
110.0 42.0 
110.0 42.0 
110.0 42.0 
110.0 42.0 
