333.0 105.0 
198.0 117.0 
150.0 138.0 
217.0 107.0 
172.0 119.0 
156.0 154.0 
154.0 193.0 
348.0 110.0 
250.0 114.0 
231.0 119.0 
174.0 120.0 
156.0 185.0 
249.0 119.0 
176.0 144.0 
184.0 120.0 
158.0 186.0 
369.0 119.0 
179.0 181.0 
185.0 125.0 
185.0 125.0 
192.0 120.0 
184.0 135.0 
158.0 189.0 
438.0 119.0 
179.0 187.0 
187.0 126.0 
249.0 120.0 
201.0 121.0 
194.0 122.0 
184.0 142.0 
184.0 142.0 
165.0 195.0 
165.0 195.0 
179.0 191.0 
189.0 132.0 
252.0 120.0 
202.0 121.0 
194.0 124.0 
187.0 180.0 
176.0 238.0 
180.0 201.0 
192.0 136.0 
191.0 145.0 
190.0 158.0 
203.0 122.0 
203.0 122.0 
195.0 131.0 
199.0 125.0 
197.0 127.0 
199.0 125.0 
189.0 189.0 
187.0 192.0 
203.0 123.0 
195.0 136.0 
198.0 132.0 
200.0 129.0 
191.0 190.0 
190.0 211.0 
231.0 123.0 
207.0 126.0 
197.0 144.0 
199.0 136.0 
200.0 135.0 
297.0 124.0 
214.0 126.0 
197.0 220.0 
199.0 202.0 
201.0 137.0 
201.0 137.0 
206.0 135.0 
419.0 125.0 
215.0 131.0 
217.0 127.0 
215.0 131.0 
200.0 234.0 
205.0 198.0 
201.0 230.0 
213.0 176.0 
209.0 183.0 
213.0 176.0 
210.0 181.0 
209.0 183.0 
446.0 125.0 
220.0 127.0 
217.0 134.0 
217.0 134.0 
215.0 138.0 
200.0 237.0 
205.0 227.0 
205.0 227.0 
205.0 227.0 
201.0 231.0 
212.0 182.0 
214.0 181.0 
210.0 211.0 
210.0 211.0 
376.0 127.0 
201.0 232.0 
220.0 128.0 
215.0 182.0 
