271.0 209.0 
1682.0 94.0 
1682.0 94.0 
271.0 209.0 
343.0 159.0 
612.0 141.0 
337.0 171.0 
281.0 198.0 
1544.0 100.0 
793.0 128.0 
658.0 137.0 
1331.0 108.0 
306.0 177.0 
900.0 124.0 
1389.0 105.0 
1439.0 102.0 
1139.0 116.0 
1247.0 112.0 
581.0 144.0 
305.0 185.0 
900.0 124.0 
481.0 151.0 
1625.0 97.0 
1655.0 95.0 
1169.0 113.0 
950.0 122.0 
739.0 135.0 
424.0 152.0 
1089.0 118.0 
1250.0 111.0 
793.0 128.0 
370.0 158.0 
335.0 172.0 
1034.0 119.0 
1034.0 119.0 
685.0 136.0 
980.0 120.0 
764.0 131.0 
1301.0 110.0 
1598.0 98.0 
1547.0 99.0 
424.0 152.0 
1089.0 118.0 
374.0 154.0 
530.0 148.0 
481.0 151.0 
764.0 131.0 
953.0 121.0 
371.0 155.0 
1439.0 102.0 
304.0 189.0 
305.0 185.0 
1412.0 104.0 
316.0 175.0 
316.0 175.0 
742.0 134.0 
530.0 148.0 
685.0 136.0 
980.0 120.0 
1166.0 114.0 
1412.0 104.0 
1598.0 98.0 
1304.0 109.0 
295.0 196.0 
556.0 146.0 
533.0 147.0 
281.0 198.0 
742.0 134.0 
559.0 145.0 
374.0 154.0 
302.0 190.0 
298.0 194.0 
295.0 196.0 
1166.0 114.0 
299.0 192.0 
298.0 194.0 
337.0 171.0 
1169.0 113.0 
1304.0 109.0 
1547.0 99.0 
559.0 145.0 
533.0 147.0 
556.0 146.0 
1301.0 110.0 
301.0 191.0 
299.0 192.0 
304.0 189.0 
301.0 191.0 
1682.0 94.0 
271.0 209.0 
900.0 124.0 
1034.0 119.0 
1089.0 118.0 
764.0 131.0 
1304.0 109.0 
305.0 185.0 
1439.0 102.0 
980.0 120.0 
1598.0 98.0 
742.0 134.0 
