271.0 209.0 
1682.0 94.0 
271.0 209.0 
1682.0 94.0 
1412.0 106.0 
1439.0 102.0 
344.0 160.0 
281.0 198.0 
481.0 152.0 
374.0 154.0 
337.0 171.0 
1034.0 119.0 
1304.0 109.0 
1166.0 114.0 
1547.0 100.0 
900.0 124.0 
793.0 129.0 
1089.0 118.0 
953.0 122.0 
900.0 124.0 
584.0 144.0 
634.0 141.0 
739.0 135.0 
1247.0 113.0 
1304.0 109.0 
793.0 129.0 
556.0 146.0 
612.0 142.0 
533.0 147.0 
1625.0 97.0 
302.0 190.0 
1139.0 117.0 
481.0 152.0 
371.0 158.0 
306.0 180.0 
1547.0 100.0 
316.0 176.0 
337.0 171.0 
298.0 194.0 
980.0 121.0 
1250.0 112.0 
685.0 137.0 
295.0 196.0 
764.0 131.0 
305.0 185.0 
533.0 147.0 
1142.0 116.0 
1598.0 98.0 
305.0 185.0 
661.0 138.0 
1655.0 96.0 
301.0 191.0 
980.0 121.0 
1598.0 98.0 
685.0 137.0 
764.0 131.0 
309.0 178.0 
316.0 176.0 
1250.0 112.0 
742.0 134.0 
661.0 138.0 
1655.0 96.0 
742.0 134.0 
374.0 154.0 
371.0 158.0 
1247.0 113.0 
307.0 179.0 
307.0 179.0 
1682.0 94.0 
900.0 124.0 
793.0 129.0 
481.0 152.0 
1547.0 100.0 
337.0 171.0 
764.0 131.0 
1250.0 112.0 
980.0 121.0 
1655.0 96.0 
374.0 154.0 
1682.0 94.0 
900.0 124.0 
793.0 129.0 
1547.0 100.0 
337.0 171.0 
1250.0 112.0 
374.0 154.0 
1682.0 94.0 
793.0 129.0 
337.0 171.0 
1547.0 100.0 
1682.0 94.0 
337.0 171.0 
1547.0 100.0 
793.0 129.0 
793.0 129.0 
1682.0 94.0 
793.0 129.0 
1682.0 94.0 
316.0 176.0 
1547.0 100.0 
