1885.0 515.0 
1885.0 515.0 
1885.0 515.0 
1829.0 531.0 
1885.0 515.0 
1885.0 515.0 
1879.0 520.0 
1884.0 519.0 
1885.0 515.0 
1829.0 531.0 
1926.0 509.0 
1926.0 509.0 
1829.0 531.0 
1879.0 520.0 
1885.0 515.0 
1885.0 515.0 
1904.0 514.0 
1724.0 557.0 
2020.0 494.0 
1729.0 556.0 
1904.0 514.0 
1921.0 512.0 
1829.0 531.0 
1885.0 515.0 
1885.0 515.0 
1786.0 553.0 
1816.0 532.0 
1979.0 497.0 
1829.0 531.0 
1829.0 531.0 
1793.0 550.0 
1724.0 557.0 
1926.0 509.0 
1810.0 534.0 
2020.0 494.0 
1736.0 555.0 
1841.0 530.0 
1806.0 535.0 
1879.0 520.0 
1971.0 507.0 
1920.0 514.0 
1902.0 515.0 
1893.0 517.0 
1893.0 517.0 
1898.0 516.0 
1898.0 516.0 
1902.0 515.0 
1787.0 554.0 
1787.0 554.0 
1823.0 532.0 
1823.0 532.0 
1995.0 499.0 
1995.0 499.0 
1995.0 499.0 
1995.0 499.0 
1995.0 499.0 
1995.0 499.0 
1995.0 499.0 
1983.0 504.0 
1994.0 500.0 
1995.0 499.0 
1995.0 499.0 
1832.0 531.0 
1832.0 531.0 
1795.0 552.0 
1795.0 552.0 
1795.0 552.0 
1795.0 552.0 
1724.0 559.0 
1952.0 509.0 
1926.0 510.0 
1926.0 510.0 
1926.0 510.0 
1926.0 510.0 
1952.0 509.0 
1926.0 510.0 
2039.0 496.0 
1752.0 558.0 
1752.0 558.0 
1752.0 558.0 
1752.0 558.0 
1867.0 530.0 
1867.0 530.0 
1867.0 530.0 
1867.0 530.0 
1811.0 535.0 
1810.0 536.0 
1811.0 535.0 
1811.0 535.0 
1811.0 535.0 
1810.0 536.0 
1881.0 521.0 
1885.0 520.0 
1881.0 521.0 
1885.0 520.0 
1885.0 520.0 
1885.0 520.0 
1885.0 520.0 
1885.0 520.0 
1729.0 562.0 
