343.0 174.0 
410.0 155.0 
367.0 174.0 
350.0 187.0 
422.0 178.0 
372.0 183.0 
379.0 179.0 
369.0 185.0 
425.0 181.0 
378.0 186.0 
468.0 184.0 
402.0 198.0 
432.0 190.0 
394.0 202.0 
457.0 198.0 
476.0 191.0 
470.0 197.0 
394.0 217.0 
461.0 201.0 
457.0 209.0 
542.0 195.0 
477.0 196.0 
401.0 217.0 
457.0 216.0 
473.0 211.0 
480.0 210.0 
522.0 209.0 
565.0 202.0 
419.0 221.0 
446.0 217.0 
439.0 219.0 
488.0 212.0 
593.0 205.0 
593.0 205.0 
584.0 208.0 
435.0 228.0 
419.0 229.0 
440.0 220.0 
471.0 219.0 
521.0 212.0 
431.0 234.0 
426.0 241.0 
435.0 232.0 
442.0 220.0 
575.0 219.0 
587.0 217.0 
434.0 244.0 
444.0 224.0 
469.0 220.0 
468.0 221.0 
447.0 227.0 
495.0 220.0 
483.0 222.0 
450.0 240.0 
466.0 231.0 
501.0 220.0 
486.0 225.0 
465.0 251.0 
454.0 253.0 
466.0 240.0 
482.0 235.0 
519.0 223.0 
488.0 226.0 
467.0 289.0 
470.0 240.0 
520.0 224.0 
497.0 236.0 
517.0 229.0 
485.0 241.0 
470.0 258.0 
482.0 243.0 
565.0 224.0 
537.0 226.0 
513.0 238.0 
516.0 237.0 
532.0 229.0 
494.0 242.0 
471.0 258.0 
490.0 246.0 
604.0 227.0 
538.0 231.0 
513.0 245.0 
477.0 267.0 
481.0 259.0 
477.0 267.0 
507.0 258.0 
508.0 255.0 
614.0 232.0 
538.0 236.0 
515.0 245.0 
481.0 262.0 
485.0 260.0 
477.0 279.0 
645.0 236.0 
548.0 238.0 
478.0 323.0 
652.0 236.0 
550.0 242.0 
488.0 268.0 
632.0 240.0 
