72.0 35.0 
56.0 62.0 
61.0 46.0 
55.0 88.0 
94.0 29.0 
67.0 42.0 
68.0 37.0 
67.0 42.0 
111.0 27.0 
56.0 65.0 
64.0 58.0 
66.0 48.0 
96.0 31.0 
98.0 29.0 
86.0 37.0 
79.0 41.0 
67.0 44.0 
70.0 42.0 
113.0 28.0 
113.0 28.0 
113.0 28.0 
113.0 28.0 
56.0 67.0 
65.0 64.0 
98.0 32.0 
69.0 44.0 
69.0 44.0 
68.0 47.0 
67.0 57.0 
71.0 42.0 
57.0 70.0 
63.0 69.0 
63.0 69.0 
56.0 78.0 
65.0 65.0 
113.0 32.0 
113.0 32.0 
107.0 33.0 
99.0 38.0 
99.0 38.0 
104.0 36.0 
113.0 32.0 
70.0 54.0 
67.0 62.0 
69.0 61.0 
81.0 43.0 
72.0 45.0 
72.0 45.0 
58.0 74.0 
60.0 72.0 
60.0 72.0 
66.0 70.0 
66.0 70.0 
66.0 70.0 
109.0 33.0 
109.0 33.0 
109.0 33.0 
106.0 39.0 
106.0 39.0 
117.0 32.0 
71.0 55.0 
70.0 66.0 
87.0 44.0 
78.0 46.0 
72.0 52.0 
73.0 50.0 
59.0 100.0 
61.0 80.0 
62.0 78.0 
66.0 75.0 
66.0 75.0 
114.0 33.0 
114.0 33.0 
109.0 34.0 
108.0 40.0 
108.0 40.0 
93.0 45.0 
79.0 49.0 
79.0 49.0 
80.0 48.0 
72.0 53.0 
77.0 52.0 
64.0 83.0 
65.0 79.0 
71.0 76.0 
67.0 77.0 
115.0 33.0 
112.0 38.0 
96.0 46.0 
94.0 47.0 
105.0 45.0 
105.0 45.0 
84.0 48.0 
73.0 54.0 
73.0 54.0 
64.0 93.0 
120.0 33.0 
85.0 48.0 
106.0 47.0 
73.0 55.0 
