196.0 74.0 
209.0 74.0 
208.0 101.0 
211.0 78.0 
210.0 101.0 
208.0 110.0 
210.0 101.0 
208.0 110.0 
222.0 83.0 
223.0 79.0 
213.0 93.0 
212.0 102.0 
230.0 85.0 
218.0 93.0 
214.0 98.0 
213.0 114.0 
233.0 89.0 
233.0 89.0 
242.0 86.0 
247.0 85.0 
222.0 95.0 
222.0 95.0 
220.0 98.0 
220.0 98.0 
220.0 98.0 
215.0 99.0 
234.0 93.0 
235.0 91.0 
234.0 93.0 
252.0 88.0 
252.0 88.0 
227.0 97.0 
220.0 100.0 
219.0 104.0 
246.0 91.0 
240.0 94.0 
288.0 90.0 
237.0 98.0 
225.0 100.0 
223.0 101.0 
221.0 105.0 
255.0 92.0 
243.0 94.0 
233.0 100.0 
223.0 104.0 
225.0 101.0 
222.0 106.0 
255.0 93.0 
261.0 92.0 
243.0 97.0 
246.0 96.0 
252.0 95.0 
236.0 100.0 
231.0 101.0 
226.0 105.0 
226.0 105.0 
224.0 109.0 
287.0 92.0 
247.0 99.0 
247.0 99.0 
261.0 96.0 
276.0 95.0 
255.0 97.0 
237.0 100.0 
231.0 102.0 
232.0 101.0 
226.0 106.0 
229.0 105.0 
296.0 94.0 
299.0 92.0 
296.0 94.0 
296.0 94.0 
248.0 99.0 
285.0 95.0 
279.0 96.0 
269.0 97.0 
269.0 97.0 
243.0 100.0 
231.0 103.0 
231.0 103.0 
235.0 101.0 
226.0 108.0 
226.0 108.0 
261.0 99.0 
304.0 95.0 
303.0 96.0 
303.0 96.0 
303.0 96.0 
276.0 97.0 
244.0 100.0 
232.0 104.0 
236.0 101.0 
227.0 108.0 
333.0 95.0 
227.0 110.0 
286.0 97.0 
265.0 99.0 
237.0 104.0 
228.0 108.0 
247.0 101.0 
