1671.0 90.0 
264.0 212.0 
1671.0 90.0 
314.0 173.0 
1644.0 91.0 
916.0 118.0 
1409.0 103.0 
783.0 125.0 
395.0 159.0 
494.0 145.0 
310.0 183.0 
704.0 131.0 
1135.0 112.0 
783.0 125.0 
602.0 139.0 
704.0 131.0 
494.0 145.0 
293.0 192.0 
288.0 194.0 
282.0 201.0 
628.0 136.0 
307.0 185.0 
1108.0 114.0 
916.0 118.0 
576.0 140.0 
1108.0 114.0 
628.0 136.0 
1240.0 110.0 
282.0 201.0 
1135.0 112.0 
307.0 185.0 
293.0 192.0 
576.0 140.0 
399.0 157.0 
414.0 155.0 
288.0 194.0 
310.0 183.0 
408.0 156.0 
408.0 156.0 
399.0 157.0 
1108.0 114.0 
282.0 201.0 
307.0 185.0 
293.0 192.0 
288.0 194.0 
399.0 157.0 
307.0 185.0 
293.0 192.0 
288.0 194.0 
399.0 157.0 
293.0 192.0 
282.0 201.0 
414.0 155.0 
1448.0 102.0 
420.0 151.0 
1108.0 114.0 
364.0 167.0 
1242.0 109.0 
1644.0 91.0 
1671.0 90.0 
783.0 125.0 
678.0 133.0 
1621.0 94.0 
268.0 204.0 
1301.0 105.0 
494.0 145.0 
704.0 131.0 
916.0 118.0 
1409.0 103.0 
1108.0 114.0 
487.0 148.0 
415.0 154.0 
1409.0 103.0 
628.0 136.0 
494.0 145.0 
655.0 135.0 
1448.0 102.0 
1185.0 111.0 
1242.0 109.0 
1480.0 100.0 
1540.0 95.0 
408.0 156.0 
1301.0 105.0 
1481.0 99.0 
1671.0 90.0 
264.0 212.0 
547.0 141.0 
1050.0 115.0 
1108.0 114.0 
858.0 121.0 
1135.0 112.0 
1479.0 101.0 
420.0 151.0 
268.0 206.0 
1671.0 91.0 
1449.0 103.0 
1212.0 111.0 
321.0 173.0 
400.0 162.0 
506.0 148.0 
