65.0 44.0 
57.0 47.0 
71.0 43.0 
60.0 46.0 
57.0 47.0 
71.0 43.0 
67.0 53.0 
63.0 58.0 
72.0 52.0 
81.0 48.0 
72.0 52.0 
68.0 54.0 
82.0 52.0 
69.0 62.0 
73.0 54.0 
89.0 53.0 
89.0 53.0 
91.0 52.0 
72.0 63.0 
76.0 55.0 
81.0 54.0 
73.0 64.0 
72.0 67.0 
77.0 59.0 
80.0 58.0 
76.0 63.0 
80.0 58.0 
77.0 59.0 
87.0 54.0 
82.0 57.0 
74.0 73.0 
78.0 60.0 
78.0 60.0 
77.0 62.0 
78.0 60.0 
81.0 59.0 
78.0 60.0 
87.0 55.0 
89.0 54.0 
84.0 57.0 
78.0 72.0 
79.0 60.0 
88.0 55.0 
88.0 55.0 
84.0 58.0 
81.0 60.0 
79.0 62.0 
80.0 61.0 
90.0 55.0 
89.0 56.0 
88.0 57.0 
84.0 60.0 
79.0 65.0 
81.0 62.0 
81.0 62.0 
82.0 61.0 
99.0 56.0 
89.0 57.0 
79.0 66.0 
79.0 66.0 
81.0 63.0 
86.0 61.0 
82.0 62.0 
90.0 59.0 
94.0 57.0 
80.0 72.0 
80.0 72.0 
83.0 67.0 
84.0 65.0 
85.0 62.0 
94.0 60.0 
96.0 58.0 
127.0 57.0 
82.0 72.0 
84.0 70.0 
86.0 62.0 
86.0 62.0 
86.0 62.0 
86.0 62.0 
85.0 65.0 
85.0 65.0 
95.0 61.0 
97.0 59.0 
83.0 72.0 
86.0 64.0 
86.0 64.0 
86.0 64.0 
87.0 62.0 
87.0 62.0 
85.0 67.0 
98.0 59.0 
84.0 72.0 
86.0 66.0 
88.0 62.0 
111.0 59.0 
103.0 60.0 
98.0 61.0 
98.0 61.0 
103.0 60.0 
98.0 61.0 
