72.0 41.0 
73.0 40.0 
72.0 41.0 
74.0 35.0 
81.0 32.0 
73.0 40.0 
72.0 45.0 
72.0 45.0 
72.0 45.0 
72.0 45.0 
72.0 45.0 
72.0 45.0 
74.0 36.0 
74.0 36.0 
76.0 35.0 
74.0 36.0 
74.0 36.0 
76.0 35.0 
74.0 36.0 
76.0 35.0 
74.0 36.0 
74.0 36.0 
74.0 36.0 
74.0 36.0 
74.0 36.0 
76.0 35.0 
74.0 36.0 
73.0 41.0 
73.0 41.0 
73.0 41.0 
73.0 41.0 
73.0 41.0 
73.0 41.0 
73.0 41.0 
73.0 41.0 
73.0 41.0 
73.0 41.0 
73.0 41.0 
73.0 41.0 
73.0 41.0 
73.0 41.0 
72.0 47.0 
86.0 35.0 
76.0 36.0 
74.0 37.0 
73.0 42.0 
73.0 42.0 
76.0 36.0 
74.0 37.0 
74.0 37.0 
74.0 37.0 
74.0 37.0 
74.0 37.0 
74.0 37.0 
74.0 37.0 
74.0 37.0 
74.0 37.0 
74.0 37.0 
74.0 37.0 
74.0 37.0 
74.0 37.0 
74.0 37.0 
74.0 37.0 
74.0 37.0 
74.0 37.0 
74.0 37.0 
74.0 37.0 
74.0 37.0 
74.0 37.0 
74.0 37.0 
74.0 37.0 
74.0 37.0 
74.0 37.0 
74.0 37.0 
74.0 37.0 
74.0 37.0 
74.0 37.0 
74.0 37.0 
74.0 37.0 
74.0 37.0 
74.0 37.0 
74.0 37.0 
74.0 37.0 
74.0 37.0 
74.0 37.0 
76.0 36.0 
76.0 36.0 
74.0 37.0 
74.0 37.0 
74.0 37.0 
76.0 36.0 
74.0 37.0 
74.0 37.0 
74.0 37.0 
74.0 37.0 
74.0 37.0 
74.0 37.0 
74.0 37.0 
74.0 37.0 
76.0 36.0 
