57.0 16.0 
65.0 14.0 
37.0 18.0 
53.0 17.0 
60.0 16.0 
52.0 20.0 
48.0 23.0 
57.0 18.0 
60.0 17.0 
54.0 20.0 
52.0 27.0 
57.0 19.0 
67.0 17.0 
62.0 18.0 
53.0 28.0 
57.0 26.0 
58.0 19.0 
88.0 17.0 
65.0 18.0 
56.0 31.0 
57.0 27.0 
58.0 22.0 
59.0 19.0 
59.0 19.0 
59.0 19.0 
59.0 19.0 
68.0 18.0 
57.0 28.0 
58.0 24.0 
62.0 19.0 
60.0 21.0 
57.0 29.0 
59.0 25.0 
71.0 20.0 
73.0 19.0 
73.0 19.0 
71.0 20.0 
60.0 22.0 
61.0 21.0 
59.0 27.0 
75.0 19.0 
72.0 20.0 
60.0 23.0 
60.0 23.0 
60.0 23.0 
60.0 23.0 
60.0 23.0 
62.0 22.0 
64.0 21.0 
73.0 20.0 
61.0 23.0 
61.0 23.0 
60.0 34.0 
60.0 34.0 
63.0 22.0 
65.0 21.0 
75.0 20.0 
62.0 23.0 
62.0 23.0 
61.0 25.0 
62.0 23.0 
64.0 22.0 
66.0 21.0 
79.0 20.0 
79.0 20.0 
61.0 32.0 
62.0 24.0 
65.0 22.0 
67.0 21.0 
83.0 20.0 
63.0 24.0 
66.0 22.0 
69.0 21.0 
63.0 25.0 
66.0 23.0 
70.0 21.0 
70.0 21.0 
70.0 21.0 
63.0 29.0 
65.0 25.0 
64.0 26.0 
67.0 24.0 
71.0 22.0 
72.0 21.0 
70.0 23.0 
64.0 28.0 
65.0 26.0 
69.0 24.0 
67.0 25.0 
67.0 25.0 
69.0 24.0 
73.0 21.0 
72.0 22.0 
73.0 21.0 
64.0 32.0 
74.0 21.0 
74.0 21.0 
65.0 27.0 
72.0 23.0 
70.0 24.0 
