1716.0 93.0 
291.0 207.0 
1716.0 93.0 
390.0 153.0 
478.0 152.0 
1057.0 117.0 
303.0 192.0 
385.0 161.0 
301.0 202.0 
353.0 169.0 
1618.0 99.0 
1410.0 104.0 
505.0 150.0 
661.0 137.0 
1527.0 100.0 
1359.0 108.0 
1274.0 109.0 
976.0 118.0 
731.0 130.0 
1137.0 114.0 
550.0 143.0 
1382.0 105.0 
792.0 126.0 
1620.0 97.0 
1472.0 103.0 
836.0 125.0 
1089.0 115.0 
609.0 140.0 
792.0 126.0 
734.0 129.0 
1193.0 111.0 
522.0 147.0 
1193.0 111.0 
1137.0 114.0 
328.0 184.0 
321.0 187.0 
303.0 192.0 
367.0 164.0 
545.0 145.0 
890.0 122.0 
682.0 132.0 
841.0 124.0 
1274.0 109.0 
1226.0 110.0 
609.0 140.0 
676.0 133.0 
634.0 138.0 
296.0 203.0 
971.0 119.0 
929.0 120.0 
1661.0 96.0 
335.0 178.0 
347.0 176.0 
352.0 173.0 
330.0 180.0 
1715.0 94.0 
1677.0 95.0 
631.0 139.0 
929.0 120.0 
893.0 121.0 
524.0 146.0 
1226.0 110.0 
1089.0 115.0 
324.0 185.0 
321.0 187.0 
550.0 143.0 
351.0 175.0 
734.0 129.0 
1499.0 102.0 
1526.0 101.0 
1499.0 102.0 
1472.0 103.0 
682.0 132.0 
1364.0 107.0 
841.0 124.0 
1364.0 107.0 
331.0 179.0 
369.0 163.0 
1677.0 95.0 
1661.0 96.0 
890.0 122.0 
676.0 133.0 
367.0 164.0 
352.0 173.0 
372.0 162.0 
976.0 118.0 
296.0 203.0 
1359.0 108.0 
971.0 119.0 
893.0 121.0 
372.0 162.0 
330.0 180.0 
1618.0 99.0 
301.0 202.0 
1527.0 100.0 
1526.0 101.0 
1715.0 94.0 
841.0 124.0 
609.0 140.0 
1226.0 110.0 
