1455.0 185.0 
517.0 244.0 
1368.0 187.0 
481.0 255.0 
517.0 244.0 
1368.0 187.0 
522.0 227.0 
1702.0 168.0 
1368.0 187.0 
1426.0 186.0 
1796.0 160.0 
743.0 220.0 
393.0 264.0 
517.0 244.0 
1702.0 168.0 
1002.0 192.0 
1501.0 179.0 
481.0 255.0 
779.0 217.0 
743.0 220.0 
469.0 257.0 
1786.0 163.0 
1143.0 189.0 
1457.0 180.0 
753.0 218.0 
1916.0 155.0 
1002.0 192.0 
1796.0 160.0 
1639.0 169.0 
581.0 221.0 
980.0 197.0 
481.0 255.0 
807.0 207.0 
1600.0 171.0 
539.0 226.0 
1452.0 186.0 
1450.0 187.0 
1439.0 188.0 
394.0 299.0 
396.0 272.0 
453.0 265.0 
413.0 267.0 
527.0 245.0 
1586.0 179.0 
1790.0 166.0 
1320.0 191.0 
1420.0 190.0 
1471.0 185.0 
1482.0 180.0 
1479.0 184.0 
778.0 219.0 
1039.0 192.0 
1002.0 195.0 
1829.0 165.0 
1853.0 162.0 
1829.0 165.0 
1829.0 165.0 
1679.0 169.0 
1679.0 169.0 
1676.0 170.0 
587.0 221.0 
585.0 225.0 
997.0 205.0 
496.0 264.0 
496.0 264.0 
503.0 257.0 
875.0 209.0 
822.0 211.0 
1623.0 173.0 
1615.0 177.0 
1615.0 177.0 
539.0 230.0 
401.0 289.0 
1966.0 163.0 
1343.0 191.0 
1483.0 181.0 
1825.0 166.0 
1172.0 194.0 
594.0 227.0 
564.0 237.0 
1686.0 169.0 
535.0 249.0 
866.0 211.0 
699.0 221.0 
1003.0 208.0 
699.0 221.0 
419.0 280.0 
842.0 214.0 
507.0 258.0 
421.0 272.0 
1668.0 175.0 
481.0 265.0 
1565.0 180.0 
527.0 255.0 
1027.0 204.0 
1044.0 198.0 
418.0 287.0 
1642.0 178.0 
441.0 269.0 
842.0 214.0 
