1686.0 86.0 
279.0 195.0 
279.0 195.0 
1686.0 86.0 
334.0 167.0 
286.0 186.0 
1679.0 88.0 
1571.0 90.0 
310.0 175.0 
341.0 158.0 
306.0 179.0 
1058.0 108.0 
580.0 132.0 
605.0 130.0 
313.0 170.0 
348.0 156.0 
364.0 150.0 
446.0 142.0 
304.0 184.0 
1571.0 90.0 
1031.0 109.0 
1112.0 106.0 
1112.0 106.0 
763.0 120.0 
424.0 146.0 
371.0 148.0 
850.0 115.0 
1248.0 102.0 
1193.0 103.0 
817.0 119.0 
1355.0 98.0 
1166.0 104.0 
1301.0 100.0 
1517.0 92.0 
502.0 139.0 
527.0 136.0 
977.0 112.0 
1463.0 94.0 
930.0 113.0 
1416.0 95.0 
896.0 114.0 
475.0 141.0 
682.0 125.0 
1301.0 100.0 
1517.0 92.0 
658.0 127.0 
553.0 134.0 
1166.0 104.0 
631.0 128.0 
1355.0 98.0 
843.0 118.0 
553.0 134.0 
736.0 122.0 
710.0 123.0 
527.0 136.0 
502.0 139.0 
682.0 125.0 
930.0 113.0 
896.0 114.0 
849.0 116.0 
334.0 167.0 
364.0 150.0 
430.0 144.0 
348.0 156.0 
313.0 170.0 
710.0 123.0 
763.0 120.0 
1193.0 103.0 
1382.0 97.0 
1409.0 96.0 
1490.0 93.0 
736.0 122.0 
1463.0 94.0 
1004.0 110.0 
1274.0 101.0 
1490.0 93.0 
1382.0 97.0 
475.0 141.0 
631.0 128.0 
1274.0 101.0 
1004.0 110.0 
817.0 119.0 
978.0 111.0 
1248.0 102.0 
658.0 127.0 
286.0 186.0 
341.0 158.0 
371.0 148.0 
1679.0 88.0 
430.0 144.0 
424.0 146.0 
304.0 184.0 
1416.0 95.0 
1409.0 96.0 
843.0 118.0 
978.0 111.0 
977.0 112.0 
1686.0 86.0 
279.0 195.0 
1571.0 90.0 
