1932.0 86.0 
252.0 184.0 
1932.0 86.0 
252.0 184.0 
1588.0 90.0 
1819.0 89.0 
461.0 139.0 
404.0 143.0 
259.0 173.0 
257.0 183.0 
292.0 164.0 
1822.0 87.0 
293.0 155.0 
592.0 131.0 
300.0 150.0 
649.0 128.0 
379.0 146.0 
793.0 125.0 
1424.0 98.0 
1320.0 100.0 
810.0 121.0 
998.0 113.0 
1477.0 94.0 
736.0 126.0 
1207.0 104.0 
1554.0 92.0 
649.0 128.0 
736.0 126.0 
355.0 148.0 
1041.0 111.0 
293.0 155.0 
1477.0 94.0 
862.0 118.0 
1268.0 103.0 
279.0 168.0 
1135.0 108.0 
1079.0 110.0 
1079.0 110.0 
944.0 114.0 
514.0 136.0 
292.0 164.0 
862.0 118.0 
810.0 121.0 
1207.0 104.0 
1161.0 106.0 
1431.0 96.0 
890.0 117.0 
518.0 135.0 
917.0 115.0 
1149.0 107.0 
566.0 132.0 
266.0 172.0 
355.0 148.0 
541.0 134.0 
274.0 169.0 
514.0 136.0 
1300.0 102.0 
1268.0 103.0 
1135.0 108.0 
1161.0 106.0 
1554.0 92.0 
944.0 114.0 
917.0 115.0 
1025.0 112.0 
890.0 117.0 
566.0 132.0 
541.0 134.0 
300.0 150.0 
1430.0 97.0 
1424.0 98.0 
1566.0 91.0 
1320.0 100.0 
1431.0 96.0 
1317.0 101.0 
1300.0 102.0 
793.0 125.0 
1025.0 112.0 
279.0 168.0 
1566.0 91.0 
274.0 169.0 
266.0 172.0 
1317.0 101.0 
252.0 184.0 
1932.0 86.0 
736.0 126.0 
293.0 155.0 
649.0 128.0 
292.0 164.0 
810.0 121.0 
1079.0 110.0 
1207.0 104.0 
1268.0 103.0 
1161.0 106.0 
944.0 114.0 
917.0 115.0 
890.0 117.0 
541.0 134.0 
1424.0 98.0 
1025.0 112.0 
1320.0 100.0 
