350.0 218.0 
375.0 200.0 
375.0 200.0 
393.0 184.0 
350.0 218.0 
375.0 200.0 
375.0 200.0 
375.0 200.0 
350.0 218.0 
350.0 218.0 
393.0 184.0 
453.0 173.0 
381.0 185.0 
381.0 185.0 
1351.0 120.0 
395.0 183.0 
1176.0 128.0 
350.0 218.0 
453.0 173.0 
1302.0 125.0 
1000.0 134.0 
1639.0 111.0 
357.0 207.0 
1122.0 129.0 
789.0 142.0 
648.0 157.0 
1302.0 125.0 
1122.0 129.0 
471.0 171.0 
688.0 155.0 
1680.0 110.0 
490.0 167.0 
350.0 218.0 
500.0 166.0 
586.0 160.0 
470.0 172.0 
712.0 149.0 
761.0 143.0 
606.0 159.0 
907.0 138.0 
378.0 195.0 
399.0 176.0 
475.0 168.0 
761.0 143.0 
907.0 138.0 
1276.0 127.0 
1543.0 112.0 
881.0 139.0 
501.0 161.0 
1467.0 116.0 
697.0 152.0 
868.0 141.0 
399.0 176.0 
1727.0 108.0 
1000.0 134.0 
375.0 200.0 
1316.0 122.0 
881.0 139.0 
351.0 215.0 
350.0 220.0 
1729.0 110.0 
1368.0 120.0 
621.0 159.0 
1049.0 135.0 
1537.0 116.0 
926.0 139.0 
386.0 200.0 
698.0 152.0 
388.0 187.0 
1299.0 127.0 
557.0 161.0 
891.0 141.0 
1191.0 128.0 
824.0 143.0 
409.0 180.0 
1640.0 111.0 
376.0 209.0 
366.0 213.0 
1111.0 134.0 
422.0 176.0 
396.0 184.0 
352.0 216.0 
736.0 151.0 
479.0 173.0 
1351.0 123.0 
792.0 145.0 
456.0 175.0 
764.0 149.0 
1148.0 132.0 
1549.0 115.0 
524.0 164.0 
1599.0 114.0 
483.0 169.0 
508.0 166.0 
383.0 205.0 
1320.0 124.0 
1633.0 112.0 
766.0 146.0 
490.0 168.0 
1185.0 130.0 
