2048.0 563.0 
1968.0 610.0 
2009.0 576.0 
1999.0 586.0 
1930.0 623.0 
1916.0 628.0 
2005.0 579.0 
1964.0 611.0 
1926.0 626.0 
2009.0 576.0 
1971.0 600.0 
2048.0 563.0 
2046.0 566.0 
1931.0 624.0 
1931.0 624.0 
2006.0 589.0 
2006.0 589.0 
2006.0 589.0 
1965.0 612.0 
1927.0 629.0 
2015.0 580.0 
2014.0 584.0 
2015.0 580.0 
2015.0 580.0 
2009.0 588.0 
2017.0 576.0 
2016.0 577.0 
2015.0 580.0 
2009.0 588.0 
2009.0 588.0 
2017.0 576.0 
2016.0 577.0 
1981.0 600.0 
1972.0 601.0 
1972.0 601.0 
1981.0 600.0 
2048.0 564.0 
2048.0 564.0 
2048.0 564.0 
2048.0 564.0 
2048.0 564.0 
2051.0 563.0 
1933.0 624.0 
1933.0 624.0 
1933.0 624.0 
1933.0 624.0 
1933.0 624.0 
1931.0 625.0 
2008.0 591.0 
2008.0 591.0 
2008.0 591.0 
2007.0 593.0 
2007.0 593.0 
2007.0 593.0 
2008.0 591.0 
2007.0 593.0 
2008.0 591.0 
2008.0 591.0 
2008.0 591.0 
1968.0 612.0 
1965.0 617.0 
1968.0 612.0 
1965.0 617.0 
1968.0 612.0 
1930.0 629.0 
2012.0 588.0 
2036.0 576.0 
2022.0 577.0 
2022.0 577.0 
2022.0 577.0 
2022.0 577.0 
2022.0 577.0 
2016.0 579.0 
2022.0 577.0 
2022.0 577.0 
2022.0 577.0 
2022.0 577.0 
1972.0 602.0 
1972.0 602.0 
1972.0 602.0 
1972.0 602.0 
1980.0 601.0 
1982.0 600.0 
2048.0 565.0 
2048.0 565.0 
2048.0 565.0 
2048.0 565.0 
2048.0 565.0 
2048.0 565.0 
2048.0 565.0 
2048.0 565.0 
2051.0 564.0 
2052.0 563.0 
1931.0 626.0 
2071.0 563.0 
2071.0 563.0 
1967.0 617.0 
2023.0 577.0 
2008.0 600.0 
1972.0 603.0 
