2544.0 757.0 
2510.0 758.0 
2423.0 762.0 
2786.0 719.0 
2889.0 715.0 
2353.0 793.0 
2373.0 780.0 
2572.0 744.0 
2588.0 739.0 
2424.0 760.0 
2418.0 763.0 
2424.0 760.0 
2544.0 757.0 
2510.0 758.0 
2353.0 793.0 
2307.0 801.0 
2193.0 812.0 
2572.0 744.0 
2544.0 757.0 
2800.0 735.0 
2800.0 735.0 
2797.0 738.0 
2918.0 724.0 
2393.0 780.0 
2422.0 770.0 
2538.0 766.0 
2390.0 797.0 
2340.0 802.0 
2320.0 829.0 
2320.0 829.0 
2334.0 813.0 
2222.0 834.0 
2654.0 747.0 
2584.0 765.0 
2895.0 745.0 
2944.0 731.0 
3102.0 729.0 
2402.0 796.0 
2406.0 790.0 
2447.0 770.0 
2433.0 774.0 
2345.0 805.0 
2312.0 835.0 
2227.0 837.0 
2223.0 869.0 
2894.0 750.0 
2894.0 750.0 
2703.0 758.0 
2715.0 751.0 
2607.0 765.0 
2584.0 767.0 
2901.0 746.0 
2901.0 746.0 
2952.0 734.0 
3060.0 732.0 
2946.0 741.0 
2444.0 779.0 
2379.0 806.0 
2379.0 806.0 
2364.0 826.0 
2371.0 818.0 
2357.0 833.0 
2353.0 835.0 
2316.0 836.0 
2250.0 851.0 
2265.0 844.0 
2250.0 851.0 
2246.0 888.0 
2242.0 894.0 
2242.0 894.0 
2733.0 754.0 
2716.0 761.0 
2716.0 761.0 
2845.0 751.0 
2648.0 765.0 
2594.0 767.0 
2584.0 773.0 
3069.0 733.0 
2254.0 879.0 
2451.0 781.0 
2846.0 752.0 
2575.0 779.0 
2771.0 756.0 
2684.0 766.0 
2954.0 750.0 
2387.0 807.0 
2987.0 735.0 
2760.0 765.0 
2387.0 807.0 
2257.0 859.0 
2256.0 876.0 
2627.0 769.0 
2368.0 832.0 
2270.0 853.0 
2379.0 823.0 
2319.0 840.0 
2380.0 820.0 
2602.0 771.0 
2319.0 840.0 
2270.0 853.0 
