1820.0 461.0 
1725.0 482.0 
1660.0 514.0 
1642.0 519.0 
1743.0 476.0 
1818.0 466.0 
1699.0 500.0 
1733.0 481.0 
1721.0 495.0 
1632.0 524.0 
1743.0 476.0 
1820.0 461.0 
1699.0 500.0 
1733.0 481.0 
1777.0 467.0 
1705.0 496.0 
1819.0 463.0 
1642.0 520.0 
1642.0 520.0 
1642.0 520.0 
1642.0 520.0 
1642.0 520.0 
1642.0 520.0 
1637.0 541.0 
1832.0 461.0 
1820.0 462.0 
1703.0 509.0 
1703.0 509.0 
1733.0 488.0 
1749.0 481.0 
1741.0 482.0 
1738.0 485.0 
1804.0 472.0 
1804.0 472.0 
1785.0 478.0 
1786.0 476.0 
1785.0 478.0 
1804.0 472.0 
1711.0 500.0 
1646.0 522.0 
1646.0 522.0 
1646.0 522.0 
1659.0 521.0 
1646.0 522.0 
1644.0 524.0 
1639.0 547.0 
1639.0 547.0 
1841.0 471.0 
1841.0 471.0 
1842.0 469.0 
1764.0 481.0 
1743.0 482.0 
1743.0 482.0 
1793.0 478.0 
1825.0 475.0 
1838.0 472.0 
1838.0 472.0 
1838.0 472.0 
1838.0 472.0 
1811.0 477.0 
1819.0 476.0 
1838.0 472.0 
1719.0 501.0 
1713.0 503.0 
1662.0 521.0 
1656.0 524.0 
1656.0 524.0 
1648.0 525.0 
1656.0 524.0 
1648.0 525.0 
1645.0 553.0 
1851.0 469.0 
1851.0 469.0 
1851.0 469.0 
1851.0 469.0 
1851.0 469.0 
1780.0 481.0 
1746.0 482.0 
1746.0 482.0 
1745.0 491.0 
1801.0 480.0 
1833.0 475.0 
1833.0 475.0 
1833.0 475.0 
1840.0 472.0 
1840.0 472.0 
1840.0 472.0 
1840.0 472.0 
1840.0 472.0 
1840.0 472.0 
1840.0 472.0 
1840.0 472.0 
1838.0 473.0 
1840.0 472.0 
1840.0 472.0 
1838.0 473.0 
1732.0 501.0 
1715.0 504.0 
1723.0 503.0 
1646.0 556.0 
