53.0 30.0 
54.0 30.0 
54.0 30.0 
54.0 30.0 
54.0 30.0 
54.0 30.0 
54.0 30.0 
54.0 30.0 
54.0 31.0 
54.0 31.0 
54.0 31.0 
54.0 31.0 
54.0 31.0 
54.0 31.0 
54.0 31.0 
54.0 31.0 
54.0 31.0 
54.0 31.0 
54.0 31.0 
54.0 31.0 
54.0 31.0 
54.0 31.0 
54.0 31.0 
56.0 30.0 
54.0 31.0 
54.0 31.0 
54.0 31.0 
54.0 31.0 
54.0 31.0 
61.0 30.0 
61.0 30.0 
54.0 32.0 
54.0 32.0 
55.0 31.0 
55.0 31.0 
61.0 30.0 
61.0 30.0 
61.0 30.0 
61.0 30.0 
61.0 30.0 
61.0 30.0 
55.0 31.0 
55.0 31.0 
55.0 31.0 
55.0 31.0 
55.0 31.0 
55.0 31.0 
55.0 31.0 
55.0 31.0 
55.0 31.0 
55.0 31.0 
55.0 31.0 
55.0 31.0 
55.0 31.0 
55.0 31.0 
55.0 31.0 
55.0 31.0 
55.0 31.0 
55.0 31.0 
55.0 31.0 
55.0 31.0 
55.0 31.0 
55.0 31.0 
54.0 32.0 
55.0 31.0 
55.0 31.0 
55.0 31.0 
55.0 31.0 
55.0 31.0 
55.0 31.0 
55.0 31.0 
55.0 31.0 
55.0 31.0 
55.0 31.0 
55.0 31.0 
55.0 31.0 
54.0 32.0 
54.0 32.0 
55.0 31.0 
54.0 32.0 
54.0 32.0 
55.0 31.0 
55.0 31.0 
55.0 31.0 
55.0 31.0 
55.0 31.0 
55.0 31.0 
55.0 31.0 
55.0 31.0 
55.0 31.0 
55.0 31.0 
54.0 32.0 
54.0 32.0 
55.0 31.0 
55.0 31.0 
55.0 31.0 
55.0 31.0 
54.0 32.0 
55.0 31.0 
55.0 31.0 
