64.0 32.0 
59.0 33.0 
64.0 32.0 
67.0 31.0 
55.0 34.0 
59.0 33.0 
65.0 32.0 
65.0 32.0 
65.0 32.0 
65.0 32.0 
65.0 32.0 
65.0 32.0 
69.0 31.0 
69.0 31.0 
69.0 31.0 
57.0 34.0 
57.0 34.0 
57.0 34.0 
57.0 34.0 
57.0 34.0 
61.0 33.0 
61.0 33.0 
61.0 33.0 
61.0 33.0 
61.0 33.0 
61.0 33.0 
61.0 33.0 
61.0 33.0 
61.0 33.0 
66.0 32.0 
66.0 32.0 
66.0 32.0 
66.0 32.0 
66.0 32.0 
71.0 31.0 
57.0 35.0 
57.0 35.0 
58.0 34.0 
57.0 35.0 
57.0 35.0 
57.0 35.0 
57.0 35.0 
58.0 34.0 
57.0 35.0 
57.0 35.0 
57.0 35.0 
57.0 35.0 
58.0 34.0 
57.0 35.0 
57.0 35.0 
57.0 35.0 
58.0 34.0 
57.0 35.0 
62.0 33.0 
62.0 33.0 
62.0 33.0 
68.0 32.0 
68.0 32.0 
68.0 32.0 
68.0 32.0 
68.0 32.0 
68.0 32.0 
68.0 32.0 
68.0 32.0 
68.0 32.0 
68.0 32.0 
68.0 32.0 
68.0 32.0 
68.0 32.0 
68.0 32.0 
68.0 32.0 
68.0 32.0 
68.0 32.0 
68.0 32.0 
74.0 31.0 
60.0 34.0 
60.0 34.0 
60.0 34.0 
60.0 34.0 
60.0 34.0 
60.0 34.0 
60.0 34.0 
58.0 35.0 
58.0 35.0 
58.0 35.0 
58.0 35.0 
58.0 35.0 
58.0 35.0 
64.0 33.0 
64.0 33.0 
64.0 33.0 
64.0 33.0 
78.0 31.0 
78.0 31.0 
58.0 36.0 
69.0 32.0 
69.0 32.0 
61.0 34.0 
65.0 33.0 
65.0 33.0 
