1149.0 188.0 
441.0 224.0 
441.0 224.0 
391.0 266.0 
398.0 242.0 
495.0 218.0 
1722.0 164.0 
1149.0 188.0 
1210.0 179.0 
1149.0 188.0 
1724.0 162.0 
414.0 231.0 
1205.0 182.0 
941.0 189.0 
1192.0 185.0 
398.0 242.0 
525.0 216.0 
1487.0 168.0 
435.0 229.0 
625.0 211.0 
398.0 242.0 
1381.0 176.0 
1331.0 177.0 
439.0 226.0 
1523.0 167.0 
1385.0 173.0 
941.0 189.0 
1722.0 164.0 
404.0 240.0 
1725.0 158.0 
920.0 193.0 
758.0 200.0 
1331.0 177.0 
720.0 208.0 
393.0 244.0 
1487.0 168.0 
388.0 271.0 
841.0 196.0 
1149.0 188.0 
735.0 206.0 
1707.0 166.0 
444.0 225.0 
444.0 225.0 
391.0 270.0 
391.0 270.0 
495.0 223.0 
1223.0 179.0 
416.0 236.0 
430.0 233.0 
1209.0 182.0 
1206.0 187.0 
532.0 219.0 
532.0 219.0 
671.0 213.0 
705.0 211.0 
650.0 215.0 
671.0 213.0 
633.0 217.0 
439.0 227.0 
1702.0 167.0 
1051.0 190.0 
1051.0 190.0 
1732.0 162.0 
1729.0 164.0 
1729.0 164.0 
930.0 193.0 
774.0 204.0 
1388.0 177.0 
1388.0 177.0 
402.0 244.0 
402.0 244.0 
402.0 244.0 
398.0 245.0 
402.0 244.0 
402.0 244.0 
393.0 262.0 
1508.0 176.0 
1518.0 174.0 
1521.0 169.0 
388.0 272.0 
388.0 272.0 
842.0 196.0 
1171.0 188.0 
1171.0 188.0 
754.0 210.0 
765.0 206.0 
762.0 207.0 
758.0 209.0 
1736.0 162.0 
388.0 273.0 
388.0 273.0 
398.0 246.0 
1092.0 190.0 
965.0 195.0 
432.0 233.0 
1400.0 178.0 
567.0 219.0 
1521.0 171.0 
1227.0 179.0 
396.0 263.0 
