75.0 34.0 
86.0 32.0 
117.0 31.0 
76.0 34.0 
76.0 34.0 
88.0 33.0 
78.0 34.0 
115.0 33.0 
83.0 34.0 
78.0 44.0 
83.0 43.0 
85.0 34.0 
79.0 44.0 
94.0 34.0 
85.0 36.0 
87.0 35.0 
83.0 44.0 
96.0 34.0 
86.0 38.0 
87.0 36.0 
89.0 35.0 
99.0 34.0 
86.0 44.0 
87.0 43.0 
88.0 37.0 
97.0 35.0 
124.0 34.0 
124.0 34.0 
92.0 37.0 
88.0 38.0 
99.0 36.0 
105.0 35.0 
93.0 37.0 
88.0 39.0 
89.0 38.0 
100.0 36.0 
100.0 36.0 
100.0 36.0 
106.0 35.0 
99.0 37.0 
88.0 42.0 
90.0 40.0 
89.0 41.0 
91.0 38.0 
103.0 36.0 
118.0 35.0 
118.0 35.0 
118.0 35.0 
101.0 37.0 
101.0 37.0 
89.0 43.0 
92.0 40.0 
92.0 40.0 
91.0 41.0 
96.0 38.0 
120.0 35.0 
120.0 35.0 
120.0 35.0 
89.0 48.0 
93.0 40.0 
92.0 45.0 
98.0 38.0 
132.0 35.0 
132.0 35.0 
91.0 50.0 
94.0 40.0 
93.0 42.0 
99.0 39.0 
100.0 38.0 
135.0 36.0 
134.0 37.0 
92.0 54.0 
96.0 40.0 
96.0 40.0 
95.0 42.0 
94.0 46.0 
93.0 50.0 
100.0 39.0 
109.0 38.0 
99.0 40.0 
99.0 40.0 
96.0 41.0 
99.0 40.0 
94.0 47.0 
101.0 39.0 
101.0 39.0 
122.0 38.0 
97.0 41.0 
96.0 42.0 
100.0 40.0 
95.0 49.0 
102.0 39.0 
127.0 38.0 
127.0 38.0 
127.0 38.0 
95.0 52.0 
136.0 38.0 
103.0 39.0 
98.0 41.0 
101.0 40.0 
