94.0 41.0 
119.0 40.0 
95.0 42.0 
113.0 41.0 
113.0 41.0 
113.0 41.0 
95.0 42.0 
113.0 41.0 
95.0 42.0 
95.0 42.0 
114.0 41.0 
114.0 41.0 
96.0 42.0 
96.0 42.0 
114.0 41.0 
114.0 41.0 
114.0 41.0 
114.0 41.0 
114.0 41.0 
114.0 41.0 
114.0 41.0 
114.0 41.0 
114.0 41.0 
114.0 41.0 
114.0 41.0 
114.0 41.0 
114.0 41.0 
114.0 41.0 
114.0 41.0 
114.0 41.0 
114.0 41.0 
114.0 41.0 
114.0 41.0 
114.0 41.0 
114.0 41.0 
114.0 41.0 
114.0 41.0 
114.0 41.0 
114.0 41.0 
114.0 41.0 
114.0 41.0 
114.0 41.0 
114.0 41.0 
114.0 41.0 
96.0 42.0 
96.0 42.0 
96.0 42.0 
96.0 42.0 
96.0 42.0 
96.0 42.0 
96.0 42.0 
96.0 42.0 
96.0 42.0 
96.0 42.0 
96.0 42.0 
96.0 42.0 
96.0 42.0 
96.0 42.0 
96.0 42.0 
96.0 42.0 
96.0 42.0 
96.0 42.0 
96.0 42.0 
96.0 42.0 
96.0 42.0 
96.0 42.0 
96.0 42.0 
96.0 42.0 
96.0 42.0 
96.0 42.0 
96.0 42.0 
96.0 42.0 
96.0 42.0 
96.0 42.0 
96.0 42.0 
96.0 42.0 
96.0 42.0 
96.0 42.0 
96.0 42.0 
96.0 42.0 
96.0 42.0 
96.0 42.0 
96.0 42.0 
96.0 42.0 
96.0 42.0 
96.0 42.0 
96.0 42.0 
96.0 42.0 
96.0 42.0 
96.0 42.0 
96.0 42.0 
96.0 42.0 
96.0 42.0 
96.0 42.0 
96.0 42.0 
96.0 42.0 
96.0 42.0 
96.0 42.0 
96.0 42.0 
96.0 42.0 
