69.0 54.0 
73.0 52.0 
81.0 51.0 
69.0 54.0 
81.0 51.0 
89.0 41.0 
93.0 40.0 
89.0 41.0 
97.0 35.0 
81.0 51.0 
69.0 54.0 
81.0 51.0 
89.0 41.0 
107.0 32.0 
68.0 56.0 
88.0 42.0 
81.0 51.0 
100.0 40.0 
69.0 55.0 
99.0 41.0 
99.0 41.0 
107.0 39.0 
107.0 39.0 
107.0 39.0 
108.0 37.0 
68.0 57.0 
89.0 42.0 
89.0 42.0 
89.0 42.0 
84.0 52.0 
82.0 53.0 
82.0 53.0 
106.0 40.0 
71.0 55.0 
71.0 55.0 
101.0 41.0 
101.0 41.0 
101.0 41.0 
101.0 41.0 
101.0 41.0 
101.0 41.0 
110.0 37.0 
69.0 57.0 
69.0 57.0 
90.0 43.0 
93.0 42.0 
89.0 44.0 
89.0 44.0 
85.0 52.0 
83.0 54.0 
72.0 56.0 
79.0 55.0 
103.0 41.0 
111.0 37.0 
70.0 64.0 
70.0 64.0 
71.0 59.0 
70.0 64.0 
70.0 64.0 
92.0 43.0 
94.0 42.0 
94.0 42.0 
94.0 42.0 
94.0 42.0 
90.0 49.0 
88.0 52.0 
84.0 54.0 
73.0 57.0 
73.0 57.0 
74.0 56.0 
80.0 55.0 
112.0 38.0 
124.0 37.0 
111.0 39.0 
111.0 39.0 
112.0 38.0 
72.0 63.0 
70.0 130.0 
93.0 43.0 
101.0 42.0 
91.0 50.0 
89.0 52.0 
86.0 54.0 
73.0 61.0 
74.0 57.0 
84.0 55.0 
111.0 40.0 
115.0 38.0 
115.0 38.0 
115.0 38.0 
115.0 38.0 
115.0 38.0 
94.0 43.0 
94.0 43.0 
94.0 43.0 
102.0 42.0 
93.0 52.0 
87.0 54.0 
73.0 62.0 
124.0 38.0 
