115.0 93.0 
120.0 83.0 
102.0 108.0 
159.0 73.0 
120.0 83.0 
117.0 102.0 
117.0 102.0 
116.0 105.0 
198.0 82.0 
133.0 92.0 
130.0 100.0 
149.0 83.0 
147.0 88.0 
122.0 116.0 
118.0 122.0 
117.0 135.0 
140.0 99.0 
134.0 113.0 
175.0 85.0 
160.0 95.0 
133.0 120.0 
133.0 120.0 
121.0 125.0 
153.0 103.0 
142.0 108.0 
139.0 115.0 
136.0 118.0 
200.0 87.0 
200.0 87.0 
196.0 89.0 
178.0 92.0 
167.0 98.0 
165.0 101.0 
132.0 127.0 
128.0 131.0 
127.0 144.0 
156.0 104.0 
160.0 103.0 
143.0 112.0 
150.0 111.0 
142.0 118.0 
140.0 120.0 
216.0 88.0 
196.0 91.0 
190.0 93.0 
136.0 143.0 
130.0 151.0 
189.0 103.0 
175.0 105.0 
162.0 107.0 
146.0 113.0 
142.0 125.0 
229.0 89.0 
211.0 93.0 
131.0 165.0 
139.0 155.0 
178.0 105.0 
174.0 107.0 
150.0 120.0 
157.0 115.0 
149.0 128.0 
144.0 154.0 
146.0 131.0 
235.0 89.0 
235.0 89.0 
232.0 92.0 
217.0 94.0 
211.0 102.0 
139.0 165.0 
181.0 105.0 
177.0 109.0 
180.0 108.0 
180.0 108.0 
180.0 108.0 
150.0 121.0 
150.0 121.0 
158.0 115.0 
146.0 135.0 
243.0 90.0 
219.0 94.0 
211.0 104.0 
214.0 102.0 
143.0 186.0 
182.0 107.0 
154.0 132.0 
164.0 119.0 
177.0 115.0 
158.0 120.0 
146.0 154.0 
150.0 149.0 
255.0 91.0 
220.0 94.0 
211.0 105.0 
215.0 103.0 
148.0 171.0 
291.0 94.0 
228.0 95.0 
193.0 109.0 
153.0 159.0 
159.0 146.0 
