1747.0 93.0 
1479.0 105.0 
598.0 147.0 
1585.0 103.0 
596.0 153.0 
316.0 211.0 
1592.0 101.0 
388.0 181.0 
528.0 155.0 
1318.0 113.0 
339.0 202.0 
342.0 200.0 
528.0 155.0 
388.0 181.0 
1318.0 113.0 
319.0 209.0 
318.0 210.0 
316.0 211.0 
1585.0 103.0 
1747.0 93.0 
299.0 239.0 
310.0 223.0 
728.0 137.0 
406.0 170.0 
1585.0 103.0 
528.0 155.0 
528.0 155.0 
1455.0 106.0 
1592.0 101.0 
474.0 157.0 
1371.0 108.0 
598.0 147.0 
1237.0 115.0 
1344.0 111.0 
345.0 198.0 
728.0 137.0 
474.0 157.0 
458.0 164.0 
834.0 129.0 
346.0 185.0 
1506.0 104.0 
528.0 155.0 
1455.0 106.0 
388.0 181.0 
310.0 223.0 
1585.0 103.0 
596.0 153.0 
528.0 155.0 
424.0 169.0 
917.0 125.0 
785.0 136.0 
306.0 229.0 
810.0 134.0 
702.0 144.0 
1341.0 112.0 
1506.0 104.0 
337.0 203.0 
579.0 154.0 
1455.0 106.0 
651.0 145.0 
340.0 201.0 
1318.0 113.0 
1046.0 121.0 
339.0 202.0 
528.0 155.0 
1318.0 113.0 
295.0 245.0 
306.0 229.0 
382.0 182.0 
1479.0 105.0 
921.0 124.0 
316.0 211.0 
346.0 185.0 
917.0 125.0 
1585.0 103.0 
463.0 161.0 
1506.0 104.0 
1261.0 114.0 
1455.0 106.0 
596.0 153.0 
322.0 205.0 
810.0 134.0 
1742.0 94.0 
1618.0 99.0 
1318.0 113.0 
1183.0 119.0 
299.0 239.0 
1691.0 95.0 
289.0 248.0 
1747.0 94.0 
1747.0 94.0 
289.0 251.0 
307.0 230.0 
810.0 135.0 
1477.0 106.0 
917.0 126.0 
1351.0 113.0 
968.0 124.0 
321.0 210.0 
1183.0 120.0 
