1831.0 170.0 
1033.0 210.0 
553.0 238.0 
1540.0 184.0 
1831.0 170.0 
866.0 221.0 
831.0 222.0 
1831.0 170.0 
1540.0 184.0 
774.0 224.0 
918.0 215.0 
1890.0 168.0 
1073.0 199.0 
704.0 230.0 
831.0 222.0 
985.0 213.0 
773.0 226.0 
1109.0 198.0 
994.0 212.0 
774.0 224.0 
1067.0 201.0 
1552.0 179.0 
1381.0 185.0 
548.0 240.0 
1831.0 170.0 
1831.0 170.0 
454.0 295.0 
527.0 264.0 
460.0 267.0 
774.0 224.0 
1651.0 171.0 
685.0 238.0 
929.0 215.0 
929.0 215.0 
742.0 234.0 
751.0 231.0 
742.0 234.0 
1272.0 198.0 
1131.0 199.0 
1272.0 198.0 
1111.0 200.0 
1036.0 214.0 
1068.0 201.0 
1068.0 201.0 
1557.0 179.0 
1387.0 197.0 
1500.0 189.0 
1508.0 188.0 
1387.0 197.0 
551.0 245.0 
550.0 251.0 
553.0 242.0 
1933.0 170.0 
1933.0 170.0 
1933.0 170.0 
458.0 296.0 
454.0 319.0 
516.0 273.0 
525.0 269.0 
487.0 282.0 
496.0 277.0 
525.0 269.0 
867.0 227.0 
837.0 230.0 
837.0 230.0 
1812.0 173.0 
1812.0 173.0 
1810.0 174.0 
1750.0 177.0 
1758.0 176.0 
1669.0 178.0 
1669.0 178.0 
1810.0 174.0 
461.0 307.0 
1864.0 173.0 
1864.0 173.0 
1280.0 198.0 
548.0 269.0 
1113.0 200.0 
1527.0 196.0 
1554.0 189.0 
510.0 278.0 
1067.0 214.0 
698.0 240.0 
552.0 248.0 
473.0 299.0 
1632.0 181.0 
867.0 231.0 
595.0 243.0 
1069.0 203.0 
1753.0 178.0 
981.0 217.0 
757.0 234.0 
913.0 229.0 
1670.0 180.0 
527.0 272.0 
934.0 222.0 
745.0 235.0 
1810.0 175.0 
1530.0 195.0 
