275.0 235.0 
1249.0 107.0 
1281.0 104.0 
284.0 223.0 
395.0 156.0 
904.0 121.0 
1604.0 92.0 
1146.0 108.0 
1034.0 114.0 
1362.0 101.0 
286.0 220.0 
320.0 185.0 
317.0 194.0 
1362.0 101.0 
1093.0 111.0 
1520.0 99.0 
750.0 129.0 
1093.0 111.0 
458.0 152.0 
304.0 208.0 
317.0 194.0 
297.0 214.0 
308.0 204.0 
297.0 214.0 
1146.0 108.0 
421.0 155.0 
1604.0 92.0 
563.0 145.0 
587.0 143.0 
1547.0 98.0 
421.0 155.0 
307.0 207.0 
985.0 118.0 
1520.0 99.0 
587.0 143.0 
983.0 119.0 
320.0 185.0 
985.0 118.0 
1547.0 98.0 
983.0 119.0 
1093.0 111.0 
297.0 214.0 
1146.0 108.0 
1520.0 99.0 
587.0 143.0 
1093.0 111.0 
1572.0 95.0 
1547.0 98.0 
724.0 130.0 
312.0 197.0 
353.0 161.0 
463.0 150.0 
617.0 141.0 
1146.0 108.0 
658.0 135.0 
1520.0 99.0 
724.0 130.0 
1766.0 86.0 
983.0 119.0 
463.0 150.0 
856.0 123.0 
852.0 124.0 
1249.0 107.0 
750.0 129.0 
1146.0 108.0 
1013.0 116.0 
551.0 146.0 
512.0 147.0 
797.0 126.0 
460.0 151.0 
1071.0 113.0 
1034.0 114.0 
907.0 120.0 
724.0 130.0 
317.0 194.0 
750.0 129.0 
1362.0 101.0 
297.0 214.0 
1739.0 87.0 
638.0 137.0 
659.0 134.0 
450.0 154.0 
334.0 179.0 
321.0 182.0 
1548.0 96.0 
463.0 150.0 
275.0 235.0 
587.0 143.0 
1438.0 100.0 
1709.0 90.0 
1765.0 87.0 
1765.0 87.0 
300.0 236.0 
391.0 161.0 
304.0 227.0 
1339.0 105.0 
1095.0 111.0 
313.0 201.0 
327.0 182.0 
1251.0 108.0 
