3198.0 797.0 
2988.0 810.0 
2677.0 943.0 
2936.0 849.0 
3392.0 792.0 
2841.0 851.0 
3424.0 767.0 
2979.0 841.0 
2699.0 892.0 
2981.0 826.0 
2978.0 847.0 
3269.0 801.0 
3115.0 814.0 
3056.0 822.0 
3256.0 813.0 
2976.0 870.0 
2845.0 871.0 
2976.0 870.0 
3484.0 775.0 
2712.0 930.0 
2714.0 902.0 
3040.0 826.0 
3040.0 826.0 
3040.0 826.0 
3040.0 826.0 
2978.0 868.0 
3357.0 804.0 
3087.0 824.0 
3313.0 814.0 
2922.0 874.0 
2914.0 877.0 
2922.0 874.0 
2914.0 877.0 
2857.0 896.0 
2872.0 883.0 
2851.0 901.0 
3616.0 782.0 
3861.0 778.0 
3607.0 784.0 
3553.0 789.0 
3861.0 778.0 
2826.0 917.0 
2766.0 926.0 
2766.0 926.0 
2812.0 925.0 
2724.0 958.0 
2766.0 926.0 
2826.0 917.0 
2830.0 915.0 
2832.0 912.0 
2729.0 937.0 
3046.0 828.0 
3046.0 828.0 
3005.0 868.0 
3432.0 809.0 
3131.0 824.0 
3343.0 815.0 
2981.0 878.0 
2941.0 880.0 
2981.0 878.0 
2857.0 897.0 
2929.0 883.0 
3752.0 783.0 
3566.0 792.0 
3566.0 792.0 
3566.0 792.0 
2808.0 928.0 
2741.0 939.0 
2736.0 958.0 
3056.0 856.0 
3056.0 856.0 
3062.0 843.0 
3101.0 835.0 
3041.0 875.0 
3460.0 813.0 
3200.0 831.0 
3366.0 830.0 
2858.0 910.0 
2875.0 901.0 
2878.0 898.0 
2989.0 885.0 
2989.0 885.0 
2989.0 885.0 
2989.0 885.0 
2989.0 885.0 
2974.0 889.0 
3795.0 787.0 
3827.0 784.0 
3827.0 784.0 
3721.0 798.0 
3693.0 803.0 
3664.0 804.0 
2820.0 932.0 
2820.0 932.0 
2820.0 932.0 
2744.0 942.0 
2744.0 942.0 
3072.0 844.0 
3167.0 840.0 
3801.0 788.0 
