1778.0 440.0 
1712.0 456.0 
1772.0 441.0 
1658.0 480.0 
1676.0 466.0 
1772.0 441.0 
1750.0 452.0 
1750.0 452.0 
1652.0 484.0 
1694.0 459.0 
1658.0 480.0 
1676.0 466.0 
1772.0 441.0 
1712.0 456.0 
1640.0 486.0 
1634.0 490.0 
1682.0 461.0 
1658.0 480.0 
1754.0 447.0 
1676.0 466.0 
1778.0 440.0 
1750.0 452.0 
1640.0 486.0 
1634.0 490.0 
1634.0 490.0 
1772.0 441.0 
1632.0 496.0 
1676.0 466.0 
1652.0 484.0 
1640.0 486.0 
1640.0 486.0 
1611.0 503.0 
1630.0 499.0 
1694.0 460.0 
1694.0 460.0 
1713.0 458.0 
1682.0 462.0 
1682.0 462.0 
1693.0 461.0 
1682.0 462.0 
1760.0 447.0 
1760.0 447.0 
1760.0 447.0 
1760.0 447.0 
1754.0 451.0 
1760.0 447.0 
1760.0 447.0 
1760.0 447.0 
1760.0 447.0 
1750.0 453.0 
1750.0 453.0 
1636.0 491.0 
1778.0 441.0 
1778.0 441.0 
1778.0 441.0 
1778.0 441.0 
1778.0 441.0 
1778.0 441.0 
1778.0 441.0 
1773.0 443.0 
1778.0 441.0 
1772.0 445.0 
1677.0 468.0 
1677.0 468.0 
1676.0 471.0 
1642.0 486.0 
1642.0 486.0 
1612.0 504.0 
1612.0 504.0 
1633.0 503.0 
1633.0 503.0 
1781.0 441.0 
1781.0 441.0 
1612.0 505.0 
1612.0 505.0 
1696.0 460.0 
1752.0 457.0 
1652.0 486.0 
1676.0 473.0 
1676.0 473.0 
1637.0 494.0 
1679.0 469.0 
1637.0 494.0 
1773.0 446.0 
1650.0 490.0 
1762.0 447.0 
1684.0 464.0 
1687.0 463.0 
1755.0 452.0 
1755.0 452.0 
1640.0 492.0 
1778.0 442.0 
1762.0 447.0 
1640.0 492.0 
1778.0 442.0 
1762.0 447.0 
1640.0 492.0 
1640.0 492.0 
1640.0 492.0 
1778.0 442.0 
