2173.0 584.0 
2428.0 557.0 
1946.0 643.0 
2155.0 596.0 
2092.0 598.0 
2050.0 620.0 
2397.0 558.0 
2530.0 554.0 
2174.0 578.0 
1997.0 631.0 
1977.0 640.0 
2300.0 561.0 
2063.0 605.0 
2038.0 622.0 
2184.0 563.0 
2085.0 600.0 
2524.0 557.0 
2524.0 557.0 
1963.0 653.0 
1955.0 654.0 
2156.0 597.0 
2093.0 599.0 
2152.0 598.0 
2053.0 620.0 
2053.0 620.0 
2053.0 620.0 
2420.0 559.0 
2178.0 595.0 
2178.0 595.0 
2183.0 587.0 
2016.0 639.0 
1994.0 641.0 
2063.0 616.0 
2039.0 622.0 
2038.0 638.0 
2039.0 622.0 
2191.0 574.0 
2395.0 568.0 
2332.0 570.0 
2395.0 568.0 
2190.0 586.0 
2332.0 570.0 
2195.0 571.0 
2089.0 612.0 
2089.0 612.0 
2532.0 557.0 
1980.0 653.0 
1961.0 654.0 
1959.0 664.0 
2174.0 597.0 
2110.0 608.0 
2095.0 610.0 
2113.0 601.0 
2167.0 598.0 
2456.0 565.0 
2516.0 559.0 
2456.0 565.0 
2480.0 564.0 
2183.0 593.0 
1997.0 641.0 
1997.0 641.0 
1997.0 641.0 
2064.0 620.0 
2041.0 637.0 
2045.0 625.0 
2043.0 633.0 
2041.0 637.0 
2398.0 568.0 
2388.0 570.0 
2323.0 571.0 
2204.0 575.0 
2195.0 588.0 
2197.0 576.0 
1963.0 666.0 
2541.0 565.0 
2199.0 577.0 
2279.0 576.0 
2186.0 597.0 
2468.0 567.0 
2081.0 620.0 
2096.0 610.0 
2323.0 573.0 
2042.0 647.0 
2416.0 568.0 
2044.0 635.0 
2151.0 601.0 
2136.0 609.0 
2416.0 568.0 
2061.0 626.0 
2323.0 573.0 
1972.0 663.0 
1991.0 653.0 
1975.0 656.0 
2011.0 648.0 
2046.0 631.0 
2054.0 629.0 
1973.0 658.0 
2003.0 652.0 
2009.0 649.0 
2173.0 599.0 
