1499.0 114.0 
262.0 202.0 
262.0 202.0 
1499.0 114.0 
310.0 178.0 
1413.0 117.0 
959.0 133.0 
293.0 188.0 
1090.0 131.0 
535.0 159.0 
1280.0 122.0 
473.0 165.0 
329.0 172.0 
485.0 162.0 
614.0 154.0 
644.0 150.0 
850.0 139.0 
641.0 151.0 
277.0 198.0 
1199.0 125.0 
1391.0 119.0 
1337.0 120.0 
800.0 143.0 
776.0 144.0 
1253.0 123.0 
930.0 137.0 
394.0 171.0 
565.0 156.0 
280.0 193.0 
704.0 149.0 
1337.0 120.0 
934.0 135.0 
850.0 139.0 
800.0 143.0 
880.0 138.0 
287.0 191.0 
277.0 198.0 
293.0 188.0 
433.0 167.0 
749.0 145.0 
403.0 168.0 
1147.0 128.0 
562.0 158.0 
614.0 154.0 
485.0 162.0 
433.0 167.0 
959.0 133.0 
314.0 176.0 
720.0 148.0 
880.0 138.0 
1229.0 124.0 
1120.0 129.0 
1172.0 126.0 
1120.0 129.0 
746.0 146.0 
720.0 148.0 
1094.0 130.0 
1172.0 126.0 
1148.0 127.0 
1229.0 124.0 
402.0 170.0 
1391.0 119.0 
286.0 192.0 
322.0 174.0 
931.0 136.0 
1090.0 131.0 
565.0 156.0 
746.0 146.0 
704.0 149.0 
394.0 171.0 
322.0 174.0 
318.0 175.0 
1094.0 130.0 
318.0 175.0 
280.0 193.0 
562.0 158.0 
403.0 168.0 
1148.0 127.0 
402.0 170.0 
1499.0 114.0 
1337.0 120.0 
614.0 154.0 
959.0 133.0 
485.0 162.0 
433.0 167.0 
880.0 138.0 
1148.0 127.0 
1120.0 129.0 
1391.0 119.0 
1172.0 126.0 
1229.0 124.0 
1090.0 131.0 
565.0 156.0 
746.0 146.0 
322.0 174.0 
280.0 193.0 
562.0 158.0 
746.0 146.0 
1229.0 124.0 
1090.0 131.0 
