1796.0 550.0 
1749.0 565.0 
1796.0 550.0 
1866.0 521.0 
1822.0 533.0 
1866.0 521.0 
1749.0 565.0 
1775.0 558.0 
1896.0 513.0 
1822.0 533.0 
1866.0 521.0 
1749.0 565.0 
1830.0 527.0 
1749.0 565.0 
1908.0 510.0 
1811.0 535.0 
1911.0 506.0 
1866.0 521.0 
1896.0 513.0 
1749.0 565.0 
1749.0 565.0 
1881.0 517.0 
1796.0 550.0 
1793.0 553.0 
1860.0 523.0 
1766.0 560.0 
1749.0 565.0 
1749.0 565.0 
1873.0 518.0 
1866.0 521.0 
1866.0 521.0 
1832.0 526.0 
1803.0 538.0 
1912.0 506.0 
1757.0 578.0 
1757.0 578.0 
1844.0 526.0 
1827.0 535.0 
1811.0 536.0 
1810.0 549.0 
1861.0 523.0 
1763.0 577.0 
1795.0 556.0 
1770.0 562.0 
1875.0 522.0 
1878.0 518.0 
1797.0 550.0 
1772.0 561.0 
1896.0 517.0 
1909.0 511.0 
1901.0 513.0 
1795.0 556.0 
1772.0 561.0 
1897.0 514.0 
1770.0 562.0 
1763.0 577.0 
1909.0 511.0 
1878.0 518.0 
1797.0 550.0 
1897.0 514.0 
1896.0 517.0 
1909.0 511.0 
1909.0 511.0 
1897.0 514.0 
1897.0 514.0 
1897.0 514.0 
1897.0 514.0 
1897.0 514.0 
1897.0 514.0 
1897.0 514.0 
1897.0 514.0 
1897.0 514.0 
1897.0 514.0 
1897.0 514.0 
1897.0 514.0 
1897.0 514.0 
1897.0 514.0 
1897.0 514.0 
1896.0 517.0 
1896.0 517.0 
1896.0 517.0 
1896.0 517.0 
1896.0 517.0 
1896.0 517.0 
1896.0 517.0 
1896.0 517.0 
1896.0 517.0 
1896.0 517.0 
1896.0 517.0 
1896.0 517.0 
1896.0 517.0 
1795.0 556.0 
1795.0 556.0 
1795.0 556.0 
1795.0 556.0 
1795.0 556.0 
1795.0 556.0 
1795.0 556.0 
1795.0 556.0 
1770.0 562.0 
