1915.0 637.0 
2187.0 574.0 
2210.0 569.0 
2188.0 570.0 
2116.0 613.0 
1899.0 652.0 
2142.0 598.0 
2025.0 616.0 
1920.0 636.0 
2225.0 568.0 
2256.0 551.0 
2170.0 582.0 
2197.0 577.0 
2215.0 573.0 
2153.0 607.0 
2146.0 613.0 
2168.0 606.0 
2031.0 618.0 
2030.0 630.0 
1963.0 654.0 
1959.0 773.0 
1963.0 654.0 
2016.0 644.0 
1963.0 654.0 
2276.0 557.0 
2297.0 555.0 
2270.0 569.0 
2185.0 600.0 
2199.0 599.0 
2211.0 593.0 
2211.0 593.0 
2214.0 591.0 
2257.0 575.0 
2252.0 579.0 
2244.0 580.0 
2255.0 577.0 
2154.0 612.0 
2162.0 608.0 
2153.0 613.0 
2149.0 615.0 
2063.0 622.0 
2135.0 620.0 
2147.0 618.0 
2121.0 621.0 
2052.0 639.0 
2059.0 637.0 
2028.0 652.0 
2028.0 652.0 
2028.0 652.0 
1979.0 657.0 
1964.0 664.0 
2299.0 556.0 
2277.0 569.0 
2187.0 606.0 
2191.0 604.0 
2201.0 602.0 
2214.0 593.0 
2219.0 592.0 
2257.0 576.0 
2274.0 575.0 
2255.0 587.0 
2255.0 587.0 
2174.0 608.0 
2174.0 608.0 
2171.0 609.0 
2164.0 613.0 
2092.0 626.0 
2091.0 628.0 
2073.0 633.0 
2147.0 619.0 
2147.0 619.0 
2151.0 618.0 
2123.0 622.0 
2052.0 647.0 
2062.0 645.0 
2032.0 652.0 
1984.0 662.0 
1985.0 660.0 
2031.0 657.0 
1978.0 674.0 
1979.0 667.0 
1964.0 689.0 
1978.0 674.0 
2300.0 558.0 
2197.0 605.0 
1965.0 700.0 
1965.0 700.0 
2307.0 558.0 
1980.0 670.0 
2219.0 593.0 
2068.0 649.0 
2101.0 636.0 
2273.0 576.0 
2176.0 619.0 
2125.0 625.0 
2300.0 569.0 
2140.0 622.0 
2189.0 612.0 
2261.0 586.0 
2004.0 661.0 
