150.0 95.0 
175.0 72.0 
150.0 95.0 
151.0 93.0 
165.0 89.0 
169.0 75.0 
204.0 68.0 
150.0 95.0 
169.0 75.0 
150.0 95.0 
187.0 72.0 
161.0 93.0 
167.0 90.0 
167.0 90.0 
167.0 90.0 
167.0 90.0 
207.0 70.0 
242.0 69.0 
207.0 70.0 
242.0 69.0 
207.0 70.0 
242.0 69.0 
242.0 69.0 
178.0 77.0 
175.0 81.0 
178.0 77.0 
175.0 81.0 
180.0 75.0 
180.0 75.0 
180.0 75.0 
175.0 81.0 
157.0 96.0 
157.0 96.0 
150.0 99.0 
188.0 73.0 
202.0 72.0 
167.0 92.0 
168.0 91.0 
211.0 70.0 
179.0 77.0 
178.0 82.0 
178.0 82.0 
175.0 84.0 
166.0 107.0 
200.0 74.0 
200.0 74.0 
193.0 75.0 
203.0 72.0 
167.0 96.0 
170.0 92.0 
170.0 92.0 
214.0 70.0 
182.0 77.0 
180.0 81.0 
182.0 77.0 
176.0 89.0 
176.0 89.0 
199.0 76.0 
205.0 72.0 
168.0 96.0 
172.0 94.0 
215.0 71.0 
181.0 81.0 
181.0 81.0 
184.0 79.0 
186.0 77.0 
182.0 80.0 
178.0 91.0 
178.0 91.0 
178.0 91.0 
210.0 73.0 
210.0 73.0 
213.0 72.0 
207.0 74.0 
168.0 97.0 
168.0 97.0 
171.0 96.0 
168.0 97.0 
217.0 71.0 
217.0 71.0 
217.0 71.0 
185.0 79.0 
185.0 79.0 
185.0 79.0 
185.0 79.0 
192.0 78.0 
192.0 78.0 
197.0 77.0 
197.0 77.0 
197.0 77.0 
182.0 81.0 
182.0 81.0 
180.0 95.0 
180.0 95.0 
168.0 98.0 
168.0 98.0 
220.0 71.0 
182.0 83.0 
172.0 96.0 
199.0 78.0 
