65.0 29.0 
65.0 29.0 
65.0 29.0 
72.0 27.0 
65.0 29.0 
65.0 29.0 
65.0 29.0 
65.0 29.0 
65.0 29.0 
72.0 28.0 
110.0 27.0 
72.0 28.0 
72.0 28.0 
110.0 27.0 
110.0 27.0 
72.0 28.0 
66.0 30.0 
66.0 30.0 
66.0 30.0 
66.0 30.0 
66.0 30.0 
66.0 30.0 
66.0 30.0 
66.0 30.0 
66.0 30.0 
66.0 30.0 
66.0 30.0 
66.0 30.0 
66.0 30.0 
66.0 30.0 
66.0 30.0 
66.0 30.0 
66.0 30.0 
66.0 30.0 
66.0 30.0 
66.0 30.0 
65.0 31.0 
66.0 30.0 
66.0 30.0 
66.0 30.0 
114.0 27.0 
114.0 27.0 
73.0 28.0 
66.0 31.0 
66.0 31.0 
66.0 31.0 
66.0 31.0 
66.0 31.0 
66.0 31.0 
66.0 31.0 
66.0 31.0 
66.0 31.0 
66.0 31.0 
66.0 31.0 
66.0 31.0 
66.0 31.0 
66.0 31.0 
66.0 31.0 
66.0 31.0 
67.0 30.0 
66.0 31.0 
66.0 31.0 
74.0 28.0 
70.0 30.0 
66.0 32.0 
67.0 31.0 
67.0 31.0 
66.0 32.0 
67.0 31.0 
67.0 31.0 
67.0 31.0 
66.0 32.0 
67.0 31.0 
67.0 31.0 
76.0 28.0 
76.0 28.0 
66.0 33.0 
75.0 30.0 
68.0 31.0 
68.0 31.0 
67.0 32.0 
67.0 32.0 
76.0 28.0 
76.0 28.0 
76.0 28.0 
76.0 28.0 
76.0 28.0 
76.0 28.0 
76.0 28.0 
76.0 28.0 
76.0 28.0 
76.0 28.0 
76.0 28.0 
76.0 28.0 
76.0 28.0 
76.0 28.0 
76.0 28.0 
76.0 28.0 
76.0 28.0 
76.0 28.0 
