26.0 25.0 
30.0 21.0 
26.0 25.0 
43.0 21.0 
31.0 24.0 
29.0 28.0 
30.0 26.0 
29.0 28.0 
30.0 26.0 
27.0 36.0 
35.0 24.0 
31.0 25.0 
29.0 33.0 
30.0 30.0 
41.0 24.0 
38.0 25.0 
31.0 26.0 
30.0 36.0 
31.0 33.0 
32.0 26.0 
33.0 27.0 
33.0 27.0 
34.0 26.0 
32.0 29.0 
33.0 28.0 
33.0 28.0 
33.0 28.0 
37.0 26.0 
34.0 27.0 
32.0 30.0 
38.0 27.0 
35.0 28.0 
33.0 30.0 
32.0 34.0 
36.0 29.0 
36.0 29.0 
37.0 28.0 
36.0 29.0 
36.0 29.0 
35.0 30.0 
35.0 30.0 
35.0 30.0 
33.0 32.0 
35.0 30.0 
35.0 30.0 
32.0 36.0 
32.0 36.0 
32.0 36.0 
32.0 36.0 
38.0 28.0 
33.0 34.0 
35.0 32.0 
35.0 32.0 
37.0 30.0 
35.0 32.0 
32.0 37.0 
40.0 28.0 
40.0 28.0 
38.0 29.0 
33.0 36.0 
34.0 34.0 
37.0 31.0 
37.0 31.0 
37.0 31.0 
42.0 28.0 
38.0 30.0 
33.0 39.0 
34.0 35.0 
36.0 34.0 
36.0 34.0 
36.0 34.0 
37.0 32.0 
48.0 29.0 
48.0 29.0 
40.0 30.0 
40.0 30.0 
33.0 40.0 
34.0 36.0 
36.0 35.0 
36.0 35.0 
37.0 33.0 
53.0 29.0 
53.0 29.0 
45.0 30.0 
45.0 30.0 
40.0 31.0 
45.0 30.0 
34.0 37.0 
34.0 37.0 
34.0 37.0 
34.0 37.0 
35.0 36.0 
35.0 36.0 
37.0 34.0 
37.0 34.0 
39.0 33.0 
37.0 34.0 
39.0 33.0 
55.0 30.0 
34.0 39.0 
