125.0 24.0 
125.0 24.0 
46.0 51.0 
71.0 40.0 
80.0 37.0 
65.0 42.0 
51.0 49.0 
56.0 46.0 
47.0 50.0 
56.0 46.0 
62.0 43.0 
77.0 38.0 
112.0 28.0 
106.0 29.0 
92.0 33.0 
86.0 34.0 
100.0 30.0 
106.0 29.0 
77.0 38.0 
83.0 35.0 
117.0 27.0 
51.0 49.0 
112.0 28.0 
60.0 44.0 
60.0 44.0 
124.0 25.0 
96.0 32.0 
69.0 41.0 
92.0 33.0 
120.0 26.0 
86.0 34.0 
83.0 35.0 
120.0 26.0 
117.0 27.0 
100.0 30.0 
98.0 31.0 
96.0 32.0 
98.0 31.0 
69.0 41.0 
124.0 25.0 
125.0 24.0 
56.0 46.0 
106.0 29.0 
112.0 28.0 
92.0 33.0 
120.0 26.0 
69.0 41.0 
117.0 27.0 
83.0 35.0 
96.0 32.0 
98.0 31.0 
124.0 25.0 
125.0 24.0 
112.0 28.0 
106.0 29.0 
92.0 33.0 
120.0 26.0 
69.0 41.0 
117.0 27.0 
98.0 31.0 
96.0 32.0 
124.0 25.0 
125.0 24.0 
112.0 28.0 
106.0 29.0 
92.0 33.0 
69.0 41.0 
120.0 26.0 
117.0 27.0 
98.0 31.0 
96.0 32.0 
124.0 25.0 
125.0 24.0 
112.0 28.0 
106.0 29.0 
92.0 33.0 
69.0 41.0 
120.0 26.0 
117.0 27.0 
98.0 31.0 
96.0 32.0 
124.0 25.0 
125.0 24.0 
112.0 28.0 
106.0 29.0 
92.0 33.0 
106.0 29.0 
120.0 26.0 
106.0 29.0 
125.0 24.0 
96.0 32.0 
106.0 29.0 
106.0 29.0 
117.0 27.0 
98.0 31.0 
100.0 30.0 
120.0 26.0 
69.0 41.0 
92.0 33.0 
106.0 29.0 
