113.0 51.0 
83.0 70.0 
85.0 66.0 
77.0 73.0 
90.0 60.0 
132.0 51.0 
129.0 58.0 
84.0 75.0 
84.0 75.0 
99.0 61.0 
91.0 68.0 
90.0 74.0 
163.0 54.0 
161.0 57.0 
165.0 51.0 
130.0 58.0 
84.0 76.0 
118.0 62.0 
104.0 64.0 
104.0 64.0 
93.0 71.0 
171.0 54.0 
212.0 53.0 
135.0 59.0 
132.0 61.0 
137.0 58.0 
89.0 77.0 
91.0 76.0 
122.0 63.0 
113.0 70.0 
117.0 66.0 
98.0 72.0 
98.0 72.0 
98.0 72.0 
181.0 56.0 
135.0 60.0 
138.0 58.0 
92.0 77.0 
123.0 63.0 
121.0 67.0 
118.0 69.0 
113.0 72.0 
112.0 74.0 
183.0 56.0 
144.0 58.0 
101.0 77.0 
93.0 78.0 
139.0 63.0 
127.0 69.0 
113.0 73.0 
124.0 72.0 
223.0 56.0 
209.0 57.0 
175.0 58.0 
144.0 62.0 
145.0 61.0 
145.0 61.0 
172.0 60.0 
145.0 61.0 
98.0 78.0 
135.0 70.0 
119.0 77.0 
229.0 56.0 
177.0 58.0 
148.0 63.0 
101.0 82.0 
106.0 80.0 
101.0 82.0 
106.0 80.0 
136.0 72.0 
135.0 75.0 
128.0 77.0 
231.0 56.0 
179.0 58.0 
152.0 67.0 
156.0 63.0 
101.0 83.0 
103.0 82.0 
148.0 73.0 
148.0 73.0 
136.0 76.0 
128.0 78.0 
236.0 57.0 
236.0 57.0 
236.0 57.0 
192.0 58.0 
192.0 58.0 
183.0 59.0 
171.0 64.0 
161.0 65.0 
103.0 85.0 
156.0 73.0 
153.0 77.0 
135.0 78.0 
129.0 79.0 
237.0 57.0 
106.0 88.0 
132.0 81.0 
188.0 59.0 
179.0 64.0 
