1700.0 98.0 
298.0 195.0 
1700.0 98.0 
305.0 177.0 
369.0 162.0 
476.0 155.0 
557.0 150.0 
948.0 130.0 
580.0 147.0 
392.0 158.0 
329.0 168.0 
763.0 140.0 
1083.0 123.0 
1404.0 109.0 
326.0 173.0 
1029.0 126.0 
329.0 168.0 
654.0 146.0 
1137.0 122.0 
1485.0 107.0 
1347.0 113.0 
1592.0 102.0 
737.0 142.0 
499.0 154.0 
499.0 154.0 
1512.0 106.0 
1565.0 103.0 
1404.0 109.0 
1083.0 123.0 
1215.0 117.0 
1458.0 108.0 
894.0 131.0 
1350.0 112.0 
1161.0 119.0 
1029.0 126.0 
1565.0 103.0 
1512.0 106.0 
684.0 144.0 
1141.0 120.0 
1293.0 115.0 
1296.0 114.0 
1242.0 116.0 
982.0 127.0 
684.0 144.0 
790.0 138.0 
1215.0 117.0 
864.0 133.0 
737.0 142.0 
841.0 134.0 
392.0 158.0 
1161.0 119.0 
837.0 136.0 
577.0 149.0 
1350.0 112.0 
384.0 160.0 
894.0 131.0 
1242.0 116.0 
790.0 138.0 
975.0 128.0 
817.0 137.0 
1646.0 100.0 
1673.0 99.0 
1619.0 101.0 
657.0 145.0 
1458.0 108.0 
1646.0 100.0 
1619.0 101.0 
1673.0 99.0 
867.0 132.0 
384.0 160.0 
305.0 177.0 
322.0 174.0 
975.0 128.0 
817.0 137.0 
319.0 175.0 
319.0 175.0 
982.0 127.0 
841.0 134.0 
1137.0 122.0 
837.0 136.0 
867.0 132.0 
1296.0 114.0 
657.0 145.0 
1293.0 115.0 
577.0 149.0 
654.0 146.0 
1700.0 98.0 
1350.0 112.0 
329.0 168.0 
1029.0 126.0 
1565.0 103.0 
1458.0 108.0 
684.0 144.0 
1215.0 117.0 
737.0 142.0 
1161.0 119.0 
1512.0 106.0 
384.0 160.0 
894.0 131.0 
1242.0 116.0 
