928.0 142.0 
928.0 142.0 
618.0 155.0 
1114.0 131.0 
632.0 154.0 
932.0 137.0 
316.0 181.0 
560.0 158.0 
311.0 191.0 
889.0 143.0 
889.0 143.0 
1136.0 130.0 
299.0 214.0 
300.0 193.0 
554.0 159.0 
638.0 153.0 
695.0 149.0 
1642.0 109.0 
802.0 148.0 
929.0 140.0 
1642.0 109.0 
870.0 144.0 
695.0 149.0 
929.0 140.0 
311.0 191.0 
684.0 151.0 
695.0 149.0 
430.0 166.0 
300.0 193.0 
870.0 144.0 
977.0 135.0 
501.0 162.0 
1627.0 112.0 
1090.0 134.0 
1235.0 125.0 
1308.0 122.0 
560.0 158.0 
684.0 151.0 
324.0 176.0 
582.0 156.0 
1091.0 132.0 
870.0 144.0 
340.0 168.0 
1235.0 125.0 
1397.0 116.0 
1356.0 120.0 
802.0 148.0 
1195.0 127.0 
1660.0 108.0 
977.0 135.0 
684.0 151.0 
1114.0 131.0 
320.0 180.0 
819.0 147.0 
311.0 191.0 
1235.0 125.0 
1643.0 109.0 
300.0 225.0 
300.0 225.0 
301.0 195.0 
346.0 168.0 
485.0 166.0 
1408.0 117.0 
1117.0 131.0 
321.0 188.0 
1092.0 134.0 
1364.0 121.0 
777.0 150.0 
932.0 138.0 
1630.0 115.0 
981.0 135.0 
324.0 177.0 
506.0 162.0 
1314.0 122.0 
1523.0 116.0 
687.0 151.0 
924.0 143.0 
1200.0 127.0 
1523.0 116.0 
1276.0 125.0 
1200.0 127.0 
804.0 148.0 
638.0 154.0 
312.0 192.0 
345.0 175.0 
555.0 160.0 
1636.0 113.0 
583.0 157.0 
874.0 145.0 
845.0 147.0 
559.0 159.0 
632.0 155.0 
1276.0 125.0 
981.0 135.0 
687.0 151.0 
879.0 144.0 
600.0 156.0 
845.0 147.0 
600.0 156.0 
338.0 176.0 
