789.0 167.0 
789.0 167.0 
1057.0 152.0 
1485.0 140.0 
556.0 184.0 
395.0 189.0 
1485.0 140.0 
844.0 161.0 
331.0 225.0 
1485.0 140.0 
764.0 168.0 
377.0 196.0 
1485.0 140.0 
967.0 155.0 
1244.0 141.0 
1688.0 127.0 
322.0 249.0 
1513.0 134.0 
1653.0 133.0 
1684.0 132.0 
1697.0 125.0 
362.0 211.0 
359.0 218.0 
830.0 166.0 
1086.0 150.0 
1053.0 154.0 
400.0 188.0 
966.0 156.0 
393.0 192.0 
368.0 200.0 
528.0 185.0 
561.0 182.0 
746.0 175.0 
700.0 177.0 
1077.0 151.0 
1057.0 153.0 
395.0 190.0 
860.0 164.0 
883.0 163.0 
953.0 162.0 
333.0 246.0 
333.0 246.0 
335.0 226.0 
334.0 245.0 
335.0 226.0 
769.0 168.0 
1051.0 155.0 
1498.0 141.0 
1244.0 142.0 
323.0 265.0 
328.0 253.0 
323.0 265.0 
1596.0 137.0 
1596.0 137.0 
1655.0 135.0 
1720.0 125.0 
1697.0 128.0 
1720.0 125.0 
832.0 166.0 
1233.0 150.0 
1233.0 150.0 
416.0 189.0 
981.0 156.0 
981.0 156.0 
394.0 195.0 
385.0 209.0 
393.0 202.0 
383.0 212.0 
383.0 212.0 
369.0 214.0 
377.0 213.0 
551.0 187.0 
683.0 185.0 
570.0 186.0 
705.0 179.0 
705.0 179.0 
705.0 179.0 
701.0 180.0 
705.0 179.0 
705.0 179.0 
725.0 177.0 
725.0 177.0 
705.0 179.0 
701.0 180.0 
1193.0 152.0 
324.0 265.0 
1728.0 127.0 
1627.0 141.0 
328.0 258.0 
1282.0 143.0 
335.0 228.0 
570.0 187.0 
395.0 216.0 
1160.0 153.0 
398.0 194.0 
1690.0 135.0 
399.0 190.0 
683.0 186.0 
375.0 221.0 
1059.0 154.0 
