18.0 2.0 
13.0 11.0 
13.0 11.0 
18.0 2.0 
13.0 11.0 
18.0 2.0 
13.0 11.0 
18.0 2.0 
13.0 11.0 
18.0 2.0 
13.0 11.0 
18.0 2.0 
13.0 11.0 
18.0 2.0 
13.0 11.0 
18.0 2.0 
18.0 2.0 
18.0 2.0 
18.0 2.0 
18.0 2.0 
18.0 2.0 
18.0 2.0 
18.0 2.0 
18.0 2.0 
18.0 2.0 
18.0 2.0 
18.0 2.0 
18.0 2.0 
18.0 2.0 
18.0 2.0 
18.0 2.0 
18.0 2.0 
18.0 2.0 
18.0 2.0 
18.0 2.0 
18.0 2.0 
18.0 2.0 
18.0 2.0 
18.0 2.0 
18.0 2.0 
18.0 2.0 
18.0 2.0 
18.0 2.0 
18.0 2.0 
18.0 2.0 
18.0 2.0 
18.0 2.0 
18.0 2.0 
18.0 2.0 
18.0 2.0 
18.0 2.0 
18.0 2.0 
18.0 2.0 
18.0 2.0 
18.0 2.0 
18.0 2.0 
18.0 2.0 
18.0 2.0 
18.0 2.0 
18.0 2.0 
18.0 2.0 
18.0 2.0 
18.0 2.0 
18.0 2.0 
18.0 2.0 
18.0 2.0 
18.0 2.0 
18.0 2.0 
18.0 2.0 
18.0 2.0 
18.0 2.0 
18.0 2.0 
18.0 2.0 
18.0 2.0 
18.0 2.0 
18.0 2.0 
18.0 2.0 
18.0 2.0 
18.0 2.0 
18.0 2.0 
18.0 2.0 
18.0 2.0 
18.0 2.0 
18.0 2.0 
18.0 2.0 
18.0 2.0 
18.0 2.0 
18.0 2.0 
18.0 2.0 
18.0 2.0 
18.0 2.0 
18.0 2.0 
18.0 2.0 
18.0 2.0 
18.0 2.0 
18.0 2.0 
18.0 2.0 
18.0 2.0 
18.0 2.0 
18.0 2.0 
