37.0 6.0 
28.0 9.0 
41.0 7.0 
39.0 8.0 
35.0 13.0 
31.0 17.0 
38.0 11.0 
56.0 8.0 
56.0 8.0 
42.0 9.0 
56.0 8.0 
35.0 15.0 
39.0 11.0 
43.0 10.0 
43.0 10.0 
44.0 9.0 
37.0 15.0 
35.0 16.0 
39.0 12.0 
40.0 11.0 
39.0 12.0 
46.0 9.0 
44.0 10.0 
43.0 11.0 
43.0 11.0 
43.0 11.0 
40.0 12.0 
47.0 10.0 
45.0 11.0 
40.0 13.0 
44.0 12.0 
44.0 12.0 
44.0 12.0 
50.0 10.0 
46.0 11.0 
41.0 14.0 
42.0 13.0 
41.0 14.0 
42.0 13.0 
42.0 13.0 
41.0 14.0 
45.0 12.0 
51.0 10.0 
47.0 11.0 
47.0 11.0 
43.0 13.0 
43.0 13.0 
43.0 13.0 
43.0 13.0 
42.0 15.0 
46.0 12.0 
52.0 11.0 
45.0 14.0 
45.0 14.0 
45.0 14.0 
43.0 15.0 
42.0 18.0 
48.0 12.0 
48.0 12.0 
47.0 13.0 
47.0 13.0 
47.0 13.0 
48.0 12.0 
63.0 11.0 
44.0 16.0 
46.0 15.0 
46.0 15.0 
46.0 15.0 
46.0 15.0 
42.0 20.0 
49.0 12.0 
48.0 13.0 
48.0 13.0 
48.0 13.0 
48.0 13.0 
44.0 17.0 
44.0 17.0 
45.0 16.0 
42.0 22.0 
50.0 12.0 
48.0 14.0 
48.0 14.0 
48.0 14.0 
44.0 18.0 
45.0 17.0 
45.0 17.0 
45.0 17.0 
46.0 16.0 
43.0 22.0 
43.0 22.0 
43.0 22.0 
43.0 22.0 
43.0 22.0 
51.0 12.0 
50.0 13.0 
48.0 15.0 
49.0 14.0 
43.0 24.0 
52.0 12.0 
52.0 12.0 
