2454.0 658.0 
2389.0 697.0 
2482.0 637.0 
2606.0 602.0 
2389.0 697.0 
2660.0 601.0 
2333.0 731.0 
2417.0 667.0 
2558.0 611.0 
2724.0 574.0 
2527.0 626.0 
2471.0 646.0 
2517.0 632.0 
2295.0 736.0 
2383.0 709.0 
2355.0 712.0 
2435.0 663.0 
2479.0 643.0 
2598.0 604.0 
2790.0 572.0 
2274.0 753.0 
2275.0 737.0 
2486.0 641.0 
2486.0 641.0 
2514.0 637.0 
2491.0 639.0 
2486.0 641.0 
2403.0 703.0 
2391.0 707.0 
2397.0 706.0 
2668.0 602.0 
2421.0 680.0 
2417.0 698.0 
2586.0 624.0 
2756.0 586.0 
2754.0 594.0 
2745.0 595.0 
2528.0 626.0 
2382.0 721.0 
2379.0 727.0 
2382.0 721.0 
2388.0 713.0 
2371.0 736.0 
2445.0 670.0 
2442.0 671.0 
2485.0 655.0 
2602.0 606.0 
2660.0 605.0 
2798.0 576.0 
2798.0 576.0 
2803.0 573.0 
2798.0 576.0 
2317.0 738.0 
2275.0 749.0 
2313.0 742.0 
2298.0 745.0 
2494.0 642.0 
2392.0 710.0 
2725.0 602.0 
2681.0 603.0 
2435.0 696.0 
2601.0 624.0 
2601.0 624.0 
2756.0 588.0 
2754.0 597.0 
2528.0 628.0 
2530.0 627.0 
2387.0 722.0 
2382.0 733.0 
2464.0 671.0 
2445.0 688.0 
2628.0 609.0 
2610.0 617.0 
2674.0 608.0 
2805.0 575.0 
2806.0 573.0 
2278.0 763.0 
2335.0 743.0 
2305.0 745.0 
2807.0 573.0 
2807.0 573.0 
2299.0 770.0 
2761.0 589.0 
2602.0 624.0 
2349.0 755.0 
2507.0 648.0 
2531.0 629.0 
2541.0 627.0 
2356.0 749.0 
2735.0 604.0 
2675.0 608.0 
2392.0 711.0 
2436.0 706.0 
2633.0 613.0 
2389.0 737.0 
2473.0 671.0 
2385.0 739.0 
2503.0 661.0 
2458.0 691.0 
2722.0 606.0 
