94.0 41.0 
74.0 44.0 
77.0 43.0 
93.0 42.0 
74.0 44.0 
77.0 43.0 
93.0 42.0 
111.0 39.0 
94.0 41.0 
94.0 41.0 
74.0 44.0 
94.0 41.0 
74.0 44.0 
72.0 45.0 
74.0 44.0 
94.0 41.0 
74.0 44.0 
111.0 39.0 
94.0 41.0 
94.0 41.0 
111.0 39.0 
74.0 44.0 
74.0 44.0 
93.0 43.0 
93.0 43.0 
94.0 42.0 
94.0 42.0 
94.0 42.0 
94.0 42.0 
94.0 42.0 
94.0 42.0 
94.0 42.0 
94.0 42.0 
94.0 42.0 
94.0 42.0 
95.0 41.0 
94.0 42.0 
112.0 39.0 
75.0 44.0 
75.0 44.0 
75.0 44.0 
75.0 44.0 
75.0 44.0 
75.0 44.0 
75.0 44.0 
74.0 46.0 
75.0 44.0 
75.0 44.0 
75.0 44.0 
75.0 44.0 
96.0 41.0 
94.0 43.0 
95.0 42.0 
94.0 43.0 
94.0 43.0 
94.0 43.0 
94.0 43.0 
95.0 42.0 
94.0 43.0 
95.0 42.0 
95.0 42.0 
94.0 43.0 
95.0 42.0 
94.0 43.0 
94.0 43.0 
112.0 40.0 
112.0 40.0 
112.0 40.0 
115.0 39.0 
112.0 40.0 
112.0 40.0 
112.0 40.0 
112.0 40.0 
115.0 39.0 
112.0 40.0 
112.0 40.0 
112.0 40.0 
112.0 40.0 
115.0 39.0 
112.0 40.0 
77.0 44.0 
75.0 45.0 
77.0 44.0 
75.0 45.0 
113.0 40.0 
113.0 40.0 
75.0 46.0 
95.0 43.0 
97.0 41.0 
78.0 44.0 
76.0 45.0 
97.0 41.0 
95.0 43.0 
78.0 44.0 
113.0 40.0 
113.0 40.0 
113.0 40.0 
113.0 40.0 
113.0 40.0 
113.0 40.0 
