213.0 104.0 
184.0 116.0 
223.0 93.0 
215.0 118.0 
209.0 120.0 
200.0 134.0 
223.0 115.0 
225.0 103.0 
209.0 121.0 
203.0 136.0 
203.0 136.0 
203.0 136.0 
207.0 135.0 
203.0 136.0 
277.0 103.0 
228.0 114.0 
239.0 104.0 
211.0 123.0 
224.0 121.0 
203.0 137.0 
328.0 103.0 
229.0 115.0 
245.0 108.0 
277.0 105.0 
247.0 107.0 
215.0 134.0 
223.0 126.0 
214.0 149.0 
233.0 115.0 
233.0 115.0 
231.0 116.0 
245.0 109.0 
252.0 107.0 
218.0 135.0 
216.0 137.0 
221.0 134.0 
227.0 131.0 
223.0 133.0 
231.0 117.0 
231.0 117.0 
247.0 110.0 
247.0 110.0 
263.0 108.0 
268.0 107.0 
220.0 137.0 
217.0 138.0 
222.0 134.0 
234.0 119.0 
250.0 110.0 
247.0 115.0 
267.0 109.0 
278.0 108.0 
278.0 108.0 
219.0 145.0 
221.0 143.0 
232.0 135.0 
233.0 134.0 
235.0 122.0 
251.0 111.0 
251.0 111.0 
253.0 110.0 
248.0 121.0 
249.0 120.0 
276.0 109.0 
221.0 144.0 
235.0 126.0 
252.0 117.0 
267.0 110.0 
254.0 112.0 
249.0 124.0 
249.0 124.0 
298.0 109.0 
224.0 145.0 
229.0 144.0 
238.0 128.0 
239.0 127.0 
248.0 126.0 
236.0 136.0 
253.0 122.0 
278.0 111.0 
256.0 112.0 
256.0 112.0 
254.0 113.0 
230.0 152.0 
235.0 147.0 
235.0 147.0 
235.0 147.0 
235.0 147.0 
238.0 131.0 
242.0 130.0 
243.0 128.0 
236.0 138.0 
280.0 111.0 
258.0 112.0 
255.0 114.0 
255.0 114.0 
255.0 114.0 
254.0 127.0 
254.0 127.0 
231.0 160.0 
