35.0 16.0 
56.0 11.0 
45.0 14.0 
47.0 12.0 
37.0 15.0 
37.0 15.0 
47.0 12.0 
36.0 16.0 
49.0 14.0 
48.0 15.0 
50.0 12.0 
45.0 16.0 
45.0 16.0 
40.0 19.0 
45.0 16.0 
41.0 17.0 
45.0 16.0 
50.0 14.0 
50.0 14.0 
53.0 12.0 
51.0 13.0 
40.0 28.0 
42.0 17.0 
41.0 20.0 
48.0 16.0 
48.0 16.0 
55.0 12.0 
55.0 12.0 
52.0 13.0 
52.0 13.0 
46.0 19.0 
41.0 24.0 
45.0 20.0 
49.0 16.0 
49.0 16.0 
49.0 16.0 
49.0 16.0 
48.0 17.0 
48.0 17.0 
48.0 17.0 
59.0 12.0 
59.0 12.0 
52.0 14.0 
53.0 13.0 
52.0 14.0 
52.0 14.0 
42.0 24.0 
47.0 20.0 
48.0 19.0 
49.0 17.0 
48.0 19.0 
64.0 13.0 
64.0 13.0 
64.0 13.0 
64.0 13.0 
52.0 15.0 
52.0 15.0 
53.0 14.0 
43.0 26.0 
45.0 24.0 
47.0 22.0 
50.0 18.0 
48.0 20.0 
54.0 15.0 
54.0 15.0 
54.0 15.0 
53.0 16.0 
53.0 16.0 
55.0 14.0 
46.0 24.0 
51.0 18.0 
50.0 19.0 
48.0 22.0 
54.0 16.0 
54.0 16.0 
53.0 17.0 
53.0 17.0 
56.0 14.0 
55.0 15.0 
56.0 14.0 
46.0 26.0 
52.0 19.0 
50.0 20.0 
48.0 24.0 
49.0 22.0 
54.0 17.0 
53.0 18.0 
66.0 14.0 
66.0 14.0 
66.0 14.0 
57.0 15.0 
56.0 16.0 
56.0 16.0 
66.0 14.0 
56.0 16.0 
66.0 14.0 
56.0 16.0 
66.0 14.0 
66.0 14.0 
47.0 26.0 
