160.0 42.0 
160.0 42.0 
140.0 43.0 
160.0 42.0 
160.0 42.0 
160.0 42.0 
160.0 42.0 
160.0 42.0 
160.0 42.0 
160.0 42.0 
160.0 42.0 
160.0 42.0 
160.0 42.0 
160.0 42.0 
160.0 42.0 
160.0 42.0 
160.0 42.0 
160.0 42.0 
160.0 42.0 
160.0 42.0 
134.0 45.0 
160.0 42.0 
160.0 42.0 
160.0 42.0 
160.0 42.0 
160.0 42.0 
140.0 43.0 
160.0 42.0 
136.0 45.0 
136.0 45.0 
142.0 43.0 
142.0 43.0 
136.0 45.0 
136.0 45.0 
136.0 45.0 
136.0 45.0 
136.0 45.0 
136.0 45.0 
136.0 45.0 
136.0 45.0 
136.0 45.0 
136.0 45.0 
136.0 45.0 
136.0 45.0 
136.0 45.0 
136.0 45.0 
136.0 45.0 
136.0 45.0 
136.0 45.0 
136.0 45.0 
136.0 45.0 
136.0 45.0 
136.0 45.0 
136.0 45.0 
136.0 45.0 
136.0 45.0 
136.0 45.0 
136.0 45.0 
136.0 45.0 
136.0 45.0 
136.0 45.0 
136.0 45.0 
136.0 45.0 
136.0 45.0 
136.0 45.0 
136.0 45.0 
136.0 45.0 
136.0 45.0 
136.0 45.0 
136.0 45.0 
136.0 45.0 
136.0 45.0 
136.0 45.0 
136.0 45.0 
136.0 45.0 
136.0 45.0 
136.0 45.0 
136.0 45.0 
136.0 45.0 
136.0 45.0 
136.0 45.0 
136.0 45.0 
136.0 45.0 
136.0 45.0 
136.0 45.0 
136.0 45.0 
136.0 45.0 
136.0 45.0 
136.0 45.0 
136.0 45.0 
136.0 45.0 
136.0 45.0 
136.0 45.0 
136.0 45.0 
136.0 45.0 
136.0 45.0 
136.0 45.0 
136.0 45.0 
136.0 45.0 
136.0 45.0 
