111.0 158.0 
155.0 102.0 
185.0 83.0 
208.0 79.0 
123.0 115.0 
179.0 102.0 
179.0 102.0 
163.0 103.0 
274.0 87.0 
256.0 89.0 
210.0 99.0 
214.0 96.0 
153.0 119.0 
131.0 176.0 
134.0 146.0 
141.0 131.0 
192.0 102.0 
166.0 104.0 
215.0 98.0 
165.0 123.0 
133.0 177.0 
133.0 177.0 
151.0 147.0 
144.0 175.0 
160.0 131.0 
199.0 102.0 
168.0 121.0 
175.0 109.0 
179.0 104.0 
315.0 99.0 
293.0 100.0 
258.0 101.0 
139.0 182.0 
159.0 153.0 
161.0 131.0 
254.0 102.0 
171.0 125.0 
171.0 125.0 
168.0 130.0 
186.0 111.0 
188.0 109.0 
250.0 104.0 
186.0 111.0 
186.0 111.0 
307.0 101.0 
307.0 101.0 
146.0 184.0 
165.0 134.0 
161.0 181.0 
172.0 129.0 
184.0 127.0 
208.0 109.0 
265.0 105.0 
258.0 106.0 
195.0 111.0 
186.0 123.0 
187.0 121.0 
316.0 104.0 
150.0 185.0 
168.0 138.0 
172.0 137.0 
178.0 129.0 
292.0 105.0 
263.0 110.0 
200.0 112.0 
190.0 127.0 
188.0 128.0 
153.0 201.0 
154.0 185.0 
168.0 152.0 
172.0 140.0 
180.0 131.0 
179.0 138.0 
292.0 108.0 
303.0 107.0 
203.0 123.0 
204.0 114.0 
225.0 112.0 
201.0 127.0 
189.0 129.0 
159.0 203.0 
171.0 152.0 
168.0 157.0 
188.0 139.0 
179.0 140.0 
299.0 108.0 
305.0 107.0 
214.0 114.0 
206.0 115.0 
265.0 112.0 
229.0 113.0 
190.0 132.0 
163.0 212.0 
173.0 156.0 
333.0 109.0 
170.0 218.0 
231.0 115.0 
174.0 172.0 
177.0 157.0 
180.0 140.0 
