152.0 78.0 
149.0 82.0 
182.0 57.0 
123.0 89.0 
115.0 177.0 
132.0 84.0 
167.0 64.0 
157.0 80.0 
156.0 83.0 
183.0 57.0 
123.0 136.0 
130.0 122.0 
130.0 122.0 
131.0 92.0 
119.0 205.0 
122.0 186.0 
144.0 91.0 
154.0 85.0 
154.0 85.0 
154.0 85.0 
154.0 85.0 
176.0 72.0 
170.0 76.0 
157.0 83.0 
185.0 62.0 
126.0 161.0 
139.0 102.0 
139.0 102.0 
134.0 118.0 
141.0 94.0 
134.0 118.0 
141.0 94.0 
132.0 143.0 
134.0 118.0 
124.0 214.0 
154.0 87.0 
177.0 73.0 
174.0 82.0 
174.0 82.0 
160.0 84.0 
160.0 84.0 
198.0 63.0 
186.0 64.0 
126.0 188.0 
126.0 188.0 
126.0 188.0 
126.0 188.0 
128.0 184.0 
143.0 114.0 
143.0 114.0 
148.0 105.0 
150.0 99.0 
133.0 163.0 
139.0 120.0 
134.0 127.0 
142.0 118.0 
134.0 127.0 
156.0 94.0 
183.0 81.0 
181.0 83.0 
181.0 83.0 
181.0 83.0 
181.0 83.0 
160.0 87.0 
171.0 85.0 
160.0 87.0 
171.0 85.0 
176.0 84.0 
190.0 72.0 
187.0 75.0 
192.0 66.0 
126.0 209.0 
132.0 188.0 
128.0 192.0 
144.0 115.0 
145.0 114.0 
152.0 108.0 
153.0 106.0 
154.0 105.0 
155.0 100.0 
134.0 128.0 
134.0 128.0 
183.0 83.0 
194.0 66.0 
127.0 214.0 
132.0 189.0 
134.0 131.0 
170.0 88.0 
136.0 128.0 
130.0 193.0 
178.0 85.0 
144.0 117.0 
184.0 83.0 
162.0 92.0 
155.0 102.0 
161.0 99.0 
146.0 115.0 
152.0 111.0 
190.0 79.0 
192.0 78.0 
