12.0 15.0 
17.0 11.0 
17.0 11.0 
22.0 10.0 
24.0 4.0 
14.0 20.0 
13.0 21.0 
17.0 12.0 
24.0 8.0 
52.0 6.0 
52.0 6.0 
24.0 8.0 
24.0 8.0 
13.0 22.0 
14.0 21.0 
18.0 14.0 
22.0 12.0 
25.0 8.0 
13.0 23.0 
21.0 14.0 
18.0 21.0 
19.0 15.0 
28.0 8.0 
26.0 9.0 
26.0 9.0 
25.0 13.0 
25.0 13.0 
14.0 26.0 
17.0 23.0 
14.0 26.0 
16.0 25.0 
14.0 26.0 
19.0 16.0 
21.0 15.0 
55.0 8.0 
26.0 10.0 
33.0 9.0 
18.0 23.0 
14.0 27.0 
14.0 27.0 
14.0 27.0 
19.0 18.0 
21.0 17.0 
23.0 16.0 
30.0 10.0 
30.0 10.0 
26.0 11.0 
34.0 9.0 
34.0 9.0 
34.0 9.0 
18.0 26.0 
14.0 28.0 
14.0 28.0 
14.0 28.0 
20.0 21.0 
21.0 19.0 
24.0 16.0 
31.0 10.0 
27.0 12.0 
29.0 11.0 
26.0 15.0 
59.0 9.0 
59.0 9.0 
59.0 9.0 
16.0 28.0 
14.0 31.0 
14.0 31.0 
20.0 24.0 
20.0 24.0 
22.0 19.0 
22.0 19.0 
21.0 20.0 
25.0 16.0 
24.0 18.0 
35.0 10.0 
35.0 10.0 
35.0 10.0 
27.0 14.0 
28.0 12.0 
28.0 12.0 
30.0 11.0 
16.0 29.0 
16.0 29.0 
61.0 10.0 
61.0 10.0 
33.0 11.0 
27.0 15.0 
22.0 21.0 
20.0 27.0 
29.0 12.0 
25.0 18.0 
28.0 13.0 
17.0 28.0 
21.0 24.0 
21.0 24.0 
23.0 19.0 
25.0 18.0 
23.0 19.0 
61.0 10.0 
61.0 10.0 
