55.0 54.0 
85.0 44.0 
82.0 45.0 
64.0 52.0 
98.0 37.0 
51.0 61.0 
113.0 34.0 
54.0 55.0 
67.0 50.0 
118.0 27.0 
72.0 47.0 
54.0 55.0 
146.0 26.0 
97.0 40.0 
52.0 60.0 
110.0 36.0 
78.0 46.0 
56.0 54.0 
88.0 44.0 
86.0 45.0 
66.0 53.0 
99.0 38.0 
98.0 39.0 
99.0 38.0 
106.0 37.0 
51.0 62.0 
71.0 50.0 
67.0 51.0 
122.0 30.0 
123.0 29.0 
127.0 28.0 
118.0 34.0 
76.0 47.0 
72.0 48.0 
147.0 26.0 
147.0 26.0 
97.0 41.0 
97.0 41.0 
55.0 60.0 
116.0 36.0 
58.0 55.0 
61.0 54.0 
58.0 55.0 
56.0 58.0 
56.0 58.0 
56.0 58.0 
89.0 44.0 
89.0 44.0 
89.0 44.0 
87.0 45.0 
99.0 40.0 
108.0 37.0 
52.0 62.0 
69.0 51.0 
67.0 53.0 
68.0 52.0 
67.0 53.0 
67.0 53.0 
122.0 31.0 
122.0 31.0 
124.0 29.0 
141.0 28.0 
121.0 34.0 
119.0 35.0 
79.0 47.0 
76.0 48.0 
74.0 50.0 
74.0 50.0 
148.0 26.0 
98.0 43.0 
117.0 36.0 
52.0 66.0 
150.0 27.0 
150.0 27.0 
130.0 33.0 
140.0 30.0 
90.0 44.0 
102.0 42.0 
78.0 49.0 
113.0 37.0 
143.0 28.0 
57.0 58.0 
62.0 54.0 
109.0 39.0 
54.0 63.0 
122.0 34.0 
56.0 62.0 
88.0 46.0 
104.0 40.0 
82.0 47.0 
69.0 52.0 
120.0 36.0 
72.0 51.0 
72.0 51.0 
69.0 52.0 
58.0 56.0 
89.0 45.0 
103.0 41.0 
82.0 47.0 
60.0 55.0 
