9.0 6.0 
17.0 5.0 
9.0 7.0 
9.0 7.0 
9.0 7.0 
11.0 6.0 
18.0 5.0 
18.0 5.0 
18.0 5.0 
18.0 5.0 
18.0 5.0 
9.0 8.0 
10.0 7.0 
13.0 6.0 
13.0 6.0 
21.0 5.0 
11.0 7.0 
10.0 10.0 
11.0 7.0 
11.0 7.0 
11.0 7.0 
14.0 6.0 
25.0 5.0 
10.0 11.0 
10.0 11.0 
10.0 11.0 
10.0 11.0 
10.0 11.0 
11.0 8.0 
11.0 8.0 
11.0 8.0 
12.0 7.0 
11.0 8.0 
11.0 8.0 
11.0 8.0 
11.0 8.0 
12.0 7.0 
16.0 6.0 
16.0 6.0 
27.0 5.0 
10.0 12.0 
10.0 12.0 
11.0 9.0 
11.0 9.0 
11.0 9.0 
13.0 7.0 
13.0 7.0 
12.0 8.0 
12.0 8.0 
13.0 7.0 
12.0 8.0 
12.0 8.0 
12.0 8.0 
17.0 6.0 
29.0 5.0 
11.0 10.0 
11.0 10.0 
16.0 7.0 
13.0 8.0 
12.0 9.0 
13.0 8.0 
12.0 9.0 
12.0 9.0 
13.0 8.0 
12.0 9.0 
18.0 6.0 
18.0 6.0 
18.0 6.0 
18.0 6.0 
31.0 5.0 
31.0 5.0 
31.0 5.0 
11.0 12.0 
11.0 12.0 
11.0 12.0 
17.0 7.0 
15.0 8.0 
13.0 9.0 
12.0 10.0 
12.0 10.0 
19.0 6.0 
19.0 6.0 
11.0 13.0 
11.0 13.0 
11.0 13.0 
11.0 13.0 
18.0 7.0 
18.0 7.0 
18.0 7.0 
18.0 7.0 
17.0 8.0 
15.0 9.0 
13.0 10.0 
12.0 11.0 
20.0 6.0 
20.0 6.0 
11.0 14.0 
21.0 6.0 
21.0 6.0 
17.0 9.0 
