96.0 40.0 
131.0 38.0 
116.0 39.0 
65.0 48.0 
131.0 38.0 
97.0 45.0 
114.0 42.0 
97.0 45.0 
120.0 39.0 
120.0 39.0 
74.0 62.0 
68.0 63.0 
85.0 50.0 
74.0 62.0 
179.0 38.0 
117.0 42.0 
101.0 48.0 
113.0 45.0 
101.0 48.0 
113.0 45.0 
90.0 55.0 
88.0 68.0 
74.0 94.0 
76.0 71.0 
240.0 40.0 
179.0 41.0 
179.0 41.0 
119.0 44.0 
119.0 44.0 
123.0 43.0 
119.0 44.0 
123.0 43.0 
119.0 44.0 
110.0 51.0 
107.0 53.0 
114.0 48.0 
94.0 61.0 
96.0 55.0 
76.0 87.0 
82.0 80.0 
90.0 76.0 
254.0 41.0 
122.0 46.0 
139.0 44.0 
114.0 49.0 
94.0 63.0 
110.0 56.0 
84.0 82.0 
136.0 46.0 
135.0 47.0 
144.0 45.0 
173.0 44.0 
121.0 50.0 
128.0 49.0 
96.0 67.0 
104.0 66.0 
96.0 67.0 
94.0 69.0 
111.0 60.0 
115.0 59.0 
88.0 85.0 
84.0 95.0 
87.0 92.0 
143.0 46.0 
231.0 44.0 
123.0 55.0 
124.0 51.0 
133.0 50.0 
109.0 66.0 
104.0 67.0 
103.0 69.0 
95.0 72.0 
111.0 63.0 
115.0 60.0 
88.0 89.0 
158.0 48.0 
238.0 47.0 
250.0 45.0 
126.0 54.0 
127.0 52.0 
126.0 54.0 
135.0 51.0 
106.0 69.0 
96.0 79.0 
102.0 77.0 
104.0 75.0 
111.0 67.0 
116.0 63.0 
121.0 62.0 
116.0 63.0 
88.0 92.0 
91.0 89.0 
285.0 46.0 
90.0 105.0 
179.0 48.0 
91.0 97.0 
97.0 87.0 
127.0 56.0 
179.0 48.0 
106.0 78.0 
