1853.0 623.0 
1856.0 622.0 
1853.0 623.0 
1933.0 596.0 
1853.0 623.0 
1932.0 601.0 
1856.0 622.0 
1856.0 622.0 
1805.0 651.0 
1853.0 623.0 
1853.0 623.0 
1881.0 618.0 
1853.0 623.0 
1790.0 659.0 
1933.0 596.0 
1856.0 622.0 
1881.0 618.0 
1928.0 605.0 
1894.0 611.0 
1897.0 610.0 
1853.0 623.0 
1837.0 628.0 
1867.0 619.0 
1884.0 615.0 
1853.0 623.0 
1933.0 596.0 
1932.0 601.0 
1881.0 618.0 
1853.0 623.0 
1862.0 620.0 
1916.0 608.0 
1894.0 611.0 
1796.0 656.0 
1790.0 659.0 
1853.0 623.0 
1888.0 613.0 
1808.0 650.0 
1853.0 623.0 
1881.0 618.0 
1856.0 622.0 
1853.0 623.0 
1806.0 651.0 
1806.0 651.0 
1928.0 606.0 
1900.0 610.0 
1838.0 642.0 
1838.0 642.0 
1842.0 630.0 
1843.0 629.0 
1843.0 629.0 
1878.0 619.0 
1878.0 619.0 
1935.0 600.0 
1936.0 599.0 
1935.0 600.0 
1932.0 604.0 
1932.0 604.0 
1932.0 604.0 
1932.0 604.0 
1932.0 604.0 
1932.0 604.0 
1932.0 604.0 
1932.0 604.0 
1932.0 604.0 
1932.0 604.0 
1932.0 604.0 
1932.0 604.0 
1932.0 604.0 
1932.0 604.0 
1932.0 604.0 
1932.0 604.0 
1933.0 602.0 
1932.0 604.0 
1932.0 604.0 
1932.0 604.0 
1862.0 621.0 
1864.0 620.0 
1862.0 621.0 
1919.0 608.0 
1919.0 608.0 
1919.0 608.0 
1916.0 609.0 
1919.0 608.0 
1919.0 608.0 
1919.0 608.0 
1916.0 609.0 
1796.0 657.0 
1793.0 659.0 
1793.0 659.0 
1888.0 615.0 
1891.0 614.0 
1891.0 614.0 
1891.0 614.0 
1891.0 614.0 
1894.0 613.0 
1818.0 650.0 
1861.0 622.0 
1853.0 624.0 
1858.0 623.0 
1944.0 600.0 
