78.0 48.0 
61.0 51.0 
78.0 48.0 
82.0 47.0 
109.0 32.0 
125.0 30.0 
54.0 55.0 
49.0 57.0 
67.0 49.0 
126.0 27.0 
187.0 26.0 
78.0 48.0 
95.0 38.0 
56.0 52.0 
108.0 33.0 
87.0 43.0 
113.0 31.0 
50.0 56.0 
106.0 36.0 
84.0 47.0 
84.0 47.0 
68.0 50.0 
68.0 50.0 
172.0 27.0 
127.0 28.0 
82.0 48.0 
79.0 49.0 
97.0 39.0 
95.0 42.0 
59.0 53.0 
59.0 53.0 
59.0 53.0 
56.0 54.0 
59.0 53.0 
60.0 52.0 
56.0 54.0 
111.0 34.0 
87.0 46.0 
89.0 45.0 
125.0 31.0 
125.0 31.0 
123.0 33.0 
51.0 60.0 
52.0 58.0 
55.0 56.0 
50.0 61.0 
108.0 38.0 
108.0 38.0 
85.0 47.0 
69.0 51.0 
175.0 27.0 
127.0 30.0 
135.0 28.0 
83.0 49.0 
83.0 49.0 
83.0 49.0 
98.0 40.0 
98.0 40.0 
104.0 39.0 
97.0 42.0 
63.0 52.0 
63.0 52.0 
62.0 53.0 
57.0 54.0 
111.0 35.0 
112.0 34.0 
112.0 34.0 
112.0 34.0 
93.0 45.0 
126.0 31.0 
126.0 31.0 
126.0 31.0 
125.0 33.0 
52.0 60.0 
54.0 58.0 
52.0 60.0 
109.0 38.0 
183.0 27.0 
53.0 61.0 
53.0 61.0 
146.0 28.0 
84.0 50.0 
117.0 35.0 
126.0 33.0 
112.0 36.0 
63.0 53.0 
99.0 41.0 
71.0 51.0 
56.0 58.0 
103.0 40.0 
108.0 39.0 
135.0 29.0 
97.0 44.0 
86.0 48.0 
71.0 51.0 
128.0 30.0 
135.0 29.0 
60.0 54.0 
94.0 46.0 
97.0 44.0 
