97.0 44.0 
108.0 39.0 
98.0 40.0 
108.0 39.0 
135.0 29.0 
97.0 44.0 
125.0 31.0 
127.0 30.0 
135.0 29.0 
147.0 28.0 
52.0 60.0 
78.0 48.0 
57.0 54.0 
172.0 27.0 
59.0 53.0 
111.0 35.0 
125.0 31.0 
61.0 51.0 
78.0 48.0 
87.0 46.0 
82.0 47.0 
102.0 42.0 
105.0 40.0 
105.0 40.0 
100.0 43.0 
99.0 44.0 
128.0 30.0 
128.0 30.0 
55.0 60.0 
55.0 60.0 
54.0 61.0 
58.0 56.0 
58.0 56.0 
57.0 59.0 
57.0 59.0 
58.0 56.0 
183.0 27.0 
174.0 29.0 
174.0 29.0 
60.0 54.0 
60.0 54.0 
60.0 54.0 
117.0 35.0 
114.0 37.0 
126.0 31.0 
71.0 51.0 
71.0 51.0 
63.0 53.0 
71.0 51.0 
94.0 46.0 
94.0 46.0 
83.0 49.0 
83.0 49.0 
86.0 48.0 
91.0 47.0 
83.0 49.0 
106.0 41.0 
105.0 42.0 
102.0 43.0 
99.0 45.0 
131.0 30.0 
131.0 30.0 
54.0 62.0 
59.0 56.0 
182.0 29.0 
60.0 55.0 
60.0 55.0 
60.0 55.0 
118.0 35.0 
115.0 38.0 
127.0 31.0 
126.0 33.0 
69.0 53.0 
73.0 52.0 
76.0 51.0 
96.0 46.0 
96.0 46.0 
87.0 48.0 
135.0 30.0 
54.0 63.0 
54.0 63.0 
80.0 51.0 
91.0 48.0 
113.0 41.0 
119.0 37.0 
103.0 43.0 
99.0 46.0 
59.0 60.0 
107.0 42.0 
65.0 55.0 
132.0 31.0 
71.0 54.0 
96.0 47.0 
61.0 57.0 
71.0 54.0 
121.0 36.0 
126.0 34.0 
58.0 62.0 
62.0 56.0 
129.0 33.0 
