93.0 50.0 
106.0 47.0 
137.0 29.0 
121.0 42.0 
98.0 49.0 
84.0 54.0 
51.0 61.0 
111.0 45.0 
66.0 55.0 
89.0 51.0 
58.0 56.0 
125.0 30.0 
107.0 47.0 
99.0 50.0 
87.0 54.0 
54.0 63.0 
113.0 46.0 
68.0 55.0 
64.0 56.0 
60.0 57.0 
60.0 57.0 
136.0 32.0 
125.0 40.0 
128.0 35.0 
136.0 32.0 
220.0 31.0 
134.0 33.0 
112.0 48.0 
100.0 50.0 
99.0 54.0 
59.0 63.0 
56.0 65.0 
119.0 46.0 
75.0 55.0 
61.0 60.0 
64.0 57.0 
128.0 40.0 
132.0 39.0 
140.0 32.0 
231.0 31.0 
137.0 34.0 
137.0 34.0 
138.0 33.0 
134.0 38.0 
112.0 49.0 
103.0 53.0 
105.0 50.0 
57.0 66.0 
59.0 65.0 
126.0 48.0 
92.0 56.0 
63.0 62.0 
67.0 57.0 
130.0 41.0 
128.0 46.0 
220.0 32.0 
220.0 32.0 
137.0 37.0 
141.0 33.0 
136.0 40.0 
104.0 54.0 
104.0 54.0 
105.0 51.0 
119.0 50.0 
60.0 65.0 
94.0 56.0 
65.0 64.0 
75.0 59.0 
81.0 57.0 
132.0 41.0 
129.0 46.0 
143.0 33.0 
140.0 40.0 
110.0 53.0 
111.0 51.0 
108.0 55.0 
110.0 53.0 
62.0 71.0 
100.0 56.0 
71.0 64.0 
68.0 65.0 
65.0 69.0 
80.0 63.0 
81.0 59.0 
95.0 58.0 
134.0 41.0 
133.0 42.0 
129.0 50.0 
144.0 34.0 
145.0 33.0 
68.0 70.0 
68.0 70.0 
152.0 33.0 
152.0 33.0 
82.0 59.0 
131.0 50.0 
101.0 57.0 
112.0 51.0 
133.0 45.0 
106.0 56.0 
