104.0 48.0 
90.0 79.0 
97.0 51.0 
108.0 42.0 
95.0 67.0 
94.0 70.0 
104.0 48.0 
89.0 91.0 
108.0 42.0 
91.0 82.0 
98.0 52.0 
95.0 80.0 
95.0 80.0 
95.0 80.0 
95.0 80.0 
96.0 75.0 
97.0 72.0 
95.0 80.0 
104.0 51.0 
104.0 51.0 
104.0 51.0 
104.0 51.0 
104.0 51.0 
109.0 43.0 
91.0 83.0 
101.0 56.0 
100.0 61.0 
103.0 54.0 
96.0 77.0 
97.0 75.0 
106.0 51.0 
106.0 51.0 
106.0 51.0 
105.0 52.0 
112.0 43.0 
110.0 46.0 
109.0 47.0 
112.0 43.0 
92.0 83.0 
91.0 91.0 
102.0 63.0 
102.0 63.0 
100.0 74.0 
102.0 63.0 
104.0 55.0 
96.0 78.0 
97.0 77.0 
106.0 54.0 
106.0 54.0 
106.0 54.0 
107.0 52.0 
109.0 50.0 
110.0 48.0 
116.0 45.0 
92.0 84.0 
104.0 57.0 
104.0 57.0 
96.0 80.0 
97.0 79.0 
98.0 78.0 
107.0 53.0 
110.0 50.0 
110.0 50.0 
117.0 46.0 
92.0 85.0 
104.0 61.0 
97.0 80.0 
101.0 78.0 
98.0 79.0 
109.0 54.0 
108.0 55.0 
108.0 55.0 
112.0 50.0 
111.0 51.0 
110.0 53.0 
124.0 48.0 
92.0 88.0 
92.0 88.0 
92.0 88.0 
92.0 88.0 
93.0 86.0 
105.0 65.0 
106.0 64.0 
105.0 65.0 
104.0 71.0 
98.0 82.0 
100.0 79.0 
98.0 82.0 
108.0 56.0 
109.0 55.0 
115.0 50.0 
112.0 51.0 
140.0 48.0 
124.0 49.0 
92.0 91.0 
92.0 91.0 
125.0 49.0 
119.0 50.0 
109.0 58.0 
107.0 64.0 
