148.0 81.0 
149.0 76.0 
191.0 73.0 
144.0 90.0 
181.0 74.0 
150.0 82.0 
157.0 79.0 
163.0 77.0 
149.0 84.0 
184.0 74.0 
153.0 83.0 
169.0 77.0 
169.0 77.0 
163.0 82.0 
165.0 79.0 
150.0 96.0 
152.0 91.0 
195.0 74.0 
187.0 76.0 
157.0 86.0 
157.0 86.0 
162.0 85.0 
154.0 88.0 
186.0 77.0 
170.0 78.0 
165.0 80.0 
150.0 102.0 
153.0 95.0 
196.0 75.0 
158.0 87.0 
154.0 90.0 
156.0 89.0 
187.0 77.0 
172.0 78.0 
171.0 80.0 
170.0 82.0 
166.0 84.0 
168.0 83.0 
152.0 107.0 
150.0 119.0 
202.0 76.0 
159.0 88.0 
154.0 92.0 
155.0 91.0 
190.0 77.0 
175.0 78.0 
171.0 81.0 
171.0 81.0 
166.0 86.0 
167.0 85.0 
168.0 84.0 
152.0 112.0 
208.0 76.0 
165.0 89.0 
161.0 90.0 
154.0 93.0 
195.0 77.0 
195.0 77.0 
184.0 79.0 
184.0 79.0 
188.0 78.0 
179.0 80.0 
176.0 81.0 
172.0 82.0 
169.0 84.0 
152.0 120.0 
152.0 120.0 
152.0 120.0 
162.0 91.0 
162.0 91.0 
157.0 93.0 
156.0 101.0 
155.0 115.0 
155.0 115.0 
204.0 77.0 
190.0 79.0 
195.0 78.0 
189.0 80.0 
189.0 80.0 
177.0 81.0 
172.0 83.0 
172.0 83.0 
171.0 87.0 
166.0 92.0 
166.0 92.0 
166.0 92.0 
162.0 94.0 
163.0 93.0 
157.0 96.0 
163.0 93.0 
156.0 113.0 
194.0 79.0 
199.0 78.0 
192.0 80.0 
189.0 81.0 
177.0 82.0 
174.0 83.0 
172.0 85.0 
160.0 96.0 
160.0 96.0 
