103.0 33.0 
103.0 33.0 
103.0 33.0 
103.0 33.0 
103.0 33.0 
81.0 35.0 
103.0 33.0 
103.0 33.0 
103.0 33.0 
81.0 36.0 
105.0 35.0 
105.0 35.0 
105.0 35.0 
105.0 35.0 
105.0 35.0 
81.0 37.0 
87.0 36.0 
81.0 37.0 
87.0 36.0 
81.0 37.0 
87.0 36.0 
81.0 37.0 
87.0 36.0 
81.0 37.0 
87.0 36.0 
87.0 36.0 
87.0 36.0 
87.0 36.0 
87.0 36.0 
87.0 36.0 
87.0 36.0 
87.0 36.0 
87.0 36.0 
87.0 36.0 
87.0 36.0 
87.0 36.0 
87.0 36.0 
87.0 36.0 
87.0 36.0 
87.0 36.0 
87.0 36.0 
87.0 36.0 
87.0 36.0 
87.0 36.0 
87.0 36.0 
87.0 36.0 
87.0 36.0 
87.0 36.0 
87.0 36.0 
87.0 36.0 
87.0 36.0 
87.0 36.0 
87.0 36.0 
87.0 36.0 
87.0 36.0 
87.0 36.0 
87.0 36.0 
87.0 36.0 
87.0 36.0 
87.0 36.0 
87.0 36.0 
87.0 36.0 
87.0 36.0 
87.0 36.0 
87.0 36.0 
87.0 36.0 
87.0 36.0 
87.0 36.0 
87.0 36.0 
87.0 36.0 
87.0 36.0 
87.0 36.0 
87.0 36.0 
87.0 36.0 
87.0 36.0 
87.0 36.0 
87.0 36.0 
87.0 36.0 
87.0 36.0 
87.0 36.0 
87.0 36.0 
87.0 36.0 
87.0 36.0 
87.0 36.0 
87.0 36.0 
87.0 36.0 
87.0 36.0 
87.0 36.0 
87.0 36.0 
87.0 36.0 
87.0 36.0 
87.0 36.0 
87.0 36.0 
87.0 36.0 
87.0 36.0 
87.0 36.0 
87.0 36.0 
87.0 36.0 
87.0 36.0 
87.0 36.0 
