114.0 39.0 
114.0 39.0 
94.0 40.0 
114.0 39.0 
114.0 39.0 
114.0 39.0 
114.0 39.0 
114.0 39.0 
95.0 41.0 
116.0 39.0 
116.0 39.0 
96.0 40.0 
96.0 40.0 
96.0 40.0 
96.0 40.0 
96.0 40.0 
96.0 40.0 
96.0 40.0 
96.0 40.0 
96.0 40.0 
96.0 40.0 
96.0 40.0 
96.0 40.0 
96.0 40.0 
96.0 40.0 
96.0 40.0 
96.0 40.0 
96.0 40.0 
96.0 40.0 
96.0 40.0 
96.0 40.0 
96.0 40.0 
96.0 40.0 
96.0 40.0 
96.0 40.0 
96.0 40.0 
96.0 40.0 
96.0 40.0 
96.0 40.0 
96.0 40.0 
96.0 40.0 
96.0 40.0 
96.0 40.0 
96.0 40.0 
96.0 40.0 
96.0 40.0 
96.0 40.0 
96.0 40.0 
96.0 40.0 
96.0 40.0 
96.0 40.0 
96.0 40.0 
96.0 40.0 
96.0 40.0 
96.0 40.0 
96.0 40.0 
96.0 40.0 
96.0 40.0 
96.0 40.0 
96.0 40.0 
96.0 40.0 
96.0 40.0 
96.0 40.0 
96.0 40.0 
96.0 40.0 
96.0 40.0 
96.0 40.0 
96.0 40.0 
96.0 40.0 
96.0 40.0 
96.0 40.0 
96.0 40.0 
96.0 40.0 
96.0 40.0 
96.0 40.0 
96.0 40.0 
96.0 40.0 
96.0 40.0 
96.0 40.0 
96.0 40.0 
96.0 40.0 
96.0 40.0 
96.0 40.0 
96.0 40.0 
96.0 40.0 
96.0 40.0 
96.0 40.0 
96.0 40.0 
96.0 40.0 
96.0 40.0 
96.0 40.0 
96.0 40.0 
96.0 40.0 
96.0 40.0 
96.0 40.0 
96.0 40.0 
96.0 40.0 
96.0 40.0 
96.0 40.0 
96.0 40.0 
