46.0 54.0 
122.0 25.0 
122.0 25.0 
46.0 54.0 
59.0 45.0 
69.0 40.0 
58.0 48.0 
53.0 49.0 
51.0 50.0 
77.0 39.0 
64.0 42.0 
63.0 44.0 
115.0 27.0 
109.0 28.0 
69.0 40.0 
49.0 52.0 
109.0 28.0 
86.0 36.0 
105.0 29.0 
82.0 37.0 
90.0 35.0 
101.0 30.0 
105.0 29.0 
82.0 37.0 
118.0 26.0 
78.0 38.0 
86.0 36.0 
64.0 42.0 
118.0 26.0 
93.0 34.0 
90.0 35.0 
115.0 27.0 
101.0 30.0 
97.0 32.0 
99.0 31.0 
95.0 33.0 
47.0 53.0 
93.0 34.0 
49.0 52.0 
95.0 33.0 
99.0 31.0 
97.0 32.0 
78.0 38.0 
47.0 53.0 
63.0 44.0 
58.0 48.0 
77.0 39.0 
46.0 54.0 
122.0 25.0 
109.0 28.0 
82.0 37.0 
86.0 36.0 
105.0 29.0 
64.0 42.0 
118.0 26.0 
115.0 27.0 
101.0 30.0 
95.0 33.0 
99.0 31.0 
93.0 34.0 
49.0 52.0 
97.0 32.0 
78.0 38.0 
47.0 53.0 
77.0 39.0 
58.0 48.0 
122.0 25.0 
46.0 54.0 
109.0 28.0 
82.0 37.0 
86.0 36.0 
105.0 29.0 
118.0 26.0 
115.0 27.0 
101.0 30.0 
97.0 32.0 
93.0 34.0 
49.0 52.0 
99.0 31.0 
95.0 33.0 
64.0 42.0 
78.0 38.0 
77.0 39.0 
58.0 48.0 
122.0 25.0 
46.0 54.0 
109.0 28.0 
86.0 36.0 
105.0 29.0 
82.0 37.0 
118.0 26.0 
115.0 27.0 
101.0 30.0 
95.0 33.0 
49.0 52.0 
99.0 31.0 
97.0 32.0 
93.0 34.0 
77.0 39.0 
58.0 48.0 
