873.0 186.0 
884.0 184.0 
1042.0 159.0 
939.0 180.0 
838.0 187.0 
1019.0 160.0 
838.0 187.0 
939.0 180.0 
404.0 226.0 
1761.0 134.0 
749.0 191.0 
884.0 184.0 
682.0 195.0 
388.0 231.0 
749.0 191.0 
687.0 192.0 
1433.0 146.0 
1786.0 131.0 
969.0 170.0 
410.0 207.0 
1342.0 156.0 
326.0 252.0 
1491.0 141.0 
1787.0 130.0 
1019.0 160.0 
353.0 234.0 
497.0 199.0 
412.0 206.0 
1786.0 131.0 
1341.0 157.0 
1051.0 159.0 
1051.0 159.0 
860.0 190.0 
952.0 182.0 
409.0 230.0 
409.0 230.0 
884.0 186.0 
884.0 186.0 
949.0 185.0 
389.0 232.0 
389.0 232.0 
839.0 191.0 
689.0 192.0 
1441.0 149.0 
984.0 177.0 
1002.0 172.0 
971.0 179.0 
326.0 254.0 
344.0 253.0 
326.0 254.0 
1621.0 145.0 
1621.0 145.0 
1758.0 143.0 
1563.0 147.0 
1788.0 130.0 
1020.0 161.0 
1021.0 160.0 
364.0 235.0 
364.0 235.0 
523.0 203.0 
545.0 202.0 
546.0 199.0 
503.0 205.0 
519.0 204.0 
481.0 207.0 
428.0 221.0 
428.0 221.0 
450.0 215.0 
419.0 227.0 
433.0 216.0 
481.0 207.0 
477.0 209.0 
1402.0 157.0 
334.0 286.0 
1789.0 131.0 
1789.0 131.0 
1025.0 161.0 
1408.0 157.0 
335.0 257.0 
466.0 227.0 
1515.0 149.0 
1672.0 148.0 
846.0 192.0 
1020.0 172.0 
694.0 193.0 
386.0 239.0 
628.0 201.0 
958.0 188.0 
532.0 203.0 
493.0 207.0 
891.0 189.0 
474.0 217.0 
1736.0 146.0 
973.0 180.0 
1788.0 137.0 
345.0 253.0 
368.0 248.0 
473.0 220.0 
667.0 199.0 
369.0 244.0 
