488.0 215.0 
488.0 215.0 
447.0 218.0 
688.0 185.0 
355.0 274.0 
1521.0 155.0 
513.0 199.0 
687.0 187.0 
661.0 191.0 
447.0 218.0 
661.0 191.0 
488.0 215.0 
468.0 217.0 
1782.0 144.0 
493.0 214.0 
355.0 274.0 
513.0 199.0 
500.0 211.0 
1002.0 174.0 
385.0 258.0 
1253.0 158.0 
1791.0 140.0 
666.0 189.0 
661.0 191.0 
687.0 187.0 
658.0 192.0 
790.0 177.0 
1002.0 174.0 
355.0 274.0 
410.0 245.0 
1466.0 157.0 
661.0 191.0 
355.0 274.0 
1002.0 174.0 
1576.0 147.0 
526.0 193.0 
1783.0 141.0 
508.0 204.0 
1707.0 146.0 
413.0 243.0 
1782.0 144.0 
894.0 176.0 
488.0 215.0 
1813.0 137.0 
1576.0 147.0 
1466.0 157.0 
687.0 187.0 
397.0 252.0 
421.0 223.0 
488.0 215.0 
1535.0 152.0 
1058.0 168.0 
357.0 261.0 
1813.0 140.0 
360.0 280.0 
558.0 194.0 
667.0 191.0 
1030.0 174.0 
826.0 180.0 
428.0 233.0 
1254.0 167.0 
420.0 250.0 
1654.0 149.0 
525.0 199.0 
510.0 205.0 
448.0 219.0 
949.0 178.0 
1335.0 165.0 
744.0 186.0 
1496.0 157.0 
1554.0 153.0 
797.0 182.0 
1607.0 150.0 
1808.0 144.0 
381.0 265.0 
1163.0 168.0 
1417.0 160.0 
1121.0 173.0 
490.0 215.0 
501.0 212.0 
1745.0 147.0 
371.0 275.0 
387.0 258.0 
436.0 225.0 
1417.0 160.0 
957.0 176.0 
1323.0 166.0 
1524.0 156.0 
435.0 229.0 
698.0 187.0 
1745.0 147.0 
405.0 256.0 
418.0 253.0 
375.0 270.0 
375.0 270.0 
428.0 233.0 
1135.0 172.0 
698.0 187.0 
420.0 250.0 
1148.0 171.0 
