412.0 177.0 
412.0 177.0 
426.0 171.0 
386.0 183.0 
312.0 248.0 
324.0 242.0 
367.0 192.0 
1719.0 107.0 
561.0 156.0 
1328.0 120.0 
896.0 140.0 
1660.0 109.0 
1328.0 120.0 
332.0 229.0 
762.0 146.0 
1086.0 125.0 
547.0 158.0 
789.0 144.0 
530.0 160.0 
316.0 245.0 
386.0 183.0 
324.0 242.0 
925.0 134.0 
437.0 165.0 
1393.0 116.0 
1049.0 129.0 
326.0 232.0 
1328.0 120.0 
1749.0 101.0 
325.0 234.0 
1605.0 111.0 
1086.0 125.0 
342.0 195.0 
386.0 183.0 
382.0 185.0 
704.0 153.0 
717.0 147.0 
1141.0 124.0 
1086.0 125.0 
589.0 155.0 
530.0 160.0 
433.0 167.0 
338.0 219.0 
808.0 141.0 
419.0 176.0 
1086.0 125.0 
1328.0 120.0 
1660.0 109.0 
332.0 229.0 
313.0 249.0 
313.0 249.0 
1760.0 102.0 
1760.0 102.0 
335.0 232.0 
1337.0 122.0 
349.0 213.0 
599.0 155.0 
1498.0 116.0 
830.0 141.0 
338.0 220.0 
1648.0 115.0 
350.0 198.0 
327.0 246.0 
1401.0 118.0 
934.0 139.0 
386.0 185.0 
1157.0 128.0 
705.0 154.0 
419.0 183.0 
1059.0 129.0 
551.0 160.0 
480.0 165.0 
1213.0 124.0 
1031.0 136.0 
951.0 137.0 
426.0 174.0 
367.0 194.0 
530.0 162.0 
1465.0 117.0 
1719.0 108.0 
1674.0 110.0 
749.0 148.0 
1171.0 125.0 
1757.0 107.0 
791.0 145.0 
1660.0 113.0 
1054.0 134.0 
791.0 145.0 
1213.0 124.0 
435.0 172.0 
362.0 195.0 
438.0 169.0 
445.0 167.0 
740.0 150.0 
718.0 152.0 
735.0 151.0 
441.0 168.0 
1054.0 134.0 
445.0 167.0 
718.0 152.0 
