637.0 121.0 
315.0 168.0 
315.0 168.0 
1116.0 101.0 
872.0 109.0 
471.0 131.0 
1022.0 104.0 
1200.0 97.0 
872.0 109.0 
1022.0 104.0 
872.0 109.0 
1022.0 104.0 
1022.0 104.0 
1022.0 104.0 
1022.0 104.0 
1022.0 104.0 
637.0 121.0 
847.0 111.0 
1022.0 104.0 
928.0 105.0 
843.0 112.0 
795.0 113.0 
1022.0 104.0 
903.0 108.0 
1200.0 97.0 
1626.0 80.0 
1218.0 96.0 
1541.0 82.0 
1437.0 86.0 
328.0 151.0 
500.0 127.0 
368.0 135.0 
1332.0 91.0 
928.0 105.0 
843.0 112.0 
872.0 109.0 
872.0 109.0 
553.0 123.0 
315.0 168.0 
322.0 152.0 
1437.0 86.0 
1326.0 94.0 
1022.0 104.0 
924.0 106.0 
471.0 131.0 
336.0 141.0 
1022.0 104.0 
1031.0 103.0 
1332.0 91.0 
1350.0 89.0 
637.0 121.0 
1464.0 85.0 
1659.0 78.0 
1626.0 80.0 
329.0 142.0 
1350.0 89.0 
421.0 133.0 
1194.0 98.0 
287.0 170.0 
315.0 168.0 
315.0 168.0 
1022.0 104.0 
928.0 105.0 
637.0 121.0 
526.0 125.0 
1332.0 91.0 
272.0 200.0 
1031.0 103.0 
924.0 106.0 
471.0 131.0 
928.0 105.0 
315.0 168.0 
328.0 151.0 
1218.0 96.0 
843.0 112.0 
1332.0 91.0 
1406.0 87.0 
742.0 116.0 
766.0 115.0 
637.0 121.0 
637.0 121.0 
322.0 152.0 
1031.0 103.0 
1674.0 78.0 
1674.0 78.0 
273.0 200.0 
273.0 200.0 
1117.0 104.0 
322.0 153.0 
1334.0 95.0 
931.0 106.0 
556.0 123.0 
717.0 122.0 
315.0 170.0 
843.0 113.0 
1435.0 87.0 
331.0 144.0 
1443.0 86.0 
1627.0 83.0 
291.0 183.0 
