108.0 34.0 
57.0 54.0 
67.0 47.0 
57.0 54.0 
67.0 47.0 
58.0 50.0 
57.0 54.0 
68.0 46.0 
47.0 59.0 
57.0 54.0 
57.0 54.0 
67.0 47.0 
131.0 28.0 
66.0 48.0 
51.0 56.0 
84.0 41.0 
47.0 59.0 
68.0 46.0 
77.0 43.0 
51.0 56.0 
131.0 28.0 
57.0 54.0 
133.0 26.0 
48.0 58.0 
98.0 35.0 
57.0 54.0 
89.0 39.0 
121.0 30.0 
133.0 26.0 
48.0 58.0 
57.0 54.0 
77.0 43.0 
131.0 28.0 
51.0 56.0 
47.0 59.0 
109.0 32.0 
65.0 49.0 
110.0 31.0 
48.0 58.0 
47.0 59.0 
93.0 38.0 
67.0 47.0 
73.0 45.0 
73.0 45.0 
59.0 52.0 
62.0 51.0 
88.0 42.0 
69.0 46.0 
104.0 35.0 
99.0 37.0 
104.0 35.0 
101.0 36.0 
104.0 35.0 
89.0 40.0 
123.0 30.0 
135.0 26.0 
135.0 26.0 
135.0 26.0 
135.0 26.0 
58.0 54.0 
58.0 54.0 
58.0 54.0 
77.0 44.0 
79.0 43.0 
132.0 29.0 
132.0 29.0 
132.0 29.0 
132.0 29.0 
132.0 29.0 
134.0 28.0 
134.0 28.0 
134.0 28.0 
134.0 28.0 
134.0 28.0 
134.0 28.0 
134.0 28.0 
134.0 28.0 
134.0 28.0 
134.0 28.0 
134.0 28.0 
134.0 28.0 
134.0 28.0 
54.0 56.0 
54.0 56.0 
109.0 34.0 
117.0 31.0 
117.0 31.0 
111.0 32.0 
51.0 59.0 
49.0 61.0 
51.0 59.0 
51.0 59.0 
98.0 38.0 
95.0 39.0 
95.0 39.0 
67.0 48.0 
67.0 48.0 
75.0 45.0 
135.0 27.0 
135.0 27.0 
