1878.0 572.0 
1957.0 549.0 
1812.0 592.0 
1961.0 547.0 
1878.0 572.0 
1878.0 572.0 
1957.0 549.0 
1961.0 547.0 
1878.0 572.0 
1837.0 585.0 
1961.0 547.0 
1864.0 583.0 
1961.0 547.0 
1878.0 572.0 
1878.0 572.0 
1957.0 549.0 
1961.0 547.0 
1767.0 606.0 
1934.0 551.0 
1896.0 563.0 
1896.0 563.0 
1812.0 592.0 
1837.0 587.0 
1837.0 587.0 
1837.0 587.0 
1837.0 587.0 
1837.0 587.0 
1837.0 587.0 
1837.0 587.0 
1837.0 587.0 
1837.0 587.0 
1837.0 587.0 
1837.0 587.0 
1837.0 587.0 
1868.0 584.0 
1864.0 585.0 
1882.0 572.0 
1878.0 573.0 
1878.0 573.0 
1878.0 573.0 
1960.0 549.0 
1772.0 606.0 
1772.0 606.0 
1772.0 606.0 
1772.0 606.0 
1772.0 606.0 
1772.0 606.0 
1772.0 606.0 
1771.0 618.0 
1772.0 606.0 
1772.0 606.0 
1772.0 606.0 
1772.0 606.0 
1937.0 551.0 
1937.0 551.0 
1937.0 551.0 
1937.0 551.0 
1937.0 551.0 
1937.0 551.0 
1937.0 551.0 
1937.0 551.0 
1937.0 551.0 
1937.0 551.0 
1937.0 551.0 
1937.0 551.0 
1937.0 551.0 
1937.0 551.0 
1937.0 551.0 
1937.0 551.0 
1907.0 564.0 
1907.0 564.0 
1920.0 563.0 
1907.0 564.0 
1920.0 563.0 
1896.0 565.0 
1920.0 563.0 
1896.0 565.0 
1920.0 563.0 
1896.0 565.0 
1920.0 563.0 
1907.0 564.0 
1896.0 565.0 
1896.0 565.0 
1896.0 565.0 
1896.0 565.0 
1907.0 564.0 
1920.0 563.0 
1896.0 565.0 
1920.0 563.0 
1920.0 563.0 
1896.0 565.0 
1920.0 563.0 
1812.0 593.0 
1961.0 549.0 
1961.0 549.0 
1774.0 608.0 
1774.0 608.0 
1816.0 594.0 
1922.0 563.0 
1878.0 574.0 
