121.0 73.0 
154.0 68.0 
99.0 93.0 
179.0 67.0 
100.0 84.0 
147.0 73.0 
128.0 78.0 
178.0 68.0 
114.0 85.0 
106.0 88.0 
165.0 75.0 
129.0 78.0 
207.0 73.0 
117.0 94.0 
107.0 117.0 
108.0 98.0 
204.0 77.0 
135.0 78.0 
130.0 85.0 
229.0 76.0 
229.0 76.0 
123.0 94.0 
110.0 127.0 
121.0 98.0 
116.0 112.0 
117.0 99.0 
115.0 124.0 
148.0 80.0 
156.0 78.0 
136.0 87.0 
144.0 86.0 
124.0 94.0 
119.0 99.0 
118.0 109.0 
116.0 141.0 
178.0 78.0 
167.0 79.0 
164.0 83.0 
141.0 90.0 
146.0 87.0 
144.0 88.0 
127.0 94.0 
118.0 115.0 
120.0 109.0 
216.0 78.0 
189.0 81.0 
154.0 87.0 
151.0 89.0 
145.0 92.0 
128.0 95.0 
134.0 94.0 
118.0 130.0 
122.0 114.0 
121.0 117.0 
217.0 80.0 
200.0 82.0 
155.0 89.0 
152.0 91.0 
152.0 91.0 
130.0 98.0 
129.0 110.0 
134.0 96.0 
145.0 94.0 
118.0 141.0 
124.0 132.0 
126.0 125.0 
212.0 83.0 
209.0 84.0 
200.0 85.0 
161.0 90.0 
156.0 91.0 
133.0 103.0 
130.0 113.0 
136.0 101.0 
146.0 94.0 
146.0 94.0 
119.0 155.0 
129.0 134.0 
126.0 135.0 
215.0 83.0 
186.0 90.0 
186.0 90.0 
186.0 90.0 
157.0 91.0 
135.0 112.0 
132.0 127.0 
132.0 127.0 
130.0 129.0 
134.0 113.0 
138.0 103.0 
136.0 106.0 
155.0 96.0 
148.0 97.0 
146.0 98.0 
128.0 147.0 
161.0 91.0 
130.0 136.0 
135.0 121.0 
150.0 97.0 
138.0 108.0 
