1792.0 534.0 
1806.0 533.0 
1792.0 534.0 
1806.0 533.0 
1999.0 452.0 
1812.0 510.0 
1905.0 466.0 
1792.0 534.0 
1939.0 463.0 
1806.0 533.0 
1889.0 467.0 
1970.0 455.0 
1813.0 504.0 
1792.0 534.0 
1889.0 467.0 
1985.0 453.0 
1905.0 466.0 
1999.0 452.0 
1763.0 571.0 
1889.0 467.0 
1781.0 554.0 
1970.0 455.0 
1806.0 533.0 
1835.0 483.0 
1839.0 481.0 
1939.0 463.0 
1999.0 452.0 
1806.0 533.0 
1940.0 457.0 
1889.0 467.0 
1939.0 463.0 
1838.0 482.0 
1889.0 467.0 
1815.0 491.0 
1985.0 453.0 
1871.0 470.0 
1999.0 452.0 
1813.0 504.0 
1970.0 455.0 
1819.0 489.0 
1972.0 454.0 
1970.0 455.0 
1792.0 534.0 
1849.0 478.0 
1999.0 452.0 
1889.0 467.0 
1821.0 486.0 
1766.0 560.0 
1916.0 465.0 
1812.0 510.0 
1985.0 453.0 
1905.0 466.0 
1815.0 491.0 
1855.0 471.0 
1954.0 456.0 
1939.0 463.0 
1970.0 455.0 
1792.0 534.0 
1788.0 538.0 
1940.0 457.0 
1763.0 571.0 
1815.0 491.0 
1808.0 512.0 
1766.0 561.0 
1988.0 453.0 
1988.0 453.0 
1784.0 558.0 
1792.0 535.0 
1856.0 471.0 
1804.0 534.0 
1811.0 512.0 
1941.0 459.0 
1889.0 468.0 
1839.0 483.0 
1922.0 465.0 
1833.0 486.0 
1814.0 504.0 
1815.0 495.0 
1839.0 483.0 
1889.0 468.0 
1856.0 471.0 
1822.0 488.0 
1906.0 467.0 
1958.0 456.0 
1922.0 465.0 
1907.0 466.0 
1976.0 454.0 
1813.0 507.0 
1811.0 512.0 
1976.0 454.0 
1953.0 458.0 
1784.0 558.0 
1816.0 493.0 
1819.0 490.0 
1792.0 535.0 
1818.0 491.0 
1958.0 456.0 
1804.0 534.0 
1953.0 458.0 
1784.0 558.0 
