1833.0 464.0 
1810.0 476.0 
1833.0 464.0 
1833.0 464.0 
1769.0 523.0 
1903.0 450.0 
1769.0 523.0 
1733.0 558.0 
1833.0 464.0 
1769.0 523.0 
1903.0 450.0 
1833.0 464.0 
1854.0 457.0 
1765.0 524.0 
1769.0 523.0 
1811.0 471.0 
1903.0 450.0 
1769.0 523.0 
1769.0 523.0 
1769.0 523.0 
1833.0 464.0 
1769.0 523.0 
1795.0 477.0 
1769.0 523.0 
1833.0 464.0 
1761.0 532.0 
1847.0 459.0 
1765.0 524.0 
1833.0 464.0 
1833.0 464.0 
1854.0 457.0 
1811.0 471.0 
1833.0 464.0 
1810.0 476.0 
1784.0 487.0 
1854.0 457.0 
1912.0 442.0 
1811.0 471.0 
1739.0 549.0 
1903.0 450.0 
1854.0 457.0 
1728.0 559.0 
1845.0 462.0 
1769.0 523.0 
1765.0 524.0 
1769.0 523.0 
1762.0 530.0 
1795.0 477.0 
1791.0 481.0 
1833.0 464.0 
1916.0 444.0 
1733.0 563.0 
1733.0 563.0 
1864.0 457.0 
1782.0 523.0 
1785.0 494.0 
1761.0 533.0 
1904.0 452.0 
1744.0 549.0 
1744.0 549.0 
1907.0 451.0 
1795.0 478.0 
1808.0 477.0 
1793.0 483.0 
1815.0 472.0 
1834.0 466.0 
1845.0 463.0 
1741.0 558.0 
1787.0 487.0 
1852.0 460.0 
1834.0 466.0 
1765.0 530.0 
1785.0 494.0 
1854.0 458.0 
1770.0 527.0 
1813.0 474.0 
1904.0 452.0 
1815.0 472.0 
1841.0 465.0 
1737.0 561.0 
1770.0 527.0 
1778.0 524.0 
1778.0 524.0 
1787.0 487.0 
1741.0 558.0 
1841.0 465.0 
1763.0 532.0 
1738.0 560.0 
1738.0 560.0 
1854.0 458.0 
1763.0 532.0 
1814.0 473.0 
1814.0 473.0 
1785.0 494.0 
1785.0 494.0 
1785.0 494.0 
1785.0 494.0 
1814.0 473.0 
1814.0 473.0 
1814.0 473.0 
