1760.0 553.0 
1760.0 553.0 
1747.0 555.0 
1782.0 540.0 
1760.0 553.0 
1811.0 529.0 
1748.0 554.0 
1737.0 568.0 
1743.0 564.0 
1743.0 564.0 
1745.0 556.0 
1765.0 550.0 
1736.0 570.0 
1847.0 518.0 
1787.0 544.0 
1800.0 540.0 
1799.0 541.0 
1788.0 542.0 
1800.0 540.0 
1800.0 540.0 
1812.0 530.0 
1758.0 554.0 
1758.0 554.0 
1757.0 555.0 
1757.0 555.0 
1738.0 569.0 
1744.0 568.0 
1746.0 567.0 
1746.0 567.0 
1746.0 567.0 
1751.0 558.0 
1767.0 553.0 
1767.0 553.0 
1767.0 553.0 
1767.0 553.0 
1767.0 553.0 
1776.0 551.0 
1737.0 570.0 
1737.0 570.0 
1849.0 519.0 
1848.0 524.0 
1790.0 545.0 
1802.0 540.0 
1801.0 541.0 
1802.0 540.0 
1800.0 542.0 
1818.0 532.0 
1818.0 532.0 
1824.0 531.0 
1759.0 554.0 
1759.0 554.0 
1739.0 569.0 
1745.0 568.0 
1745.0 568.0 
1745.0 568.0 
1747.0 567.0 
1747.0 567.0 
1747.0 567.0 
1747.0 567.0 
1751.0 559.0 
1738.0 572.0 
1738.0 572.0 
1861.0 519.0 
1861.0 519.0 
1849.0 521.0 
1738.0 574.0 
1738.0 574.0 
1864.0 521.0 
1864.0 521.0 
1819.0 532.0 
1791.0 547.0 
1744.0 570.0 
1759.0 556.0 
1849.0 527.0 
1769.0 554.0 
1769.0 554.0 
1826.0 531.0 
1754.0 561.0 
1803.0 540.0 
1803.0 540.0 
1826.0 531.0 
1752.0 564.0 
1849.0 527.0 
1796.0 545.0 
1857.0 522.0 
1752.0 564.0 
1854.0 524.0 
1800.0 544.0 
1739.0 572.0 
1854.0 524.0 
1753.0 563.0 
1792.0 546.0 
1802.0 542.0 
1739.0 572.0 
1857.0 522.0 
1792.0 546.0 
1801.0 543.0 
1802.0 542.0 
1801.0 543.0 
1801.0 543.0 
