1808.0 609.0 
1828.0 606.0 
1984.0 566.0 
1808.0 609.0 
2136.0 543.0 
1984.0 566.0 
1948.0 591.0 
1985.0 565.0 
2100.0 546.0 
1973.0 568.0 
1985.0 565.0 
2072.0 548.0 
1985.0 565.0 
1888.0 594.0 
1815.0 608.0 
1966.0 573.0 
1835.0 603.0 
1886.0 597.0 
1789.0 619.0 
1903.0 593.0 
1992.0 564.0 
1959.0 577.0 
1797.0 614.0 
1813.0 611.0 
1814.0 610.0 
1814.0 610.0 
2151.0 547.0 
2077.0 555.0 
2086.0 554.0 
2106.0 550.0 
2077.0 555.0 
1985.0 567.0 
1985.0 567.0 
1902.0 594.0 
1891.0 595.0 
1902.0 594.0 
1891.0 595.0 
1848.0 606.0 
1848.0 606.0 
1888.0 598.0 
1888.0 598.0 
1888.0 598.0 
1795.0 620.0 
1795.0 620.0 
1911.0 593.0 
1911.0 593.0 
1960.0 581.0 
1980.0 578.0 
1807.0 615.0 
1799.0 617.0 
1807.0 615.0 
1813.0 612.0 
1813.0 612.0 
1820.0 610.0 
2112.0 551.0 
2107.0 552.0 
2112.0 551.0 
2079.0 555.0 
2079.0 555.0 
1995.0 567.0 
1987.0 570.0 
1987.0 570.0 
1990.0 569.0 
1894.0 595.0 
1894.0 595.0 
1888.0 599.0 
1986.0 579.0 
1980.0 583.0 
1805.0 621.0 
1805.0 621.0 
1805.0 621.0 
1800.0 622.0 
1800.0 622.0 
1800.0 622.0 
1810.0 617.0 
1810.0 617.0 
1816.0 613.0 
1816.0 613.0 
1818.0 612.0 
1833.0 611.0 
2108.0 553.0 
2130.0 552.0 
2084.0 558.0 
2084.0 558.0 
2107.0 556.0 
2094.0 557.0 
2084.0 558.0 
2084.0 558.0 
2007.0 568.0 
1987.0 571.0 
1900.0 596.0 
1904.0 595.0 
1889.0 603.0 
1891.0 599.0 
1982.0 583.0 
1801.0 627.0 
1802.0 622.0 
1802.0 622.0 
1813.0 620.0 
2150.0 554.0 
