1911.0 495.0 
1729.0 547.0 
1730.0 544.0 
1729.0 547.0 
1988.0 483.0 
2124.0 475.0 
2275.0 462.0 
1755.0 522.0 
2124.0 475.0 
1729.0 547.0 
1729.0 547.0 
1721.0 549.0 
2027.0 479.0 
2074.0 478.0 
1856.0 496.0 
1937.0 490.0 
2264.0 463.0 
2124.0 475.0 
1716.0 550.0 
2074.0 478.0 
1808.0 497.0 
1996.0 483.0 
1996.0 483.0 
1756.0 523.0 
1756.0 523.0 
1738.0 548.0 
1738.0 548.0 
1722.0 549.0 
2057.0 479.0 
1957.0 490.0 
1957.0 490.0 
1957.0 490.0 
1957.0 490.0 
1957.0 490.0 
1957.0 490.0 
1938.0 493.0 
1938.0 493.0 
2272.0 474.0 
2272.0 474.0 
2272.0 474.0 
2276.0 473.0 
2277.0 466.0 
2201.0 477.0 
2256.0 476.0 
1718.0 550.0 
1718.0 550.0 
1718.0 550.0 
1718.0 550.0 
1718.0 550.0 
1718.0 550.0 
1718.0 550.0 
1718.0 550.0 
1717.0 552.0 
1718.0 550.0 
1717.0 552.0 
2124.0 478.0 
1858.0 497.0 
1817.0 499.0 
1817.0 499.0 
1998.0 487.0 
2003.0 484.0 
1759.0 523.0 
1723.0 549.0 
1723.0 549.0 
1723.0 549.0 
2069.0 481.0 
2076.0 479.0 
2069.0 481.0 
2076.0 479.0 
2069.0 481.0 
1959.0 490.0 
1940.0 494.0 
1944.0 493.0 
1944.0 493.0 
1944.0 493.0 
1940.0 494.0 
2303.0 468.0 
2303.0 468.0 
2277.0 470.0 
2303.0 468.0 
1720.0 550.0 
1718.0 551.0 
1718.0 551.0 
1718.0 551.0 
1718.0 551.0 
1718.0 551.0 
1718.0 551.0 
1718.0 551.0 
1717.0 555.0 
1717.0 555.0 
1817.0 500.0 
2315.0 468.0 
2315.0 468.0 
1717.0 556.0 
1760.0 524.0 
1817.0 502.0 
1747.0 549.0 
2277.0 478.0 
2128.0 479.0 
1760.0 524.0 
