73.0 46.0 
73.0 46.0 
101.0 37.0 
98.0 38.0 
73.0 46.0 
78.0 44.0 
134.0 27.0 
50.0 66.0 
126.0 31.0 
98.0 38.0 
80.0 43.0 
83.0 40.0 
126.0 31.0 
113.0 32.0 
50.0 66.0 
131.0 29.0 
71.0 47.0 
64.0 50.0 
104.0 36.0 
53.0 56.0 
50.0 66.0 
88.0 39.0 
53.0 56.0 
83.0 40.0 
51.0 62.0 
69.0 48.0 
133.0 28.0 
134.0 27.0 
131.0 29.0 
78.0 44.0 
126.0 31.0 
55.0 54.0 
111.0 35.0 
52.0 61.0 
126.0 31.0 
75.0 46.0 
75.0 46.0 
99.0 38.0 
99.0 38.0 
99.0 38.0 
114.0 33.0 
120.0 32.0 
72.0 47.0 
72.0 47.0 
67.0 53.0 
67.0 53.0 
67.0 53.0 
67.0 53.0 
67.0 53.0 
106.0 36.0 
104.0 37.0 
106.0 36.0 
106.0 36.0 
104.0 37.0 
93.0 39.0 
93.0 39.0 
54.0 56.0 
54.0 56.0 
53.0 58.0 
85.0 42.0 
83.0 43.0 
90.0 40.0 
90.0 40.0 
90.0 40.0 
90.0 40.0 
86.0 41.0 
69.0 49.0 
69.0 49.0 
170.0 28.0 
170.0 28.0 
174.0 27.0 
170.0 28.0 
133.0 29.0 
131.0 30.0 
133.0 29.0 
133.0 29.0 
80.0 45.0 
80.0 45.0 
80.0 45.0 
81.0 44.0 
80.0 45.0 
80.0 45.0 
57.0 55.0 
65.0 54.0 
113.0 35.0 
52.0 62.0 
52.0 62.0 
128.0 31.0 
53.0 59.0 
134.0 29.0 
134.0 29.0 
91.0 40.0 
66.0 54.0 
70.0 50.0 
127.0 32.0 
103.0 38.0 
115.0 33.0 
82.0 44.0 
132.0 30.0 
55.0 57.0 
