1893.0 584.0 
1830.0 607.0 
1830.0 607.0 
1811.0 616.0 
1852.0 598.0 
1852.0 598.0 
1893.0 584.0 
1767.0 632.0 
1811.0 616.0 
1830.0 607.0 
1760.0 640.0 
1843.0 600.0 
1830.0 607.0 
1830.0 607.0 
1852.0 598.0 
1767.0 632.0 
1818.0 613.0 
1795.0 620.0 
1869.0 588.0 
1852.0 598.0 
1862.0 597.0 
1811.0 616.0 
1830.0 607.0 
1818.0 613.0 
1862.0 597.0 
1828.0 609.0 
1768.0 627.0 
1792.0 625.0 
1869.0 588.0 
1869.0 588.0 
2056.0 576.0 
1761.0 639.0 
1839.0 605.0 
1852.0 598.0 
2059.0 580.0 
2059.0 580.0 
1761.0 644.0 
1895.0 585.0 
1846.0 604.0 
1797.0 621.0 
1870.0 592.0 
1851.0 600.0 
1797.0 621.0 
1851.0 600.0 
1769.0 632.0 
1763.0 639.0 
1878.0 590.0 
1782.0 627.0 
1870.0 592.0 
1878.0 590.0 
1816.0 616.0 
1830.0 609.0 
1831.0 607.0 
1782.0 627.0 
1816.0 616.0 
1781.0 629.0 
1770.0 630.0 
1829.0 612.0 
1823.0 613.0 
1769.0 632.0 
1763.0 639.0 
1831.0 607.0 
1762.0 641.0 
1818.0 615.0 
1762.0 641.0 
1823.0 613.0 
1818.0 615.0 
1829.0 612.0 
1770.0 630.0 
1781.0 629.0 
1816.0 616.0 
1816.0 616.0 
1823.0 613.0 
1823.0 613.0 
1823.0 613.0 
1823.0 613.0 
1823.0 613.0 
1823.0 613.0 
1823.0 613.0 
1829.0 612.0 
1781.0 629.0 
1781.0 629.0 
1781.0 629.0 
1782.0 627.0 
1770.0 630.0 
1769.0 632.0 
1781.0 629.0 
1782.0 627.0 
1781.0 629.0 
1769.0 632.0 
1782.0 627.0 
1870.0 592.0 
1878.0 590.0 
1878.0 590.0 
1878.0 590.0 
1878.0 590.0 
1878.0 590.0 
2059.0 580.0 
2059.0 580.0 
2059.0 580.0 
