2456.0 796.0 
2456.0 796.0 
2307.0 929.0 
2369.0 811.0 
2274.0 941.0 
2438.0 799.0 
2306.0 940.0 
2665.0 759.0 
2403.0 809.0 
2308.0 860.0 
2359.0 832.0 
2365.0 831.0 
2329.0 858.0 
2491.0 769.0 
2465.0 796.0 
2465.0 796.0 
2384.0 823.0 
2400.0 815.0 
2451.0 806.0 
3168.0 766.0 
2313.0 860.0 
2308.0 869.0 
2377.0 840.0 
2363.0 859.0 
2491.0 772.0 
2385.0 835.0 
2385.0 835.0 
2414.0 816.0 
2403.0 830.0 
2410.0 829.0 
2403.0 830.0 
2461.0 815.0 
2481.0 811.0 
3246.0 768.0 
3178.0 769.0 
3246.0 768.0 
2355.0 861.0 
2320.0 872.0 
2320.0 872.0 
2318.0 877.0 
2311.0 932.0 
2699.0 775.0 
2513.0 788.0 
2699.0 775.0 
2494.0 794.0 
2521.0 778.0 
2388.0 851.0 
2453.0 816.0 
2415.0 818.0 
2414.0 838.0 
2406.0 842.0 
2490.0 815.0 
3186.0 771.0 
2324.0 873.0 
2313.0 957.0 
2513.0 792.0 
2513.0 792.0 
2496.0 811.0 
2499.0 794.0 
2673.0 781.0 
2806.0 780.0 
2521.0 787.0 
2392.0 852.0 
2454.0 817.0 
2416.0 818.0 
2408.0 845.0 
3209.0 771.0 
3209.0 771.0 
3209.0 771.0 
2341.0 875.0 
2324.0 877.0 
2499.0 811.0 
2742.0 785.0 
2735.0 786.0 
2859.0 784.0 
2538.0 793.0 
2567.0 791.0 
2327.0 936.0 
2886.0 784.0 
2329.0 881.0 
2408.0 857.0 
2763.0 790.0 
2623.0 794.0 
2766.0 785.0 
2367.0 878.0 
2411.0 845.0 
2534.0 812.0 
2541.0 797.0 
2623.0 794.0 
2476.0 817.0 
2416.0 830.0 
2419.0 827.0 
2539.0 799.0 
2356.0 880.0 
2442.0 819.0 
2433.0 821.0 
2534.0 812.0 
2460.0 818.0 
2433.0 821.0 
2460.0 818.0 
