28.0 6.0 
31.0 5.0 
9.0 12.0 
17.0 7.0 
31.0 6.0 
35.0 5.0 
12.0 12.0 
12.0 12.0 
9.0 17.0 
10.0 13.0 
21.0 7.0 
32.0 6.0 
37.0 5.0 
15.0 12.0 
9.0 21.0 
10.0 16.0 
11.0 13.0 
29.0 7.0 
25.0 10.0 
38.0 6.0 
38.0 6.0 
38.0 6.0 
38.0 6.0 
38.0 6.0 
19.0 12.0 
10.0 18.0 
10.0 18.0 
10.0 18.0 
10.0 18.0 
10.0 18.0 
10.0 18.0 
10.0 18.0 
11.0 16.0 
11.0 16.0 
16.0 13.0 
11.0 16.0 
12.0 14.0 
32.0 7.0 
32.0 7.0 
26.0 10.0 
25.0 11.0 
25.0 11.0 
26.0 10.0 
42.0 6.0 
20.0 12.0 
10.0 19.0 
19.0 13.0 
11.0 17.0 
14.0 14.0 
34.0 7.0 
34.0 7.0 
27.0 11.0 
29.0 10.0 
29.0 10.0 
43.0 6.0 
22.0 12.0 
10.0 20.0 
20.0 13.0 
11.0 18.0 
11.0 18.0 
11.0 18.0 
12.0 17.0 
14.0 15.0 
19.0 14.0 
14.0 15.0 
38.0 7.0 
31.0 10.0 
31.0 10.0 
30.0 11.0 
45.0 6.0 
24.0 12.0 
22.0 13.0 
11.0 19.0 
11.0 19.0 
13.0 17.0 
13.0 17.0 
13.0 17.0 
13.0 17.0 
21.0 14.0 
40.0 7.0 
39.0 8.0 
32.0 10.0 
32.0 10.0 
32.0 10.0 
46.0 6.0 
25.0 12.0 
23.0 13.0 
11.0 21.0 
12.0 19.0 
12.0 19.0 
12.0 19.0 
12.0 19.0 
14.0 17.0 
21.0 15.0 
43.0 9.0 
43.0 9.0 
45.0 8.0 
32.0 11.0 
37.0 10.0 
47.0 6.0 
