35.0 29.0 
96.0 18.0 
65.0 26.0 
96.0 18.0 
28.0 31.0 
58.0 27.0 
28.0 31.0 
73.0 25.0 
35.0 29.0 
97.0 21.0 
32.0 41.0 
31.0 51.0 
83.0 25.0 
40.0 33.0 
53.0 29.0 
97.0 22.0 
85.0 28.0 
41.0 41.0 
48.0 40.0 
40.0 50.0 
55.0 30.0 
101.0 23.0 
91.0 29.0 
92.0 28.0 
44.0 45.0 
44.0 45.0 
53.0 40.0 
53.0 40.0 
53.0 40.0 
49.0 43.0 
53.0 40.0 
40.0 52.0 
55.0 37.0 
57.0 30.0 
107.0 25.0 
105.0 27.0 
108.0 23.0 
108.0 23.0 
107.0 25.0 
47.0 45.0 
44.0 48.0 
50.0 43.0 
43.0 54.0 
92.0 30.0 
60.0 34.0 
63.0 31.0 
105.0 28.0 
130.0 25.0 
123.0 27.0 
45.0 52.0 
52.0 45.0 
52.0 45.0 
50.0 47.0 
44.0 62.0 
93.0 30.0 
61.0 36.0 
84.0 31.0 
73.0 33.0 
69.0 35.0 
107.0 29.0 
109.0 28.0 
46.0 53.0 
53.0 52.0 
54.0 51.0 
53.0 52.0 
55.0 48.0 
54.0 51.0 
99.0 30.0 
62.0 37.0 
88.0 31.0 
74.0 33.0 
71.0 36.0 
127.0 28.0 
47.0 70.0 
48.0 53.0 
47.0 70.0 
56.0 48.0 
55.0 50.0 
102.0 30.0 
63.0 38.0 
99.0 31.0 
94.0 32.0 
75.0 33.0 
73.0 37.0 
49.0 69.0 
50.0 59.0 
52.0 57.0 
49.0 69.0 
54.0 54.0 
49.0 69.0 
58.0 49.0 
55.0 52.0 
57.0 50.0 
68.0 38.0 
66.0 42.0 
63.0 44.0 
101.0 31.0 
101.0 31.0 
100.0 32.0 
76.0 33.0 
