738.0 352.0 
1731.0 288.0 
724.0 353.0 
752.0 351.0 
659.0 361.0 
1134.0 294.0 
718.0 355.0 
681.0 360.0 
926.0 312.0 
1753.0 257.0 
569.0 379.0 
1120.0 296.0 
1518.0 292.0 
1747.0 281.0 
758.0 319.0 
554.0 408.0 
577.0 364.0 
659.0 362.0 
1116.0 317.0 
2310.0 260.0 
1781.0 278.0 
1967.0 261.0 
570.0 398.0 
1166.0 313.0 
1337.0 305.0 
1235.0 309.0 
1198.0 312.0 
1572.0 294.0 
1768.0 291.0 
905.0 324.0 
977.0 319.0 
768.0 337.0 
809.0 332.0 
605.0 393.0 
610.0 382.0 
614.0 369.0 
688.0 367.0 
737.0 365.0 
1910.0 278.0 
1786.0 281.0 
2238.0 263.0 
2007.0 269.0 
583.0 400.0 
583.0 400.0 
1318.0 309.0 
1592.0 296.0 
944.0 330.0 
960.0 329.0 
1260.0 320.0 
1260.0 320.0 
1202.0 322.0 
768.0 359.0 
779.0 337.0 
892.0 332.0 
864.0 335.0 
867.0 333.0 
606.0 394.0 
630.0 377.0 
648.0 371.0 
751.0 369.0 
1845.0 281.0 
2247.0 264.0 
592.0 416.0 
1432.0 310.0 
1345.0 319.0 
1453.0 309.0 
1745.0 299.0 
1047.0 329.0 
1047.0 329.0 
980.0 330.0 
1299.0 325.0 
777.0 363.0 
798.0 348.0 
804.0 346.0 
780.0 362.0 
842.0 340.0 
792.0 350.0 
878.0 336.0 
919.0 333.0 
609.0 396.0 
643.0 380.0 
636.0 392.0 
655.0 373.0 
661.0 371.0 
2270.0 277.0 
608.0 427.0 
1432.0 311.0 
2034.0 282.0 
1878.0 291.0 
1342.0 326.0 
1760.0 304.0 
999.0 330.0 
644.0 380.0 
611.0 404.0 
613.0 400.0 
1764.0 301.0 
707.0 371.0 
784.0 362.0 
955.0 340.0 
657.0 373.0 
