28.0 8.0 
20.0 13.0 
28.0 8.0 
28.0 8.0 
28.0 8.0 
26.0 12.0 
29.0 7.0 
20.0 13.0 
28.0 9.0 
32.0 7.0 
24.0 13.0 
23.0 17.0 
28.0 10.0 
28.0 10.0 
30.0 9.0 
30.0 9.0 
32.0 8.0 
32.0 8.0 
33.0 7.0 
24.0 16.0 
24.0 16.0 
24.0 16.0 
24.0 16.0 
25.0 15.0 
26.0 14.0 
27.0 13.0 
25.0 15.0 
27.0 13.0 
24.0 16.0 
28.0 11.0 
31.0 9.0 
31.0 9.0 
31.0 9.0 
31.0 9.0 
31.0 9.0 
31.0 9.0 
34.0 7.0 
27.0 15.0 
27.0 15.0 
27.0 15.0 
24.0 17.0 
24.0 17.0 
24.0 17.0 
30.0 11.0 
30.0 11.0 
28.0 12.0 
30.0 11.0 
32.0 9.0 
32.0 9.0 
32.0 9.0 
31.0 10.0 
32.0 9.0 
35.0 7.0 
34.0 8.0 
27.0 16.0 
25.0 18.0 
28.0 13.0 
28.0 13.0 
30.0 12.0 
30.0 12.0 
30.0 12.0 
30.0 12.0 
30.0 12.0 
30.0 12.0 
31.0 11.0 
33.0 9.0 
33.0 9.0 
41.0 8.0 
27.0 17.0 
27.0 17.0 
27.0 17.0 
27.0 17.0 
27.0 17.0 
26.0 18.0 
26.0 18.0 
28.0 14.0 
28.0 14.0 
32.0 11.0 
31.0 13.0 
32.0 11.0 
32.0 11.0 
34.0 9.0 
27.0 18.0 
27.0 18.0 
26.0 21.0 
28.0 15.0 
28.0 15.0 
28.0 15.0 
29.0 14.0 
28.0 15.0 
28.0 15.0 
32.0 12.0 
33.0 11.0 
33.0 11.0 
32.0 12.0 
32.0 12.0 
38.0 9.0 
34.0 10.0 
27.0 19.0 
41.0 9.0 
