88.0 26.0 
93.0 24.0 
93.0 24.0 
93.0 24.0 
74.0 29.0 
70.0 35.0 
95.0 25.0 
80.0 29.0 
75.0 31.0 
70.0 41.0 
70.0 41.0 
71.0 39.0 
74.0 35.0 
95.0 27.0 
81.0 29.0 
78.0 34.0 
70.0 44.0 
76.0 35.0 
109.0 28.0 
100.0 29.0 
94.0 30.0 
85.0 33.0 
84.0 34.0 
80.0 37.0 
76.0 41.0 
112.0 29.0 
94.0 31.0 
94.0 31.0 
87.0 33.0 
86.0 36.0 
84.0 37.0 
84.0 37.0 
84.0 37.0 
79.0 46.0 
79.0 46.0 
80.0 41.0 
77.0 52.0 
98.0 31.0 
98.0 31.0 
98.0 31.0 
87.0 35.0 
94.0 33.0 
85.0 40.0 
86.0 38.0 
80.0 44.0 
79.0 52.0 
109.0 31.0 
91.0 35.0 
94.0 34.0 
100.0 33.0 
88.0 38.0 
86.0 40.0 
81.0 45.0 
85.0 44.0 
111.0 32.0 
125.0 31.0 
111.0 32.0 
91.0 37.0 
98.0 35.0 
98.0 35.0 
107.0 33.0 
105.0 34.0 
86.0 41.0 
86.0 41.0 
94.0 37.0 
94.0 37.0 
91.0 38.0 
91.0 38.0 
98.0 36.0 
109.0 33.0 
106.0 34.0 
86.0 44.0 
89.0 42.0 
97.0 37.0 
91.0 40.0 
103.0 36.0 
110.0 33.0 
89.0 44.0 
89.0 44.0 
97.0 38.0 
97.0 38.0 
92.0 43.0 
95.0 42.0 
103.0 37.0 
108.0 36.0 
103.0 37.0 
112.0 34.0 
112.0 34.0 
110.0 35.0 
91.0 44.0 
90.0 55.0 
89.0 57.0 
91.0 44.0 
90.0 55.0 
116.0 34.0 
91.0 45.0 
91.0 45.0 
100.0 38.0 
93.0 43.0 
106.0 37.0 
