1247.0 191.0 
1763.0 169.0 
1039.0 205.0 
831.0 212.0 
1037.0 208.0 
1886.0 157.0 
1041.0 204.0 
402.0 321.0 
1763.0 169.0 
1060.0 200.0 
1007.0 209.0 
485.0 268.0 
688.0 218.0 
1634.0 175.0 
1379.0 183.0 
420.0 274.0 
1329.0 189.0 
1329.0 189.0 
1247.0 191.0 
1250.0 190.0 
830.0 214.0 
1060.0 200.0 
657.0 223.0 
1793.0 163.0 
503.0 231.0 
402.0 321.0 
1739.0 172.0 
1497.0 176.0 
1242.0 193.0 
964.0 210.0 
1213.0 197.0 
451.0 270.0 
487.0 259.0 
1764.0 166.0 
1126.0 198.0 
673.0 220.0 
771.0 217.0 
1039.0 207.0 
1893.0 160.0 
1927.0 159.0 
1054.0 204.0 
1054.0 204.0 
1016.0 209.0 
1421.0 185.0 
424.0 289.0 
426.0 279.0 
421.0 297.0 
1261.0 190.0 
907.0 215.0 
924.0 214.0 
1067.0 203.0 
1072.0 201.0 
663.0 225.0 
1849.0 164.0 
511.0 251.0 
511.0 251.0 
511.0 251.0 
511.0 251.0 
543.0 250.0 
587.0 248.0 
633.0 233.0 
509.0 254.0 
1524.0 177.0 
1728.0 176.0 
1245.0 193.0 
1245.0 193.0 
986.0 212.0 
473.0 271.0 
473.0 271.0 
466.0 276.0 
489.0 267.0 
1826.0 168.0 
1779.0 171.0 
1167.0 199.0 
750.0 220.0 
750.0 220.0 
726.0 221.0 
698.0 222.0 
750.0 220.0 
809.0 218.0 
2018.0 159.0 
2018.0 159.0 
424.0 315.0 
424.0 315.0 
426.0 285.0 
514.0 251.0 
865.0 221.0 
1779.0 174.0 
1079.0 201.0 
1529.0 177.0 
1921.0 160.0 
1816.0 171.0 
637.0 245.0 
999.0 212.0 
1429.0 189.0 
1497.0 185.0 
706.0 222.0 
481.0 271.0 
1213.0 199.0 
474.0 274.0 
