2404.0 736.0 
2274.0 782.0 
2404.0 736.0 
2384.0 739.0 
2245.0 803.0 
2890.0 694.0 
2832.0 714.0 
2832.0 714.0 
3033.0 657.0 
2284.0 741.0 
2439.0 732.0 
2253.0 804.0 
2253.0 804.0 
2253.0 804.0 
2248.0 805.0 
2253.0 804.0 
2833.0 718.0 
2833.0 718.0 
3081.0 687.0 
3081.0 687.0 
3097.0 665.0 
3034.0 699.0 
2327.0 764.0 
2318.0 799.0 
2388.0 747.0 
2464.0 732.0 
2451.0 746.0 
2451.0 746.0 
2276.0 819.0 
2285.0 813.0 
2253.0 825.0 
2285.0 813.0 
2956.0 719.0 
2849.0 723.0 
3107.0 691.0 
3126.0 679.0 
3042.0 699.0 
2364.0 769.0 
2363.0 790.0 
2325.0 800.0 
2396.0 752.0 
2464.0 733.0 
2261.0 847.0 
2271.0 830.0 
2266.0 836.0 
3027.0 726.0 
2970.0 729.0 
2984.0 727.0 
3127.0 679.0 
3127.0 679.0 
3127.0 679.0 
3127.0 679.0 
3080.0 704.0 
3076.0 714.0 
3071.0 717.0 
2371.0 784.0 
2331.0 826.0 
2331.0 826.0 
2331.0 826.0 
2346.0 810.0 
2436.0 766.0 
2903.0 747.0 
2898.0 754.0 
2930.0 740.0 
2505.0 756.0 
2294.0 837.0 
2267.0 851.0 
2971.0 733.0 
2986.0 727.0 
3159.0 683.0 
3252.0 682.0 
3144.0 687.0 
3128.0 689.0 
3088.0 707.0 
3078.0 716.0 
2378.0 799.0 
2422.0 790.0 
2363.0 811.0 
2487.0 769.0 
2919.0 752.0 
2943.0 743.0 
2534.0 758.0 
2541.0 757.0 
2287.0 862.0 
3188.0 683.0 
3188.0 683.0 
2847.0 759.0 
2653.0 760.0 
3018.0 739.0 
3110.0 708.0 
2379.0 815.0 
2347.0 837.0 
2467.0 798.0 
2492.0 773.0 
3044.0 727.0 
2514.0 770.0 
2311.0 844.0 
3135.0 696.0 
2310.0 858.0 
2430.0 803.0 
