326.0 143.0 
326.0 143.0 
295.0 155.0 
334.0 140.0 
304.0 148.0 
344.0 137.0 
359.0 134.0 
297.0 162.0 
305.0 158.0 
307.0 154.0 
346.0 147.0 
445.0 143.0 
372.0 145.0 
304.0 170.0 
308.0 154.0 
366.0 151.0 
362.0 152.0 
389.0 149.0 
391.0 146.0 
374.0 150.0 
310.0 175.0 
315.0 165.0 
310.0 175.0 
327.0 155.0 
365.0 154.0 
367.0 153.0 
496.0 147.0 
399.0 149.0 
310.0 217.0 
312.0 191.0 
320.0 178.0 
330.0 157.0 
339.0 155.0 
330.0 157.0 
328.0 162.0 
418.0 150.0 
418.0 150.0 
322.0 208.0 
343.0 155.0 
331.0 167.0 
330.0 198.0 
525.0 152.0 
322.0 229.0 
322.0 229.0 
350.0 155.0 
349.0 156.0 
337.0 168.0 
337.0 168.0 
335.0 184.0 
528.0 152.0 
330.0 231.0 
353.0 155.0 
352.0 165.0 
337.0 177.0 
348.0 169.0 
337.0 177.0 
340.0 172.0 
336.0 187.0 
529.0 152.0 
529.0 152.0 
529.0 152.0 
357.0 155.0 
352.0 166.0 
349.0 171.0 
347.0 173.0 
344.0 177.0 
339.0 229.0 
339.0 229.0 
341.0 187.0 
357.0 156.0 
392.0 155.0 
357.0 156.0 
354.0 166.0 
351.0 171.0 
344.0 181.0 
344.0 181.0 
346.0 177.0 
342.0 192.0 
341.0 207.0 
342.0 192.0 
513.0 155.0 
437.0 156.0 
361.0 157.0 
361.0 157.0 
355.0 169.0 
357.0 166.0 
352.0 175.0 
353.0 174.0 
345.0 186.0 
346.0 185.0 
347.0 177.0 
341.0 230.0 
342.0 197.0 
530.0 156.0 
346.0 227.0 
398.0 157.0 
347.0 197.0 
349.0 184.0 
363.0 158.0 
361.0 161.0 
