114.0 40.0 
191.0 35.0 
54.0 67.0 
103.0 46.0 
121.0 38.0 
191.0 35.0 
113.0 43.0 
69.0 57.0 
120.0 39.0 
193.0 33.0 
143.0 36.0 
191.0 35.0 
58.0 61.0 
68.0 60.0 
84.0 48.0 
54.0 67.0 
72.0 53.0 
118.0 41.0 
106.0 47.0 
130.0 38.0 
113.0 46.0 
146.0 37.0 
194.0 36.0 
61.0 61.0 
59.0 66.0 
86.0 51.0 
85.0 52.0 
103.0 48.0 
91.0 50.0 
103.0 48.0 
54.0 68.0 
57.0 67.0 
82.0 53.0 
74.0 55.0 
72.0 58.0 
118.0 43.0 
118.0 43.0 
118.0 43.0 
118.0 43.0 
125.0 42.0 
108.0 47.0 
132.0 38.0 
132.0 38.0 
115.0 46.0 
189.0 37.0 
189.0 37.0 
62.0 61.0 
60.0 66.0 
60.0 66.0 
89.0 52.0 
92.0 51.0 
92.0 51.0 
104.0 50.0 
107.0 48.0 
54.0 74.0 
55.0 69.0 
87.0 56.0 
76.0 57.0 
74.0 58.0 
72.0 59.0 
72.0 59.0 
119.0 43.0 
114.0 47.0 
133.0 41.0 
135.0 38.0 
117.0 46.0 
64.0 61.0 
62.0 65.0 
90.0 54.0 
97.0 51.0 
92.0 52.0 
110.0 48.0 
109.0 49.0 
57.0 71.0 
58.0 69.0 
86.0 57.0 
75.0 58.0 
138.0 38.0 
57.0 74.0 
93.0 52.0 
91.0 56.0 
69.0 61.0 
107.0 51.0 
80.0 58.0 
122.0 43.0 
80.0 58.0 
66.0 65.0 
120.0 44.0 
110.0 50.0 
116.0 47.0 
133.0 42.0 
68.0 63.0 
58.0 71.0 
135.0 39.0 
64.0 68.0 
134.0 41.0 
61.0 69.0 
115.0 48.0 
115.0 48.0 
64.0 68.0 
