101.0 45.0 
58.0 63.0 
143.0 36.0 
95.0 52.0 
124.0 42.0 
80.0 56.0 
62.0 59.0 
129.0 38.0 
118.0 43.0 
98.0 47.0 
101.0 46.0 
60.0 64.0 
151.0 37.0 
151.0 37.0 
80.0 57.0 
68.0 62.0 
69.0 59.0 
64.0 63.0 
142.0 39.0 
131.0 41.0 
139.0 40.0 
130.0 42.0 
145.0 38.0 
122.0 44.0 
128.0 43.0 
98.0 49.0 
105.0 47.0 
63.0 66.0 
60.0 69.0 
201.0 37.0 
74.0 61.0 
74.0 61.0 
81.0 59.0 
69.0 63.0 
66.0 64.0 
144.0 39.0 
135.0 41.0 
151.0 38.0 
126.0 44.0 
133.0 43.0 
100.0 49.0 
98.0 57.0 
112.0 48.0 
65.0 66.0 
65.0 66.0 
79.0 62.0 
93.0 60.0 
95.0 59.0 
95.0 59.0 
87.0 61.0 
95.0 59.0 
74.0 63.0 
67.0 64.0 
145.0 40.0 
136.0 41.0 
161.0 39.0 
161.0 39.0 
161.0 39.0 
161.0 39.0 
173.0 38.0 
129.0 44.0 
129.0 44.0 
129.0 44.0 
127.0 45.0 
127.0 45.0 
127.0 45.0 
129.0 44.0 
102.0 51.0 
105.0 50.0 
100.0 54.0 
105.0 50.0 
114.0 48.0 
65.0 68.0 
65.0 68.0 
84.0 62.0 
75.0 63.0 
75.0 63.0 
69.0 67.0 
137.0 41.0 
172.0 40.0 
172.0 40.0 
172.0 40.0 
172.0 40.0 
128.0 47.0 
134.0 45.0 
104.0 53.0 
102.0 54.0 
101.0 59.0 
111.0 50.0 
66.0 68.0 
66.0 68.0 
148.0 41.0 
102.0 57.0 
92.0 62.0 
78.0 65.0 
120.0 48.0 
132.0 47.0 
114.0 50.0 
141.0 43.0 
111.0 53.0 
