93.0 50.0 
93.0 50.0 
93.0 50.0 
100.0 47.0 
75.0 70.0 
92.0 52.0 
103.0 37.0 
100.0 47.0 
118.0 26.0 
98.0 51.0 
80.0 70.0 
80.0 70.0 
80.0 70.0 
80.0 70.0 
76.0 74.0 
92.0 53.0 
92.0 53.0 
103.0 46.0 
115.0 37.0 
105.0 38.0 
100.0 49.0 
118.0 34.0 
84.0 70.0 
80.0 74.0 
94.0 54.0 
94.0 54.0 
99.0 53.0 
92.0 65.0 
107.0 41.0 
100.0 51.0 
100.0 51.0 
100.0 51.0 
133.0 36.0 
133.0 36.0 
129.0 40.0 
130.0 39.0 
85.0 73.0 
87.0 70.0 
82.0 74.0 
81.0 79.0 
96.0 54.0 
92.0 66.0 
119.0 41.0 
109.0 42.0 
107.0 46.0 
136.0 37.0 
148.0 36.0 
134.0 38.0 
133.0 39.0 
91.0 71.0 
91.0 71.0 
84.0 74.0 
97.0 54.0 
96.0 64.0 
92.0 70.0 
92.0 70.0 
124.0 41.0 
124.0 41.0 
113.0 45.0 
113.0 45.0 
117.0 42.0 
109.0 47.0 
137.0 37.0 
156.0 36.0 
135.0 40.0 
84.0 79.0 
86.0 74.0 
86.0 74.0 
85.0 75.0 
97.0 56.0 
99.0 54.0 
134.0 41.0 
114.0 45.0 
119.0 42.0 
145.0 37.0 
84.0 81.0 
89.0 74.0 
97.0 58.0 
104.0 54.0 
104.0 54.0 
104.0 54.0 
99.0 56.0 
104.0 54.0 
101.0 55.0 
136.0 41.0 
115.0 46.0 
114.0 51.0 
120.0 44.0 
120.0 44.0 
120.0 44.0 
122.0 43.0 
129.0 42.0 
129.0 42.0 
146.0 40.0 
86.0 112.0 
141.0 41.0 
141.0 41.0 
87.0 82.0 
132.0 43.0 
91.0 74.0 
