91.0 86.0 
92.0 53.0 
141.0 41.0 
100.0 51.0 
141.0 41.0 
120.0 44.0 
97.0 56.0 
92.0 84.0 
95.0 74.0 
104.0 54.0 
158.0 43.0 
122.0 48.0 
141.0 46.0 
157.0 44.0 
121.0 53.0 
103.0 63.0 
103.0 63.0 
103.0 63.0 
103.0 63.0 
103.0 63.0 
101.0 65.0 
96.0 76.0 
96.0 76.0 
98.0 74.0 
108.0 54.0 
104.0 61.0 
164.0 43.0 
142.0 49.0 
148.0 46.0 
96.0 78.0 
98.0 75.0 
110.0 58.0 
114.0 54.0 
107.0 64.0 
107.0 64.0 
180.0 43.0 
166.0 44.0 
165.0 45.0 
143.0 51.0 
145.0 50.0 
142.0 52.0 
145.0 50.0 
161.0 47.0 
161.0 47.0 
149.0 48.0 
162.0 46.0 
99.0 77.0 
99.0 77.0 
103.0 75.0 
103.0 75.0 
103.0 75.0 
98.0 80.0 
103.0 75.0 
103.0 75.0 
111.0 62.0 
122.0 55.0 
122.0 55.0 
107.0 72.0 
194.0 44.0 
148.0 52.0 
155.0 48.0 
153.0 50.0 
165.0 47.0 
193.0 46.0 
102.0 79.0 
101.0 92.0 
101.0 92.0 
99.0 97.0 
104.0 78.0 
113.0 62.0 
111.0 65.0 
134.0 55.0 
134.0 55.0 
125.0 58.0 
125.0 58.0 
107.0 74.0 
151.0 52.0 
148.0 53.0 
160.0 49.0 
156.0 50.0 
156.0 50.0 
167.0 47.0 
167.0 47.0 
167.0 47.0 
167.0 47.0 
167.0 47.0 
167.0 47.0 
167.0 47.0 
205.0 46.0 
99.0 107.0 
99.0 107.0 
176.0 47.0 
113.0 63.0 
172.0 50.0 
156.0 53.0 
137.0 55.0 
154.0 54.0 
127.0 61.0 
101.0 94.0 
112.0 71.0 
