124.0 119.0 
129.0 99.0 
167.0 59.0 
141.0 69.0 
125.0 101.0 
131.0 75.0 
141.0 69.0 
124.0 140.0 
180.0 63.0 
128.0 118.0 
135.0 94.0 
135.0 94.0 
135.0 94.0 
169.0 74.0 
179.0 72.0 
169.0 74.0 
200.0 68.0 
180.0 71.0 
134.0 120.0 
134.0 120.0 
134.0 120.0 
129.0 121.0 
135.0 117.0 
142.0 94.0 
176.0 86.0 
235.0 68.0 
204.0 69.0 
187.0 82.0 
187.0 82.0 
195.0 72.0 
133.0 121.0 
133.0 121.0 
132.0 128.0 
142.0 109.0 
147.0 95.0 
172.0 94.0 
146.0 103.0 
183.0 87.0 
180.0 90.0 
177.0 92.0 
224.0 70.0 
215.0 71.0 
215.0 71.0 
193.0 84.0 
198.0 72.0 
139.0 121.0 
144.0 116.0 
161.0 97.0 
161.0 97.0 
167.0 96.0 
161.0 97.0 
161.0 97.0 
167.0 96.0 
147.0 99.0 
161.0 97.0 
151.0 98.0 
241.0 71.0 
193.0 85.0 
202.0 72.0 
201.0 75.0 
201.0 75.0 
200.0 84.0 
139.0 122.0 
146.0 121.0 
170.0 96.0 
150.0 106.0 
149.0 113.0 
151.0 102.0 
166.0 98.0 
197.0 86.0 
207.0 72.0 
202.0 73.0 
201.0 79.0 
142.0 126.0 
139.0 156.0 
141.0 127.0 
148.0 121.0 
196.0 96.0 
150.0 109.0 
151.0 107.0 
169.0 100.0 
171.0 98.0 
212.0 73.0 
212.0 73.0 
139.0 179.0 
139.0 179.0 
178.0 98.0 
140.0 173.0 
143.0 138.0 
199.0 86.0 
149.0 123.0 
171.0 99.0 
156.0 108.0 
150.0 110.0 
146.0 135.0 
166.0 107.0 
207.0 77.0 
199.0 86.0 
203.0 80.0 
201.0 82.0 
