57.0 55.0 
89.0 45.0 
142.0 28.0 
163.0 27.0 
123.0 33.0 
53.0 57.0 
90.0 42.0 
51.0 64.0 
142.0 28.0 
77.0 47.0 
63.0 51.0 
73.0 50.0 
120.0 36.0 
90.0 42.0 
53.0 57.0 
93.0 37.0 
169.0 27.0 
138.0 33.0 
127.0 34.0 
127.0 34.0 
145.0 30.0 
82.0 48.0 
83.0 47.0 
82.0 48.0 
77.0 49.0 
63.0 53.0 
64.0 51.0 
121.0 36.0 
90.0 46.0 
90.0 46.0 
53.0 63.0 
57.0 60.0 
60.0 59.0 
57.0 60.0 
94.0 41.0 
99.0 39.0 
94.0 41.0 
94.0 41.0 
99.0 39.0 
99.0 39.0 
108.0 38.0 
171.0 27.0 
169.0 28.0 
131.0 34.0 
129.0 35.0 
150.0 31.0 
84.0 48.0 
77.0 50.0 
77.0 50.0 
77.0 50.0 
63.0 54.0 
73.0 52.0 
64.0 53.0 
121.0 37.0 
121.0 37.0 
123.0 36.0 
123.0 36.0 
92.0 46.0 
55.0 63.0 
54.0 64.0 
61.0 59.0 
58.0 62.0 
60.0 60.0 
58.0 62.0 
95.0 42.0 
94.0 44.0 
95.0 42.0 
95.0 42.0 
101.0 40.0 
114.0 39.0 
114.0 39.0 
173.0 28.0 
171.0 29.0 
173.0 28.0 
171.0 29.0 
173.0 28.0 
173.0 28.0 
171.0 29.0 
132.0 34.0 
132.0 34.0 
130.0 35.0 
150.0 32.0 
154.0 31.0 
85.0 48.0 
77.0 51.0 
79.0 50.0 
75.0 52.0 
64.0 54.0 
123.0 37.0 
127.0 36.0 
127.0 36.0 
55.0 64.0 
63.0 59.0 
62.0 62.0 
96.0 42.0 
95.0 43.0 
102.0 40.0 
116.0 39.0 
116.0 39.0 
174.0 28.0 
