68.0 30.0 
66.0 46.0 
73.0 21.0 
71.0 33.0 
77.0 21.0 
74.0 29.0 
77.0 21.0 
74.0 35.0 
77.0 22.0 
74.0 40.0 
78.0 22.0 
77.0 31.0 
76.0 42.0 
80.0 23.0 
79.0 26.0 
77.0 39.0 
82.0 24.0 
79.0 27.0 
77.0 40.0 
83.0 26.0 
79.0 32.0 
80.0 31.0 
81.0 29.0 
80.0 31.0 
78.0 46.0 
108.0 26.0 
89.0 27.0 
79.0 43.0 
83.0 30.0 
85.0 29.0 
82.0 31.0 
80.0 40.0 
78.0 47.0 
90.0 27.0 
84.0 31.0 
82.0 34.0 
81.0 41.0 
81.0 41.0 
81.0 41.0 
78.0 50.0 
90.0 29.0 
92.0 28.0 
95.0 27.0 
92.0 28.0 
86.0 31.0 
86.0 31.0 
83.0 34.0 
82.0 41.0 
80.0 52.0 
91.0 29.0 
114.0 27.0 
89.0 31.0 
87.0 32.0 
89.0 31.0 
84.0 36.0 
84.0 36.0 
82.0 43.0 
94.0 29.0 
87.0 34.0 
88.0 32.0 
87.0 34.0 
84.0 39.0 
85.0 37.0 
85.0 37.0 
85.0 37.0 
96.0 29.0 
96.0 29.0 
95.0 31.0 
96.0 29.0 
91.0 32.0 
88.0 36.0 
90.0 35.0 
84.0 40.0 
86.0 38.0 
86.0 38.0 
115.0 29.0 
103.0 30.0 
93.0 32.0 
91.0 34.0 
91.0 34.0 
93.0 32.0 
90.0 36.0 
90.0 36.0 
90.0 36.0 
84.0 41.0 
84.0 41.0 
84.0 41.0 
84.0 41.0 
84.0 41.0 
86.0 39.0 
87.0 38.0 
113.0 31.0 
85.0 42.0 
85.0 42.0 
95.0 32.0 
88.0 39.0 
91.0 35.0 
86.0 41.0 
88.0 39.0 
92.0 34.0 
