261.0 222.0 
1673.0 102.0 
261.0 222.0 
1673.0 102.0 
1367.0 110.0 
858.0 130.0 
1232.0 115.0 
990.0 124.0 
777.0 134.0 
699.0 141.0 
338.0 171.0 
283.0 205.0 
292.0 194.0 
269.0 211.0 
1484.0 109.0 
1556.0 103.0 
462.0 155.0 
760.0 139.0 
1232.0 115.0 
328.0 180.0 
1178.0 117.0 
540.0 149.0 
1530.0 104.0 
384.0 162.0 
1178.0 117.0 
515.0 153.0 
1097.0 121.0 
1097.0 121.0 
366.0 165.0 
909.0 128.0 
619.0 147.0 
338.0 171.0 
936.0 125.0 
1044.0 122.0 
1511.0 108.0 
682.0 144.0 
597.0 148.0 
315.0 185.0 
1044.0 122.0 
777.0 134.0 
366.0 165.0 
410.0 160.0 
646.0 145.0 
298.0 189.0 
515.0 153.0 
309.0 188.0 
325.0 181.0 
292.0 194.0 
760.0 139.0 
646.0 145.0 
1484.0 109.0 
295.0 191.0 
1556.0 103.0 
936.0 125.0 
910.0 127.0 
270.0 210.0 
540.0 149.0 
437.0 157.0 
436.0 158.0 
411.0 159.0 
597.0 148.0 
271.0 208.0 
1511.0 108.0 
318.0 183.0 
682.0 144.0 
318.0 183.0 
295.0 191.0 
280.0 206.0 
437.0 157.0 
910.0 127.0 
271.0 208.0 
328.0 180.0 
280.0 206.0 
283.0 205.0 
269.0 211.0 
309.0 188.0 
411.0 159.0 
436.0 158.0 
1673.0 102.0 
261.0 222.0 
1097.0 121.0 
515.0 153.0 
1232.0 115.0 
1044.0 122.0 
910.0 127.0 
366.0 165.0 
309.0 188.0 
269.0 211.0 
760.0 139.0 
1511.0 108.0 
936.0 125.0 
646.0 145.0 
540.0 149.0 
318.0 183.0 
328.0 180.0 
261.0 222.0 
1673.0 102.0 
1097.0 121.0 
366.0 165.0 
1511.0 108.0 
