129.0 62.0 
193.0 60.0 
125.0 68.0 
136.0 66.0 
139.0 62.0 
129.0 72.0 
132.0 68.0 
143.0 66.0 
130.0 98.0 
131.0 86.0 
134.0 71.0 
148.0 69.0 
132.0 115.0 
140.0 75.0 
135.0 76.0 
149.0 69.0 
145.0 76.0 
135.0 91.0 
137.0 78.0 
149.0 71.0 
149.0 71.0 
149.0 71.0 
155.0 70.0 
147.0 77.0 
147.0 77.0 
135.0 104.0 
141.0 78.0 
137.0 79.0 
153.0 74.0 
153.0 74.0 
149.0 75.0 
156.0 71.0 
140.0 79.0 
139.0 80.0 
138.0 92.0 
152.0 75.0 
152.0 75.0 
152.0 75.0 
152.0 75.0 
149.0 77.0 
212.0 71.0 
212.0 71.0 
156.0 72.0 
144.0 79.0 
144.0 79.0 
144.0 79.0 
142.0 84.0 
138.0 98.0 
141.0 93.0 
153.0 76.0 
213.0 71.0 
156.0 75.0 
156.0 75.0 
156.0 75.0 
156.0 75.0 
165.0 73.0 
144.0 80.0 
149.0 79.0 
143.0 84.0 
138.0 120.0 
141.0 98.0 
153.0 77.0 
216.0 71.0 
157.0 75.0 
171.0 74.0 
177.0 73.0 
145.0 80.0 
145.0 80.0 
151.0 79.0 
143.0 85.0 
144.0 84.0 
141.0 104.0 
142.0 100.0 
156.0 77.0 
156.0 77.0 
156.0 77.0 
156.0 77.0 
154.0 78.0 
218.0 71.0 
158.0 76.0 
174.0 75.0 
179.0 74.0 
146.0 80.0 
145.0 81.0 
143.0 88.0 
141.0 121.0 
183.0 75.0 
183.0 75.0 
142.0 125.0 
174.0 76.0 
143.0 99.0 
157.0 77.0 
144.0 93.0 
154.0 79.0 
147.0 81.0 
145.0 87.0 
143.0 99.0 
156.0 78.0 
145.0 87.0 
146.0 83.0 
