1252.0 239.0 
1679.0 220.0 
1210.0 247.0 
478.0 294.0 
449.0 306.0 
1250.0 246.0 
960.0 255.0 
1425.0 224.0 
503.0 262.0 
1252.0 240.0 
1350.0 239.0 
1939.0 222.0 
480.0 294.0 
449.0 307.0 
1046.0 255.0 
1454.0 226.0 
1666.0 225.0 
517.0 273.0 
708.0 271.0 
766.0 263.0 
961.0 262.0 
511.0 291.0 
1342.0 240.0 
1286.0 248.0 
1316.0 242.0 
1950.0 222.0 
506.0 295.0 
482.0 296.0 
452.0 343.0 
450.0 379.0 
457.0 319.0 
460.0 316.0 
451.0 346.0 
1257.0 261.0 
1257.0 261.0 
1620.0 231.0 
1620.0 231.0 
1480.0 232.0 
1835.0 230.0 
1846.0 229.0 
1903.0 226.0 
1835.0 230.0 
664.0 280.0 
752.0 277.0 
938.0 264.0 
917.0 265.0 
908.0 267.0 
775.0 272.0 
790.0 269.0 
968.0 262.0 
524.0 291.0 
524.0 291.0 
513.0 294.0 
1311.0 254.0 
1302.0 256.0 
1316.0 246.0 
1444.0 243.0 
1358.0 244.0 
1952.0 224.0 
493.0 297.0 
493.0 297.0 
483.0 298.0 
480.0 318.0 
469.0 333.0 
477.0 319.0 
466.0 349.0 
462.0 399.0 
1276.0 261.0 
1276.0 261.0 
1490.0 236.0 
1632.0 233.0 
1901.0 229.0 
1941.0 226.0 
1846.0 230.0 
1846.0 230.0 
1836.0 231.0 
1836.0 231.0 
714.0 288.0 
714.0 288.0 
718.0 287.0 
744.0 284.0 
940.0 266.0 
777.0 272.0 
996.0 264.0 
552.0 291.0 
530.0 294.0 
468.0 354.0 
468.0 354.0 
1976.0 226.0 
480.0 335.0 
483.0 303.0 
1854.0 230.0 
959.0 266.0 
1281.0 264.0 
552.0 292.0 
1319.0 250.0 
1444.0 244.0 
722.0 288.0 
832.0 273.0 
778.0 275.0 
