96.0 41.0 
56.0 63.0 
58.0 62.0 
134.0 35.0 
66.0 61.0 
135.0 32.0 
93.0 42.0 
99.0 39.0 
88.0 45.0 
67.0 49.0 
97.0 41.0 
97.0 41.0 
57.0 63.0 
59.0 62.0 
138.0 34.0 
138.0 34.0 
138.0 34.0 
135.0 35.0 
95.0 42.0 
95.0 42.0 
115.0 40.0 
93.0 46.0 
73.0 53.0 
73.0 53.0 
74.0 51.0 
67.0 61.0 
78.0 49.0 
69.0 56.0 
73.0 53.0 
100.0 41.0 
57.0 66.0 
57.0 66.0 
58.0 64.0 
65.0 62.0 
59.0 63.0 
59.0 63.0 
59.0 63.0 
154.0 34.0 
139.0 38.0 
141.0 36.0 
141.0 36.0 
142.0 35.0 
99.0 42.0 
98.0 43.0 
137.0 40.0 
137.0 40.0 
137.0 40.0 
97.0 46.0 
95.0 47.0 
80.0 50.0 
90.0 49.0 
70.0 56.0 
70.0 56.0 
76.0 54.0 
77.0 53.0 
77.0 53.0 
101.0 41.0 
101.0 41.0 
57.0 70.0 
57.0 70.0 
58.0 65.0 
58.0 65.0 
69.0 62.0 
60.0 63.0 
60.0 63.0 
60.0 63.0 
140.0 38.0 
140.0 38.0 
145.0 36.0 
142.0 37.0 
157.0 35.0 
100.0 42.0 
99.0 43.0 
99.0 43.0 
138.0 40.0 
85.0 50.0 
82.0 51.0 
85.0 50.0 
97.0 49.0 
70.0 57.0 
70.0 57.0 
71.0 56.0 
81.0 53.0 
78.0 54.0 
58.0 66.0 
58.0 66.0 
163.0 35.0 
163.0 35.0 
103.0 41.0 
140.0 39.0 
72.0 56.0 
65.0 63.0 
95.0 50.0 
83.0 52.0 
146.0 36.0 
99.0 45.0 
99.0 45.0 
60.0 64.0 
78.0 55.0 
82.0 54.0 
