522.0 146.0 
590.0 139.0 
297.0 185.0 
522.0 146.0 
541.0 145.0 
620.0 135.0 
381.0 153.0 
389.0 152.0 
380.0 155.0 
590.0 139.0 
804.0 123.0 
522.0 146.0 
1211.0 108.0 
522.0 146.0 
924.0 120.0 
344.0 158.0 
918.0 121.0 
1690.0 87.0 
1180.0 109.0 
924.0 120.0 
729.0 132.0 
410.0 149.0 
1639.0 90.0 
622.0 134.0 
298.0 184.0 
317.0 174.0 
918.0 121.0 
410.0 149.0 
522.0 146.0 
1364.0 99.0 
918.0 121.0 
781.0 124.0 
522.0 146.0 
278.0 188.0 
992.0 119.0 
1364.0 99.0 
1230.0 106.0 
622.0 134.0 
729.0 132.0 
298.0 184.0 
1179.0 110.0 
389.0 152.0 
412.0 148.0 
1261.0 103.0 
595.0 137.0 
918.0 121.0 
304.0 182.0 
1211.0 108.0 
314.0 176.0 
739.0 131.0 
804.0 123.0 
924.0 120.0 
1047.0 115.0 
1257.0 104.0 
1100.0 111.0 
729.0 132.0 
319.0 170.0 
924.0 120.0 
588.0 141.0 
1211.0 108.0 
726.0 133.0 
314.0 176.0 
590.0 139.0 
545.0 142.0 
1261.0 103.0 
1364.0 99.0 
726.0 133.0 
344.0 158.0 
1472.0 94.0 
998.0 118.0 
777.0 126.0 
304.0 182.0 
992.0 119.0 
804.0 123.0 
321.0 167.0 
924.0 120.0 
1690.0 87.0 
412.0 148.0 
278.0 188.0 
1690.0 87.0 
522.0 146.0 
1180.0 109.0 
751.0 128.0 
1553.0 91.0 
622.0 134.0 
279.0 191.0 
279.0 191.0 
1691.0 87.0 
1262.0 104.0 
1101.0 111.0 
545.0 143.0 
410.0 153.0 
1478.0 96.0 
321.0 175.0 
788.0 128.0 
1679.0 91.0 
726.0 134.0 
1364.0 100.0 
966.0 122.0 
1528.0 95.0 
