1561.0 115.0 
320.0 209.0 
1561.0 115.0 
320.0 209.0 
1286.0 123.0 
1205.0 125.0 
436.0 170.0 
858.0 140.0 
1108.0 133.0 
990.0 134.0 
422.0 178.0 
702.0 152.0 
326.0 206.0 
437.0 167.0 
352.0 197.0 
1340.0 121.0 
1182.0 129.0 
726.0 148.0 
1430.0 120.0 
546.0 164.0 
836.0 143.0 
521.0 165.0 
678.0 154.0 
388.0 181.0 
1131.0 131.0 
915.0 138.0 
967.0 136.0 
915.0 138.0 
1479.0 118.0 
1457.0 119.0 
374.0 189.0 
780.0 145.0 
374.0 189.0 
1340.0 121.0 
780.0 145.0 
353.0 194.0 
625.0 157.0 
352.0 197.0 
376.0 185.0 
726.0 148.0 
583.0 162.0 
605.0 160.0 
353.0 194.0 
376.0 185.0 
422.0 178.0 
652.0 155.0 
326.0 206.0 
388.0 181.0 
521.0 165.0 
967.0 136.0 
583.0 162.0 
605.0 160.0 
625.0 157.0 
1539.0 116.0 
1507.0 117.0 
810.0 144.0 
1507.0 117.0 
652.0 155.0 
1155.0 130.0 
1430.0 120.0 
810.0 144.0 
1155.0 130.0 
990.0 134.0 
1108.0 133.0 
1539.0 116.0 
321.0 208.0 
437.0 167.0 
321.0 208.0 
353.0 194.0 
326.0 206.0 
353.0 194.0 
353.0 194.0 
353.0 194.0 
321.0 208.0 
374.0 189.0 
352.0 197.0 
521.0 165.0 
353.0 194.0 
352.0 197.0 
353.0 194.0 
353.0 194.0 
352.0 197.0 
374.0 189.0 
352.0 197.0 
352.0 197.0 
321.0 208.0 
990.0 134.0 
780.0 145.0 
352.0 197.0 
1539.0 116.0 
652.0 155.0 
352.0 197.0 
321.0 208.0 
521.0 165.0 
353.0 194.0 
437.0 167.0 
352.0 197.0 
352.0 197.0 
321.0 208.0 
990.0 134.0 
