305.0 205.0 
1733.0 105.0 
305.0 205.0 
409.0 172.0 
1275.0 117.0 
378.0 177.0 
420.0 165.0 
1222.0 122.0 
1410.0 116.0 
1142.0 123.0 
759.0 141.0 
575.0 153.0 
630.0 151.0 
373.0 182.0 
535.0 158.0 
555.0 155.0 
316.0 202.0 
821.0 138.0 
1571.0 111.0 
1492.0 113.0 
473.0 164.0 
1571.0 111.0 
1005.0 130.0 
928.0 134.0 
873.0 135.0 
715.0 144.0 
1410.0 116.0 
1275.0 117.0 
1222.0 122.0 
362.0 187.0 
1141.0 126.0 
1657.0 108.0 
794.0 140.0 
1630.0 109.0 
715.0 144.0 
689.0 145.0 
1492.0 113.0 
867.0 136.0 
354.0 190.0 
367.0 185.0 
316.0 202.0 
851.0 137.0 
1032.0 129.0 
507.0 160.0 
1657.0 108.0 
1032.0 129.0 
794.0 140.0 
506.0 161.0 
952.0 133.0 
928.0 134.0 
367.0 185.0 
311.0 204.0 
358.0 189.0 
851.0 137.0 
507.0 160.0 
506.0 161.0 
420.0 165.0 
873.0 135.0 
952.0 133.0 
311.0 204.0 
358.0 189.0 
689.0 145.0 
1141.0 126.0 
305.0 205.0 
1222.0 122.0 
1571.0 111.0 
1410.0 116.0 
1275.0 117.0 
316.0 202.0 
1492.0 113.0 
1032.0 129.0 
305.0 205.0 
1603.0 110.0 
688.0 146.0 
1410.0 116.0 
1707.0 106.0 
794.0 140.0 
657.0 148.0 
1733.0 105.0 
1222.0 122.0 
1571.0 111.0 
373.0 182.0 
575.0 153.0 
479.0 163.0 
1035.0 128.0 
953.0 131.0 
630.0 151.0 
715.0 144.0 
1222.0 122.0 
367.0 185.0 
420.0 165.0 
1090.0 127.0 
759.0 141.0 
328.0 191.0 
305.0 205.0 
821.0 138.0 
1464.0 114.0 
1032.0 129.0 
715.0 144.0 
1141.0 126.0 
