147.0 138.0 
355.0 120.0 
153.0 122.0 
178.0 142.0 
189.0 123.0 
161.0 172.0 
182.0 151.0 
354.0 125.0 
230.0 127.0 
303.0 126.0 
222.0 137.0 
189.0 141.0 
199.0 140.0 
261.0 131.0 
195.0 141.0 
312.0 136.0 
342.0 134.0 
201.0 172.0 
207.0 141.0 
319.0 136.0 
205.0 187.0 
205.0 187.0 
218.0 162.0 
223.0 142.0 
270.0 141.0 
353.0 137.0 
326.0 138.0 
319.0 140.0 
207.0 201.0 
215.0 194.0 
218.0 167.0 
252.0 145.0 
248.0 164.0 
249.0 146.0 
233.0 165.0 
275.0 143.0 
369.0 139.0 
367.0 140.0 
218.0 168.0 
260.0 145.0 
249.0 150.0 
234.0 165.0 
286.0 144.0 
291.0 143.0 
377.0 142.0 
377.0 142.0 
233.0 224.0 
256.0 154.0 
284.0 150.0 
251.0 164.0 
234.0 212.0 
238.0 167.0 
237.0 169.0 
286.0 146.0 
337.0 143.0 
265.0 163.0 
275.0 155.0 
265.0 163.0 
271.0 156.0 
275.0 155.0 
262.0 165.0 
249.0 168.0 
239.0 190.0 
241.0 169.0 
331.0 147.0 
381.0 145.0 
276.0 160.0 
290.0 157.0 
273.0 166.0 
245.0 192.0 
252.0 176.0 
260.0 170.0 
332.0 147.0 
406.0 146.0 
286.0 164.0 
324.0 163.0 
257.0 179.0 
254.0 187.0 
403.0 154.0 
345.0 159.0 
387.0 155.0 
289.0 165.0 
307.0 164.0 
288.0 174.0 
259.0 182.0 
285.0 179.0 
256.0 203.0 
370.0 162.0 
375.0 160.0 
304.0 173.0 
310.0 170.0 
311.0 166.0 
288.0 177.0 
295.0 174.0 
260.0 189.0 
287.0 183.0 
393.0 163.0 
447.0 162.0 
324.0 166.0 
261.0 200.0 
