1661.0 130.0 
1661.0 130.0 
864.0 163.0 
1447.0 136.0 
828.0 164.0 
544.0 183.0 
724.0 174.0 
1528.0 133.0 
310.0 220.0 
864.0 163.0 
544.0 183.0 
1608.0 131.0 
1312.0 143.0 
989.0 153.0 
1364.0 142.0 
1528.0 133.0 
1447.0 136.0 
938.0 157.0 
985.0 154.0 
1122.0 147.0 
938.0 157.0 
1716.0 128.0 
310.0 220.0 
1364.0 142.0 
1608.0 131.0 
1312.0 143.0 
1716.0 128.0 
544.0 183.0 
748.0 170.0 
1691.0 129.0 
1717.0 126.0 
1528.0 133.0 
1392.0 137.0 
703.0 175.0 
1447.0 136.0 
464.0 186.0 
1717.0 126.0 
1717.0 126.0 
1661.0 130.0 
1016.0 152.0 
1716.0 128.0 
1122.0 147.0 
1392.0 137.0 
1528.0 133.0 
1231.0 144.0 
794.0 165.0 
544.0 183.0 
1528.0 133.0 
334.0 199.0 
1205.0 146.0 
985.0 154.0 
1608.0 131.0 
755.0 169.0 
1717.0 126.0 
875.0 159.0 
395.0 189.0 
1099.0 148.0 
620.0 176.0 
1016.0 152.0 
1364.0 142.0 
312.0 222.0 
1717.0 127.0 
1717.0 127.0 
320.0 221.0 
587.0 183.0 
352.0 203.0 
1397.0 139.0 
1306.0 144.0 
466.0 187.0 
1448.0 136.0 
395.0 191.0 
1661.0 131.0 
1205.0 147.0 
1007.0 153.0 
371.0 201.0 
1102.0 151.0 
1231.0 145.0 
992.0 157.0 
697.0 176.0 
620.0 178.0 
834.0 164.0 
888.0 162.0 
1529.0 134.0 
1529.0 134.0 
807.0 165.0 
1615.0 132.0 
1119.0 149.0 
731.0 175.0 
915.0 161.0 
411.0 190.0 
624.0 177.0 
938.0 158.0 
752.0 173.0 
804.0 169.0 
1615.0 132.0 
457.0 189.0 
757.0 171.0 
936.0 159.0 
352.0 203.0 
1115.0 150.0 
