598.0 307.0 
456.0 344.0 
604.0 305.0 
2171.0 223.0 
647.0 290.0 
1851.0 235.0 
1488.0 247.0 
1129.0 278.0 
1546.0 246.0 
1145.0 268.0 
452.0 361.0 
557.0 309.0 
2111.0 230.0 
1362.0 257.0 
1229.0 263.0 
647.0 290.0 
1104.0 288.0 
1794.0 244.0 
476.0 312.0 
468.0 355.0 
1962.0 242.0 
1135.0 280.0 
1762.0 254.0 
1170.0 278.0 
1176.0 268.0 
456.0 363.0 
625.0 309.0 
2379.0 235.0 
1394.0 262.0 
950.0 294.0 
695.0 295.0 
950.0 294.0 
1050.0 291.0 
695.0 295.0 
685.0 303.0 
1105.0 290.0 
1905.0 252.0 
1905.0 252.0 
486.0 330.0 
583.0 322.0 
485.0 348.0 
471.0 355.0 
1991.0 244.0 
2068.0 243.0 
1962.0 247.0 
1764.0 256.0 
1184.0 273.0 
1184.0 273.0 
1184.0 273.0 
1199.0 268.0 
630.0 318.0 
667.0 313.0 
1446.0 262.0 
1081.0 292.0 
1081.0 292.0 
696.0 298.0 
1151.0 290.0 
546.0 346.0 
546.0 346.0 
546.0 346.0 
568.0 335.0 
583.0 323.0 
545.0 352.0 
529.0 359.0 
502.0 361.0 
495.0 400.0 
502.0 361.0 
2003.0 244.0 
2122.0 243.0 
1969.0 248.0 
1908.0 256.0 
1830.0 259.0 
1187.0 287.0 
1202.0 274.0 
1351.0 269.0 
674.0 321.0 
693.0 317.0 
1693.0 265.0 
1507.0 267.0 
1761.0 262.0 
1134.0 294.0 
699.0 299.0 
1181.0 291.0 
569.0 346.0 
574.0 343.0 
611.0 337.0 
584.0 339.0 
621.0 325.0 
546.0 352.0 
544.0 359.0 
2148.0 243.0 
2148.0 243.0 
1184.0 294.0 
719.0 299.0 
705.0 305.0 
1399.0 276.0 
1568.0 269.0 
1826.0 265.0 
665.0 326.0 
1850.0 259.0 
