1656.0 91.0 
260.0 185.0 
260.0 185.0 
868.0 119.0 
949.0 117.0 
1469.0 100.0 
292.0 170.0 
305.0 158.0 
1353.0 102.0 
1207.0 111.0 
476.0 146.0 
1564.0 94.0 
1003.0 115.0 
1030.0 113.0 
280.0 172.0 
1093.0 112.0 
275.0 180.0 
1223.0 108.0 
1650.0 93.0 
763.0 124.0 
369.0 150.0 
422.0 149.0 
1305.0 106.0 
506.0 144.0 
746.0 127.0 
667.0 133.0 
684.0 130.0 
599.0 139.0 
1521.0 98.0 
1499.0 99.0 
1093.0 112.0 
1335.0 105.0 
630.0 135.0 
267.0 182.0 
422.0 149.0 
607.0 136.0 
816.0 122.0 
366.0 152.0 
816.0 122.0 
1305.0 106.0 
728.0 128.0 
323.0 155.0 
1538.0 96.0 
559.0 141.0 
329.0 154.0 
264.0 184.0 
799.0 123.0 
1353.0 102.0 
728.0 128.0 
1538.0 96.0 
684.0 130.0 
1223.0 108.0 
292.0 170.0 
554.0 142.0 
527.0 143.0 
315.0 157.0 
599.0 139.0 
527.0 143.0 
329.0 154.0 
280.0 172.0 
559.0 141.0 
275.0 180.0 
649.0 134.0 
1335.0 105.0 
649.0 134.0 
366.0 152.0 
799.0 123.0 
1207.0 111.0 
305.0 158.0 
607.0 136.0 
315.0 157.0 
1651.0 92.0 
554.0 142.0 
1651.0 92.0 
649.0 134.0 
1305.0 106.0 
728.0 128.0 
1223.0 108.0 
292.0 170.0 
527.0 143.0 
329.0 154.0 
280.0 172.0 
275.0 180.0 
1353.0 102.0 
1335.0 105.0 
366.0 152.0 
816.0 122.0 
1207.0 111.0 
305.0 158.0 
554.0 142.0 
305.0 158.0 
275.0 180.0 
728.0 128.0 
305.0 158.0 
275.0 180.0 
275.0 180.0 
366.0 152.0 
728.0 128.0 
366.0 152.0 
554.0 142.0 
