803.0 119.0 
788.0 120.0 
803.0 119.0 
301.0 152.0 
301.0 152.0 
1027.0 109.0 
1440.0 97.0 
301.0 152.0 
507.0 139.0 
536.0 136.0 
301.0 152.0 
301.0 152.0 
487.0 142.0 
926.0 114.0 
730.0 123.0 
803.0 119.0 
503.0 140.0 
266.0 168.0 
972.0 110.0 
1482.0 95.0 
257.0 175.0 
1087.0 108.0 
468.0 143.0 
942.0 112.0 
335.0 148.0 
757.0 122.0 
1513.0 91.0 
1087.0 108.0 
335.0 148.0 
351.0 147.0 
250.0 180.0 
926.0 114.0 
468.0 143.0 
335.0 148.0 
788.0 120.0 
1440.0 97.0 
926.0 114.0 
1500.0 94.0 
1500.0 94.0 
507.0 139.0 
301.0 152.0 
875.0 115.0 
1240.0 102.0 
266.0 168.0 
1440.0 97.0 
266.0 168.0 
274.0 167.0 
730.0 123.0 
788.0 120.0 
972.0 110.0 
1162.0 104.0 
700.0 127.0 
1324.0 98.0 
257.0 175.0 
250.0 180.0 
1644.0 88.0 
603.0 132.0 
1440.0 97.0 
942.0 112.0 
1087.0 108.0 
536.0 136.0 
972.0 110.0 
254.0 177.0 
638.0 131.0 
250.0 180.0 
250.0 180.0 
284.0 155.0 
1324.0 98.0 
730.0 123.0 
700.0 127.0 
543.0 134.0 
651.0 129.0 
864.0 116.0 
507.0 139.0 
543.0 134.0 
700.0 127.0 
788.0 120.0 
257.0 175.0 
1513.0 91.0 
1087.0 108.0 
412.0 144.0 
1617.0 89.0 
665.0 128.0 
1658.0 88.0 
250.0 181.0 
250.0 181.0 
1342.0 98.0 
1528.0 91.0 
287.0 156.0 
530.0 141.0 
1038.0 110.0 
655.0 129.0 
1132.0 109.0 
1197.0 106.0 
951.0 113.0 
428.0 144.0 
419.0 145.0 
1244.0 102.0 
301.0 153.0 
335.0 149.0 
