308.0 200.0 
352.0 189.0 
308.0 200.0 
308.0 200.0 
612.0 164.0 
1252.0 134.0 
308.0 200.0 
285.0 234.0 
412.0 178.0 
456.0 175.0 
959.0 143.0 
305.0 202.0 
995.0 142.0 
308.0 200.0 
352.0 189.0 
612.0 164.0 
1413.0 127.0 
352.0 189.0 
302.0 205.0 
1010.0 138.0 
1413.0 127.0 
754.0 152.0 
829.0 151.0 
959.0 143.0 
1194.0 135.0 
305.0 202.0 
612.0 164.0 
1597.0 117.0 
688.0 154.0 
1413.0 127.0 
829.0 151.0 
1463.0 125.0 
733.0 153.0 
1559.0 120.0 
470.0 172.0 
1330.0 130.0 
1736.0 108.0 
344.0 191.0 
302.0 205.0 
684.0 155.0 
881.0 147.0 
1165.0 137.0 
754.0 152.0 
295.0 225.0 
556.0 169.0 
559.0 166.0 
1736.0 108.0 
829.0 151.0 
667.0 161.0 
384.0 180.0 
288.0 235.0 
1770.0 113.0 
833.0 152.0 
296.0 226.0 
1716.0 118.0 
1335.0 132.0 
1011.0 139.0 
688.0 155.0 
948.0 147.0 
1171.0 137.0 
302.0 210.0 
1171.0 137.0 
349.0 191.0 
1474.0 126.0 
389.0 183.0 
1336.0 130.0 
1571.0 123.0 
311.0 201.0 
1581.0 122.0 
613.0 164.0 
1474.0 126.0 
583.0 166.0 
456.0 177.0 
669.0 161.0 
556.0 171.0 
995.0 143.0 
960.0 144.0 
498.0 172.0 
685.0 160.0 
304.0 205.0 
1768.0 116.0 
347.0 194.0 
482.0 175.0 
347.0 194.0 
302.0 210.0 
408.0 180.0 
1581.0 122.0 
308.0 203.0 
396.0 181.0 
488.0 173.0 
1336.0 130.0 
408.0 180.0 
556.0 171.0 
1768.0 116.0 
1171.0 137.0 
1171.0 137.0 
1171.0 137.0 
1171.0 137.0 
556.0 171.0 
556.0 171.0 
