1654.0 127.0 
308.0 193.0 
308.0 193.0 
1222.0 141.0 
1168.0 143.0 
1276.0 139.0 
1384.0 135.0 
552.0 171.0 
1520.0 133.0 
1411.0 134.0 
1062.0 148.0 
324.0 188.0 
926.0 153.0 
846.0 155.0 
926.0 153.0 
1303.0 138.0 
1040.0 150.0 
450.0 181.0 
503.0 178.0 
825.0 156.0 
1629.0 129.0 
983.0 152.0 
401.0 186.0 
345.0 187.0 
696.0 164.0 
1114.0 145.0 
1330.0 137.0 
987.0 151.0 
825.0 156.0 
773.0 159.0 
661.0 166.0 
714.0 162.0 
1114.0 145.0 
1330.0 137.0 
1087.0 146.0 
424.0 183.0 
773.0 159.0 
507.0 174.0 
505.0 175.0 
846.0 155.0 
424.0 183.0 
528.0 173.0 
586.0 169.0 
1591.0 130.0 
1551.0 131.0 
696.0 164.0 
1591.0 130.0 
661.0 166.0 
586.0 169.0 
742.0 161.0 
633.0 167.0 
475.0 179.0 
1411.0 134.0 
1195.0 142.0 
633.0 167.0 
769.0 160.0 
1547.0 132.0 
1520.0 133.0 
606.0 168.0 
742.0 161.0 
1195.0 142.0 
1087.0 146.0 
1629.0 129.0 
528.0 173.0 
403.0 185.0 
1040.0 150.0 
345.0 187.0 
475.0 179.0 
403.0 185.0 
454.0 180.0 
606.0 168.0 
714.0 162.0 
324.0 188.0 
454.0 180.0 
987.0 151.0 
1551.0 131.0 
769.0 160.0 
1547.0 132.0 
983.0 152.0 
505.0 175.0 
401.0 186.0 
503.0 178.0 
308.0 193.0 
926.0 153.0 
825.0 156.0 
424.0 183.0 
773.0 159.0 
846.0 155.0 
696.0 164.0 
454.0 180.0 
1040.0 150.0 
633.0 167.0 
742.0 161.0 
1520.0 133.0 
1629.0 129.0 
528.0 173.0 
1330.0 137.0 
475.0 179.0 
1547.0 132.0 
983.0 152.0 
