40.0 36.0 
31.0 45.0 
78.0 18.0 
29.0 78.0 
65.0 31.0 
45.0 42.0 
55.0 40.0 
58.0 37.0 
32.0 70.0 
32.0 70.0 
36.0 57.0 
79.0 19.0 
79.0 19.0 
65.0 35.0 
66.0 33.0 
46.0 42.0 
45.0 44.0 
60.0 38.0 
32.0 79.0 
32.0 79.0 
38.0 71.0 
107.0 23.0 
101.0 30.0 
70.0 37.0 
71.0 33.0 
48.0 42.0 
45.0 68.0 
47.0 45.0 
47.0 45.0 
65.0 38.0 
39.0 80.0 
40.0 75.0 
109.0 31.0 
84.0 34.0 
73.0 37.0 
73.0 37.0 
48.0 43.0 
45.0 69.0 
68.0 42.0 
72.0 41.0 
68.0 42.0 
40.0 77.0 
155.0 32.0 
87.0 34.0 
73.0 38.0 
51.0 50.0 
48.0 60.0 
55.0 48.0 
60.0 43.0 
49.0 57.0 
58.0 44.0 
46.0 71.0 
70.0 42.0 
40.0 78.0 
111.0 35.0 
111.0 35.0 
99.0 36.0 
111.0 35.0 
76.0 40.0 
85.0 38.0 
52.0 50.0 
57.0 48.0 
49.0 63.0 
63.0 44.0 
58.0 46.0 
75.0 43.0 
41.0 93.0 
99.0 37.0 
111.0 36.0 
111.0 36.0 
78.0 42.0 
78.0 42.0 
85.0 40.0 
85.0 40.0 
92.0 38.0 
92.0 38.0 
85.0 40.0 
85.0 40.0 
85.0 40.0 
85.0 40.0 
85.0 40.0 
85.0 40.0 
91.0 39.0 
85.0 40.0 
54.0 54.0 
49.0 70.0 
50.0 67.0 
63.0 45.0 
63.0 45.0 
66.0 44.0 
62.0 47.0 
139.0 37.0 
121.0 38.0 
108.0 39.0 
108.0 39.0 
88.0 40.0 
49.0 78.0 
49.0 78.0 
124.0 38.0 
50.0 71.0 
