1967.0 628.0 
2429.0 562.0 
2307.0 567.0 
1968.0 620.0 
2008.0 613.0 
2174.0 586.0 
2123.0 587.0 
1968.0 620.0 
1967.0 628.0 
2337.0 565.0 
2015.0 605.0 
2189.0 571.0 
2307.0 567.0 
1967.0 628.0 
2174.0 586.0 
2189.0 571.0 
1939.0 636.0 
2424.0 564.0 
2058.0 598.0 
1970.0 617.0 
2179.0 574.0 
2069.0 596.0 
2174.0 586.0 
2435.0 562.0 
2435.0 562.0 
2435.0 562.0 
2128.0 587.0 
2372.0 566.0 
2018.0 614.0 
2035.0 605.0 
2027.0 610.0 
2307.0 569.0 
2349.0 568.0 
1967.0 631.0 
1967.0 631.0 
2239.0 572.0 
2237.0 573.0 
2239.0 572.0 
1939.0 640.0 
1941.0 637.0 
1941.0 637.0 
2063.0 603.0 
2004.0 619.0 
2014.0 618.0 
1980.0 620.0 
1972.0 628.0 
2199.0 579.0 
2198.0 584.0 
2207.0 574.0 
2201.0 576.0 
2115.0 596.0 
2115.0 596.0 
2115.0 596.0 
2073.0 602.0 
2074.0 600.0 
2085.0 599.0 
2115.0 596.0 
2115.0 596.0 
2438.0 562.0 
2136.0 594.0 
2136.0 594.0 
2136.0 594.0 
2155.0 593.0 
2155.0 593.0 
2182.0 587.0 
2181.0 590.0 
2018.0 615.0 
2047.0 605.0 
2047.0 605.0 
2039.0 612.0 
2307.0 570.0 
2332.0 569.0 
1969.0 632.0 
1969.0 632.0 
2301.0 572.0 
1939.0 641.0 
1944.0 639.0 
1946.0 637.0 
2066.0 604.0 
2069.0 603.0 
1991.0 625.0 
1987.0 626.0 
1995.0 621.0 
1974.0 629.0 
2199.0 585.0 
2219.0 575.0 
2202.0 576.0 
2077.0 602.0 
2086.0 599.0 
2122.0 597.0 
2122.0 597.0 
2438.0 563.0 
2438.0 563.0 
1939.0 643.0 
1939.0 643.0 
2184.0 588.0 
2229.0 578.0 
2331.0 571.0 
1995.0 624.0 
2205.0 581.0 
