1978.0 736.0 
2095.0 653.0 
2095.0 653.0 
1984.0 710.0 
1957.0 739.0 
2364.0 593.0 
2101.0 631.0 
1981.0 735.0 
2074.0 662.0 
2025.0 667.0 
2108.0 606.0 
1990.0 684.0 
2364.0 593.0 
1957.0 739.0 
2028.0 671.0 
2030.0 668.0 
2258.0 608.0 
2165.0 617.0 
2124.0 638.0 
2258.0 608.0 
2020.0 693.0 
2009.0 713.0 
2479.0 594.0 
2392.0 605.0 
2386.0 607.0 
2479.0 594.0 
1961.0 744.0 
2035.0 676.0 
2044.0 670.0 
2033.0 677.0 
2076.0 669.0 
2191.0 624.0 
2179.0 637.0 
2202.0 620.0 
2148.0 652.0 
2158.0 642.0 
2142.0 655.0 
2130.0 668.0 
2146.0 654.0 
2363.0 609.0 
2365.0 608.0 
2334.0 619.0 
2020.0 702.0 
2031.0 699.0 
2011.0 734.0 
2479.0 606.0 
2585.0 601.0 
2524.0 602.0 
1987.0 752.0 
2071.0 670.0 
2070.0 675.0 
2041.0 682.0 
2046.0 679.0 
2041.0 682.0 
2253.0 621.0 
2249.0 622.0 
2216.0 630.0 
2204.0 635.0 
2242.0 624.0 
2249.0 622.0 
2174.0 643.0 
2172.0 649.0 
2166.0 652.0 
2143.0 661.0 
2153.0 656.0 
2146.0 659.0 
2380.0 613.0 
2380.0 613.0 
2442.0 610.0 
2380.0 613.0 
2380.0 613.0 
2030.0 709.0 
2030.0 709.0 
2024.0 713.0 
2020.0 736.0 
2012.0 748.0 
2013.0 747.0 
2011.0 749.0 
2011.0 749.0 
2012.0 748.0 
2011.0 749.0 
2012.0 748.0 
2015.0 738.0 
2012.0 748.0 
2011.0 749.0 
2511.0 606.0 
2496.0 607.0 
2000.0 765.0 
2000.0 765.0 
1989.0 792.0 
2627.0 606.0 
2007.0 788.0 
2026.0 717.0 
2383.0 616.0 
2042.0 692.0 
2024.0 747.0 
2326.0 621.0 
2475.0 615.0 
2509.0 609.0 
2267.0 623.0 
