1642.0 547.0 
1648.0 545.0 
1757.0 486.0 
1765.0 470.0 
1780.0 464.0 
1767.0 467.0 
1684.0 523.0 
1709.0 505.0 
1620.0 556.0 
1780.0 464.0 
1668.0 527.0 
1646.0 546.0 
1690.0 515.0 
1684.0 523.0 
1690.0 515.0 
1661.0 531.0 
1695.0 510.0 
1780.0 464.0 
1780.0 464.0 
1713.0 489.0 
1731.0 487.0 
1709.0 505.0 
1621.0 549.0 
1684.0 523.0 
1649.0 545.0 
1766.0 483.0 
1766.0 483.0 
1773.0 468.0 
1683.0 527.0 
1648.0 546.0 
1691.0 518.0 
1691.0 518.0 
1671.0 532.0 
1668.0 534.0 
1695.0 512.0 
1792.0 465.0 
1792.0 465.0 
1713.0 502.0 
1719.0 494.0 
1718.0 500.0 
1713.0 502.0 
1722.0 492.0 
1752.0 489.0 
1757.0 487.0 
1709.0 508.0 
1621.0 550.0 
1689.0 523.0 
1689.0 523.0 
1769.0 483.0 
1775.0 476.0 
1773.0 482.0 
1775.0 476.0 
1776.0 468.0 
1687.0 530.0 
1649.0 546.0 
1648.0 549.0 
1693.0 519.0 
1678.0 533.0 
1678.0 533.0 
1673.0 535.0 
1668.0 544.0 
1702.0 512.0 
1701.0 514.0 
1700.0 515.0 
1698.0 518.0 
1714.0 505.0 
1719.0 502.0 
1724.0 496.0 
1725.0 492.0 
1725.0 492.0 
1753.0 491.0 
1765.0 487.0 
1761.0 489.0 
1765.0 487.0 
1765.0 487.0 
1765.0 487.0 
1765.0 487.0 
1758.0 490.0 
1711.0 508.0 
1639.0 552.0 
1637.0 554.0 
1630.0 555.0 
1629.0 562.0 
1629.0 562.0 
1641.0 550.0 
1689.0 525.0 
1689.0 525.0 
1777.0 468.0 
1777.0 468.0 
1630.0 567.0 
1630.0 567.0 
1676.0 535.0 
1700.0 516.0 
1725.0 493.0 
1774.0 482.0 
1673.0 539.0 
1756.0 492.0 
1633.0 555.0 
1766.0 487.0 
1642.0 551.0 
