1862.0 570.0 
1868.0 566.0 
1897.0 554.0 
1787.0 613.0 
1781.0 617.0 
1929.0 527.0 
1804.0 576.0 
1770.0 624.0 
1908.0 551.0 
1862.0 570.0 
1785.0 616.0 
1916.0 536.0 
1908.0 551.0 
1872.0 561.0 
1802.0 578.0 
1795.0 579.0 
2069.0 525.0 
1788.0 608.0 
1768.0 626.0 
1929.0 527.0 
1781.0 617.0 
1870.0 566.0 
1902.0 558.0 
1905.0 555.0 
1856.0 577.0 
1856.0 577.0 
1777.0 624.0 
1862.0 574.0 
1916.0 539.0 
1910.0 551.0 
1910.0 551.0 
1908.0 554.0 
1910.0 551.0 
1874.0 561.0 
1824.0 583.0 
1837.0 580.0 
1807.0 585.0 
1824.0 583.0 
1789.0 608.0 
1776.0 633.0 
1772.0 643.0 
1776.0 633.0 
1946.0 538.0 
1947.0 531.0 
2382.0 527.0 
1947.0 531.0 
2015.0 530.0 
2078.0 528.0 
2382.0 527.0 
1782.0 619.0 
1785.0 618.0 
1906.0 560.0 
1777.0 625.0 
1863.0 578.0 
1870.0 576.0 
1921.0 539.0 
1920.0 540.0 
1915.0 551.0 
1911.0 555.0 
1913.0 554.0 
1876.0 562.0 
1875.0 565.0 
1875.0 565.0 
1874.0 573.0 
1880.0 561.0 
1808.0 606.0 
1821.0 591.0 
1808.0 606.0 
1821.0 591.0 
1820.0 599.0 
1808.0 606.0 
1814.0 605.0 
1836.0 584.0 
1825.0 586.0 
1827.0 585.0 
1789.0 616.0 
1807.0 609.0 
1793.0 610.0 
1776.0 647.0 
1776.0 647.0 
1776.0 647.0 
1776.0 647.0 
1776.0 647.0 
1990.0 531.0 
1948.0 532.0 
1947.0 533.0 
2018.0 530.0 
2018.0 530.0 
2018.0 530.0 
2018.0 530.0 
1785.0 623.0 
1780.0 649.0 
1780.0 649.0 
2355.0 530.0 
2355.0 530.0 
2012.0 531.0 
1876.0 581.0 
1789.0 623.0 
1913.0 558.0 
1830.0 585.0 
