28.0 32.0 
30.0 24.0 
31.0 23.0 
37.0 21.0 
28.0 32.0 
31.0 26.0 
36.0 23.0 
36.0 23.0 
32.0 24.0 
38.0 22.0 
29.0 36.0 
37.0 23.0 
37.0 23.0 
32.0 25.0 
38.0 23.0 
38.0 23.0 
33.0 26.0 
33.0 26.0 
33.0 26.0 
33.0 26.0 
34.0 25.0 
41.0 23.0 
33.0 29.0 
37.0 25.0 
37.0 25.0 
34.0 28.0 
42.0 23.0 
38.0 26.0 
37.0 27.0 
37.0 27.0 
39.0 25.0 
39.0 25.0 
37.0 27.0 
35.0 28.0 
42.0 24.0 
42.0 24.0 
40.0 25.0 
36.0 28.0 
36.0 28.0 
36.0 28.0 
35.0 32.0 
45.0 24.0 
41.0 26.0 
40.0 27.0 
42.0 25.0 
37.0 28.0 
36.0 30.0 
36.0 30.0 
37.0 28.0 
35.0 34.0 
41.0 27.0 
43.0 25.0 
42.0 26.0 
42.0 26.0 
43.0 25.0 
36.0 31.0 
36.0 31.0 
36.0 31.0 
38.0 28.0 
38.0 28.0 
38.0 28.0 
38.0 28.0 
38.0 28.0 
35.0 35.0 
42.0 27.0 
42.0 27.0 
42.0 27.0 
42.0 27.0 
42.0 27.0 
43.0 26.0 
44.0 25.0 
36.0 33.0 
39.0 28.0 
38.0 32.0 
38.0 32.0 
38.0 32.0 
38.0 32.0 
43.0 27.0 
45.0 25.0 
45.0 25.0 
44.0 26.0 
45.0 25.0 
36.0 34.0 
39.0 30.0 
40.0 29.0 
42.0 28.0 
40.0 29.0 
42.0 28.0 
40.0 29.0 
49.0 25.0 
38.0 38.0 
39.0 31.0 
45.0 26.0 
41.0 30.0 
44.0 27.0 
42.0 29.0 
44.0 27.0 
42.0 29.0 
45.0 26.0 
44.0 27.0 
