2061.0 573.0 
2052.0 576.0 
2031.0 590.0 
2040.0 578.0 
1989.0 592.0 
2072.0 560.0 
2061.0 575.0 
2065.0 574.0 
2041.0 586.0 
2053.0 581.0 
2052.0 583.0 
2050.0 585.0 
2029.0 593.0 
2029.0 593.0 
1990.0 603.0 
2029.0 593.0 
2015.0 594.0 
2037.0 592.0 
2037.0 592.0 
2013.0 598.0 
2224.0 564.0 
2084.0 565.0 
2224.0 564.0 
2065.0 575.0 
2042.0 589.0 
2041.0 591.0 
2054.0 582.0 
2055.0 581.0 
2050.0 588.0 
1994.0 604.0 
2029.0 595.0 
2018.0 602.0 
2019.0 601.0 
2086.0 570.0 
2086.0 570.0 
2086.0 570.0 
2087.0 565.0 
2079.0 575.0 
2079.0 575.0 
2071.0 576.0 
2045.0 589.0 
2044.0 592.0 
2043.0 594.0 
2054.0 585.0 
2068.0 583.0 
2061.0 584.0 
1995.0 634.0 
1995.0 634.0 
1995.0 634.0 
1996.0 605.0 
2042.0 595.0 
2042.0 595.0 
2041.0 601.0 
2028.0 603.0 
2114.0 568.0 
2126.0 566.0 
2218.0 565.0 
2090.0 571.0 
2087.0 573.0 
2075.0 577.0 
2075.0 577.0 
2071.0 581.0 
2072.0 580.0 
2047.0 589.0 
2047.0 589.0 
2044.0 593.0 
2044.0 593.0 
2059.0 586.0 
2059.0 586.0 
2054.0 587.0 
2062.0 584.0 
1998.0 611.0 
2008.0 610.0 
2021.0 605.0 
1996.0 634.0 
2014.0 608.0 
2033.0 604.0 
2039.0 603.0 
2114.0 569.0 
2130.0 567.0 
2130.0 567.0 
2130.0 567.0 
2162.0 566.0 
2162.0 566.0 
2096.0 571.0 
2096.0 571.0 
2091.0 572.0 
2096.0 571.0 
1996.0 637.0 
2154.0 567.0 
2154.0 567.0 
2092.0 572.0 
2136.0 571.0 
2076.0 577.0 
2001.0 619.0 
2000.0 633.0 
2044.0 604.0 
2055.0 587.0 
2068.0 584.0 
2045.0 593.0 
