5885.0 1106.0 
4172.0 1212.0 
3940.0 1344.0 
5072.0 1148.0 
5235.0 1145.0 
4431.0 1155.0 
6585.0 1123.0 
6269.0 1131.0 
4396.0 1271.0 
4408.0 1269.0 
4294.0 1369.0 
4295.0 1346.0 
4294.0 1369.0 
3987.0 1448.0 
5853.0 1148.0 
6178.0 1146.0 
5714.0 1150.0 
4759.0 1178.0 
4526.0 1249.0 
5022.0 1157.0 
4709.0 1183.0 
4781.0 1174.0 
6367.0 1136.0 
6515.0 1133.0 
6634.0 1132.0 
6675.0 1131.0 
6634.0 1132.0 
4492.0 1275.0 
4429.0 1288.0 
4489.0 1280.0 
4403.0 1368.0 
4052.0 1499.0 
5050.0 1160.0 
5050.0 1160.0 
5050.0 1160.0 
4760.0 1190.0 
4760.0 1190.0 
4737.0 1268.0 
4737.0 1268.0 
4737.0 1268.0 
4737.0 1268.0 
4774.0 1188.0 
4921.0 1181.0 
6615.0 1139.0 
6601.0 1140.0 
6615.0 1139.0 
6601.0 1140.0 
4441.0 1317.0 
4590.0 1290.0 
4621.0 1286.0 
5122.0 1162.0 
4774.0 1240.0 
4897.0 1226.0 
4942.0 1200.0 
5054.0 1184.0 
4587.0 1513.0 
4505.0 1593.0 
4674.0 1291.0 
4637.0 1313.0 
5184.0 1182.0 
5256.0 1167.0 
4811.0 1260.0 
4899.0 1238.0 
4972.0 1200.0 
4958.0 1226.0 
5103.0 1187.0 
4594.0 1566.0 
4557.0 1638.0 
4727.0 1291.0 
4718.0 1292.0 
4686.0 1334.0 
4639.0 1565.0 
5429.0 1169.0 
5743.0 1168.0 
5429.0 1169.0 
4873.0 1270.0 
4923.0 1252.0 
4980.0 1208.0 
4966.0 1250.0 
5117.0 1187.0 
4723.0 1292.0 
4657.0 1599.0 
4695.0 1595.0 
6118.0 1168.0 
5443.0 1169.0 
4935.0 1263.0 
5029.0 1246.0 
5036.0 1215.0 
4967.0 1251.0 
5296.0 1210.0 
5176.0 1214.0 
5334.0 1192.0 
4688.0 1617.0 
6640.0 1168.0 
4735.0 1411.0 
4717.0 1599.0 
6168.0 1169.0 
4758.0 1383.0 
4792.0 1304.0 
5357.0 1197.0 
