285.0 186.0 
1663.0 83.0 
285.0 186.0 
1663.0 83.0 
355.0 143.0 
1169.0 101.0 
324.0 157.0 
324.0 157.0 
323.0 169.0 
1636.0 84.0 
1258.0 98.0 
294.0 177.0 
291.0 183.0 
299.0 175.0 
1258.0 98.0 
671.0 128.0 
882.0 116.0 
805.0 120.0 
1123.0 103.0 
726.0 125.0 
939.0 115.0 
593.0 134.0 
1358.0 95.0 
751.0 123.0 
1123.0 103.0 
1070.0 106.0 
531.0 137.0 
460.0 140.0 
485.0 138.0 
1312.0 96.0 
1014.0 112.0 
536.0 136.0 
1447.0 91.0 
805.0 120.0 
1528.0 88.0 
1582.0 86.0 
1312.0 96.0 
1474.0 90.0 
1393.0 93.0 
751.0 123.0 
411.0 141.0 
986.0 113.0 
939.0 115.0 
317.0 171.0 
851.0 119.0 
401.0 142.0 
1017.0 110.0 
1070.0 106.0 
986.0 113.0 
1474.0 90.0 
1582.0 86.0 
620.0 132.0 
593.0 134.0 
1447.0 91.0 
1528.0 88.0 
645.0 130.0 
1393.0 93.0 
645.0 130.0 
620.0 132.0 
877.0 117.0 
317.0 171.0 
1048.0 109.0 
1555.0 87.0 
1555.0 87.0 
698.0 127.0 
485.0 138.0 
1368.0 94.0 
460.0 140.0 
706.0 126.0 
858.0 118.0 
536.0 136.0 
1053.0 108.0 
1053.0 108.0 
286.0 185.0 
323.0 169.0 
411.0 141.0 
1368.0 94.0 
401.0 142.0 
706.0 126.0 
698.0 127.0 
858.0 118.0 
851.0 119.0 
286.0 185.0 
1048.0 109.0 
1017.0 110.0 
285.0 186.0 
1663.0 83.0 
324.0 157.0 
805.0 120.0 
751.0 123.0 
1528.0 88.0 
620.0 132.0 
317.0 171.0 
1582.0 86.0 
485.0 138.0 
645.0 130.0 
698.0 127.0 
1053.0 108.0 
323.0 169.0 
411.0 141.0 
