495.0 230.0 
462.0 233.0 
1323.0 189.0 
1464.0 182.0 
411.0 254.0 
433.0 243.0 
435.0 242.0 
916.0 206.0 
1059.0 200.0 
455.0 235.0 
495.0 230.0 
798.0 215.0 
411.0 254.0 
657.0 219.0 
377.0 263.0 
1267.0 191.0 
433.0 243.0 
851.0 212.0 
1504.0 178.0 
854.0 210.0 
1484.0 179.0 
433.0 243.0 
404.0 257.0 
1219.0 194.0 
1464.0 182.0 
1929.0 157.0 
1366.0 184.0 
1358.0 185.0 
371.0 285.0 
437.0 237.0 
1132.0 197.0 
1527.0 175.0 
721.0 217.0 
587.0 224.0 
1590.0 172.0 
1926.0 159.0 
1715.0 169.0 
1109.0 198.0 
1001.0 203.0 
1736.0 164.0 
957.0 208.0 
959.0 207.0 
1098.0 202.0 
455.0 236.0 
563.0 232.0 
501.0 234.0 
501.0 234.0 
511.0 233.0 
800.0 215.0 
711.0 222.0 
719.0 221.0 
711.0 222.0 
385.0 277.0 
386.0 268.0 
1303.0 191.0 
864.0 213.0 
879.0 212.0 
1488.0 181.0 
416.0 266.0 
431.0 258.0 
431.0 258.0 
1257.0 194.0 
1929.0 158.0 
1442.0 190.0 
376.0 295.0 
376.0 295.0 
381.0 290.0 
437.0 238.0 
1254.0 197.0 
1543.0 178.0 
764.0 218.0 
760.0 219.0 
760.0 219.0 
778.0 217.0 
591.0 225.0 
591.0 225.0 
1674.0 176.0 
1212.0 198.0 
1212.0 198.0 
1119.0 200.0 
1062.0 204.0 
1008.0 206.0 
1926.0 166.0 
1809.0 171.0 
1894.0 169.0 
1802.0 173.0 
1791.0 174.0 
1905.0 168.0 
383.0 292.0 
383.0 292.0 
1957.0 166.0 
1957.0 166.0 
438.0 241.0 
413.0 270.0 
1352.0 191.0 
1122.0 200.0 
1495.0 184.0 
770.0 221.0 
994.0 210.0 
830.0 215.0 
