7125.0 1455.0 
6223.0 1542.0 
6018.0 1583.0 
6934.0 1460.0 
8912.0 1403.0 
6727.0 1567.0 
6131.0 1594.0 
7209.0 1464.0 
7017.0 1530.0 
6534.0 1614.0 
6219.0 1821.0 
7212.0 1474.0 
7212.0 1474.0 
7659.0 1464.0 
7122.0 1563.0 
6875.0 1663.0 
7121.0 1615.0 
7088.0 1658.0 
7479.0 1493.0 
7266.0 1516.0 
7131.0 1645.0 
7095.0 1685.0 
9740.0 1515.0 
7458.0 1516.0 
7434.0 1523.0 
7276.0 1616.0 
9237.0 1531.0 
7456.0 1583.0 
7537.0 1541.0 
7322.0 1738.0 
7363.0 1643.0 
8829.0 1543.0 
7553.0 1572.0 
7827.0 1568.0 
8006.0 1560.0 
7438.0 1732.0 
7607.0 1665.0 
7601.0 1683.0 
7755.0 1642.0 
7778.0 1588.0 
8204.0 1560.0 
8202.0 1570.0 
7539.0 1880.0 
7645.0 1691.0 
7760.0 1676.0 
7760.0 1676.0 
8296.0 1566.0 
8243.0 1581.0 
7688.0 1776.0 
8036.0 1679.0 
7818.0 1774.0 
7925.0 1749.0 
10652.0 1566.0 
9224.0 1567.0 
8571.0 1571.0 
8397.0 1640.0 
8523.0 1630.0 
8390.0 1668.0 
7743.0 1818.0 
8238.0 1722.0 
8594.0 1591.0 
8803.0 1580.0 
8416.0 1642.0 
8395.0 1719.0 
7849.0 1917.0 
8195.0 1831.0 
8000.0 1887.0 
8072.0 1855.0 
7897.0 1894.0 
8596.0 1624.0 
9580.0 1590.0 
8924.0 1611.0 
9300.0 1604.0 
8522.0 1704.0 
7851.0 1937.0 
8207.0 1857.0 
8067.0 1920.0 
8833.0 1647.0 
8795.0 1684.0 
8658.0 1697.0 
8761.0 1694.0 
8674.0 1695.0 
10386.0 1603.0 
9033.0 1621.0 
9572.0 1610.0 
9536.0 1616.0 
8564.0 1714.0 
7930.0 1941.0 
8331.0 1879.0 
8890.0 1664.0 
8879.0 1682.0 
9094.0 1660.0 
9177.0 1629.0 
9270.0 1627.0 
9560.0 1622.0 
9741.0 1618.0 
8664.0 1814.0 
8741.0 1740.0 
8128.0 1994.0 
9924.0 1628.0 
