1674.0 76.0 
1674.0 76.0 
269.0 190.0 
285.0 171.0 
1111.0 99.0 
325.0 139.0 
864.0 106.0 
302.0 166.0 
318.0 149.0 
308.0 157.0 
1171.0 98.0 
1539.0 83.0 
956.0 104.0 
1540.0 81.0 
368.0 135.0 
1030.0 102.0 
1620.0 79.0 
1653.0 78.0 
1462.0 84.0 
420.0 133.0 
710.0 115.0 
634.0 118.0 
471.0 130.0 
495.0 127.0 
1190.0 96.0 
843.0 111.0 
308.0 157.0 
928.0 105.0 
420.0 133.0 
317.0 151.0 
1018.0 103.0 
1308.0 90.0 
822.0 112.0 
795.0 113.0 
735.0 114.0 
608.0 120.0 
551.0 123.0 
508.0 126.0 
368.0 135.0 
1350.0 89.0 
1272.0 94.0 
1459.0 85.0 
1218.0 95.0 
1405.0 86.0 
551.0 123.0 
710.0 115.0 
471.0 130.0 
608.0 120.0 
1620.0 79.0 
325.0 139.0 
302.0 166.0 
1299.0 93.0 
1389.0 87.0 
1350.0 89.0 
287.0 170.0 
526.0 124.0 
1030.0 102.0 
1302.0 91.0 
634.0 118.0 
1389.0 87.0 
1218.0 95.0 
928.0 105.0 
795.0 113.0 
1272.0 94.0 
735.0 114.0 
317.0 151.0 
629.0 119.0 
843.0 111.0 
318.0 149.0 
526.0 124.0 
1405.0 86.0 
287.0 170.0 
1540.0 81.0 
1018.0 103.0 
629.0 119.0 
1462.0 84.0 
1459.0 85.0 
1299.0 93.0 
1674.0 76.0 
928.0 105.0 
308.0 157.0 
368.0 135.0 
1620.0 79.0 
795.0 113.0 
551.0 123.0 
471.0 130.0 
608.0 120.0 
325.0 139.0 
1350.0 89.0 
843.0 111.0 
1218.0 95.0 
634.0 118.0 
1389.0 87.0 
1030.0 102.0 
1018.0 103.0 
318.0 149.0 
1405.0 86.0 
1299.0 93.0 
318.0 149.0 
368.0 135.0 
