102.0 29.0 
102.0 29.0 
102.0 29.0 
91.0 35.0 
91.0 35.0 
102.0 29.0 
111.0 28.0 
102.0 29.0 
91.0 35.0 
91.0 35.0 
102.0 29.0 
102.0 29.0 
102.0 29.0 
102.0 29.0 
102.0 29.0 
102.0 29.0 
94.0 32.0 
102.0 29.0 
102.0 29.0 
91.0 35.0 
96.0 30.0 
96.0 30.0 
92.0 34.0 
102.0 29.0 
102.0 29.0 
91.0 35.0 
91.0 35.0 
102.0 29.0 
102.0 29.0 
124.0 27.0 
102.0 29.0 
91.0 35.0 
91.0 35.0 
91.0 35.0 
91.0 35.0 
128.0 27.0 
128.0 27.0 
91.0 36.0 
91.0 36.0 
124.0 28.0 
104.0 29.0 
94.0 33.0 
94.0 33.0 
96.0 31.0 
98.0 30.0 
104.0 29.0 
92.0 35.0 
124.0 28.0 
96.0 31.0 
98.0 30.0 
92.0 35.0 
96.0 31.0 
96.0 31.0 
96.0 31.0 
96.0 31.0 
96.0 31.0 
96.0 31.0 
96.0 31.0 
96.0 31.0 
96.0 31.0 
96.0 31.0 
96.0 31.0 
96.0 31.0 
96.0 31.0 
104.0 29.0 
92.0 35.0 
92.0 35.0 
91.0 36.0 
92.0 35.0 
92.0 35.0 
92.0 35.0 
92.0 35.0 
91.0 36.0 
92.0 35.0 
92.0 35.0 
92.0 35.0 
92.0 35.0 
92.0 35.0 
92.0 35.0 
92.0 35.0 
91.0 36.0 
92.0 35.0 
92.0 35.0 
91.0 36.0 
92.0 35.0 
91.0 36.0 
91.0 36.0 
91.0 36.0 
91.0 36.0 
91.0 36.0 
91.0 36.0 
92.0 35.0 
92.0 35.0 
92.0 35.0 
91.0 36.0 
92.0 35.0 
91.0 36.0 
91.0 36.0 
92.0 35.0 
91.0 36.0 
