253.0 92.0 
251.0 101.0 
228.0 106.0 
205.0 114.0 
255.0 96.0 
234.0 106.0 
233.0 113.0 
222.0 121.0 
232.0 118.0 
219.0 122.0 
265.0 97.0 
257.0 99.0 
247.0 112.0 
254.0 108.0 
247.0 112.0 
247.0 112.0 
239.0 117.0 
245.0 115.0 
220.0 130.0 
220.0 130.0 
238.0 122.0 
226.0 126.0 
231.0 124.0 
220.0 130.0 
264.0 102.0 
276.0 99.0 
262.0 111.0 
242.0 117.0 
241.0 118.0 
250.0 115.0 
239.0 123.0 
229.0 127.0 
228.0 128.0 
232.0 125.0 
222.0 131.0 
273.0 106.0 
267.0 110.0 
267.0 110.0 
281.0 104.0 
283.0 101.0 
263.0 113.0 
245.0 117.0 
240.0 124.0 
240.0 124.0 
231.0 128.0 
228.0 141.0 
269.0 112.0 
278.0 111.0 
278.0 111.0 
281.0 109.0 
281.0 109.0 
281.0 109.0 
285.0 106.0 
292.0 102.0 
267.0 116.0 
255.0 117.0 
245.0 122.0 
247.0 119.0 
240.0 125.0 
236.0 128.0 
233.0 137.0 
275.0 113.0 
273.0 114.0 
285.0 111.0 
288.0 106.0 
343.0 105.0 
271.0 117.0 
271.0 117.0 
264.0 118.0 
248.0 123.0 
249.0 119.0 
240.0 126.0 
237.0 128.0 
236.0 129.0 
273.0 116.0 
286.0 111.0 
289.0 107.0 
300.0 106.0 
248.0 124.0 
250.0 119.0 
244.0 127.0 
244.0 127.0 
245.0 126.0 
242.0 129.0 
240.0 130.0 
237.0 137.0 
277.0 116.0 
288.0 112.0 
292.0 107.0 
248.0 125.0 
250.0 124.0 
254.0 119.0 
247.0 129.0 
247.0 129.0 
243.0 131.0 
243.0 131.0 
239.0 139.0 
310.0 107.0 
240.0 143.0 
266.0 119.0 
