294.0 215.0 
294.0 215.0 
1709.0 98.0 
339.0 181.0 
907.0 125.0 
1033.0 123.0 
357.0 172.0 
481.0 154.0 
1532.0 104.0 
1447.0 105.0 
375.0 165.0 
1285.0 115.0 
633.0 145.0 
1170.0 116.0 
553.0 147.0 
1637.0 99.0 
393.0 159.0 
1333.0 112.0 
881.0 127.0 
1043.0 122.0 
308.0 212.0 
1408.0 109.0 
1118.0 121.0 
795.0 132.0 
640.0 143.0 
533.0 149.0 
403.0 158.0 
795.0 132.0 
309.0 205.0 
1413.0 107.0 
336.0 188.0 
881.0 127.0 
326.0 195.0 
1333.0 112.0 
682.0 141.0 
507.0 152.0 
693.0 137.0 
372.0 170.0 
334.0 189.0 
1602.0 102.0 
313.0 200.0 
742.0 136.0 
326.0 195.0 
313.0 200.0 
309.0 205.0 
1580.0 103.0 
1285.0 115.0 
403.0 158.0 
1630.0 101.0 
504.0 153.0 
1119.0 119.0 
552.0 148.0 
1408.0 109.0 
766.0 133.0 
689.0 138.0 
1143.0 118.0 
298.0 213.0 
765.0 134.0 
742.0 136.0 
1580.0 103.0 
682.0 141.0 
1170.0 116.0 
1151.0 117.0 
372.0 170.0 
765.0 134.0 
334.0 189.0 
1143.0 118.0 
1151.0 117.0 
689.0 138.0 
1630.0 101.0 
297.0 214.0 
336.0 188.0 
1119.0 119.0 
766.0 133.0 
297.0 214.0 
1118.0 121.0 
294.0 215.0 
795.0 132.0 
881.0 127.0 
1333.0 112.0 
313.0 200.0 
403.0 158.0 
372.0 170.0 
742.0 136.0 
1580.0 103.0 
765.0 134.0 
1119.0 119.0 
766.0 133.0 
1118.0 121.0 
297.0 214.0 
294.0 215.0 
795.0 132.0 
313.0 200.0 
742.0 136.0 
765.0 134.0 
1118.0 121.0 
297.0 214.0 
313.0 200.0 
313.0 200.0 
795.0 132.0 
