22.0 7.0 
32.0 6.0 
26.0 18.0 
31.0 7.0 
29.0 8.0 
29.0 8.0 
34.0 6.0 
27.0 22.0 
29.0 12.0 
32.0 8.0 
38.0 6.0 
30.0 17.0 
31.0 13.0 
37.0 9.0 
32.0 10.0 
39.0 7.0 
31.0 14.0 
32.0 12.0 
33.0 10.0 
32.0 12.0 
44.0 7.0 
44.0 7.0 
44.0 7.0 
44.0 7.0 
44.0 7.0 
41.0 8.0 
44.0 7.0 
31.0 22.0 
35.0 11.0 
36.0 10.0 
32.0 19.0 
32.0 19.0 
33.0 12.0 
42.0 8.0 
41.0 9.0 
42.0 8.0 
41.0 9.0 
37.0 10.0 
37.0 10.0 
33.0 14.0 
34.0 12.0 
43.0 8.0 
42.0 9.0 
38.0 10.0 
38.0 10.0 
37.0 11.0 
33.0 17.0 
34.0 13.0 
36.0 12.0 
45.0 8.0 
45.0 8.0 
45.0 8.0 
45.0 8.0 
45.0 8.0 
45.0 8.0 
44.0 9.0 
44.0 9.0 
44.0 9.0 
39.0 10.0 
39.0 10.0 
33.0 20.0 
34.0 15.0 
37.0 13.0 
46.0 8.0 
46.0 8.0 
46.0 8.0 
45.0 9.0 
40.0 10.0 
39.0 11.0 
36.0 15.0 
38.0 13.0 
49.0 8.0 
46.0 9.0 
42.0 10.0 
39.0 12.0 
39.0 12.0 
41.0 11.0 
37.0 16.0 
47.0 9.0 
47.0 9.0 
43.0 10.0 
39.0 13.0 
41.0 12.0 
41.0 12.0 
37.0 19.0 
37.0 19.0 
48.0 9.0 
48.0 9.0 
48.0 9.0 
48.0 9.0 
44.0 10.0 
39.0 15.0 
39.0 15.0 
40.0 14.0 
42.0 12.0 
38.0 19.0 
50.0 9.0 
50.0 9.0 
39.0 17.0 
51.0 9.0 
