46.0 56.0 
123.0 28.0 
123.0 28.0 
46.0 56.0 
122.0 31.0 
106.0 32.0 
59.0 44.0 
65.0 41.0 
73.0 40.0 
63.0 43.0 
102.0 33.0 
96.0 34.0 
90.0 35.0 
96.0 34.0 
78.0 39.0 
73.0 40.0 
51.0 51.0 
52.0 49.0 
106.0 32.0 
90.0 35.0 
86.0 36.0 
82.0 37.0 
102.0 33.0 
86.0 36.0 
47.0 55.0 
57.0 46.0 
48.0 53.0 
65.0 41.0 
82.0 37.0 
56.0 47.0 
80.0 38.0 
54.0 48.0 
57.0 46.0 
63.0 43.0 
78.0 39.0 
49.0 52.0 
80.0 38.0 
54.0 48.0 
52.0 49.0 
48.0 53.0 
49.0 52.0 
51.0 51.0 
56.0 47.0 
47.0 55.0 
122.0 31.0 
46.0 56.0 
123.0 28.0 
96.0 34.0 
106.0 32.0 
90.0 35.0 
102.0 33.0 
86.0 36.0 
65.0 41.0 
82.0 37.0 
78.0 39.0 
63.0 43.0 
80.0 38.0 
54.0 48.0 
48.0 53.0 
57.0 46.0 
52.0 49.0 
49.0 52.0 
47.0 55.0 
122.0 31.0 
56.0 47.0 
51.0 51.0 
123.0 28.0 
46.0 56.0 
96.0 34.0 
90.0 35.0 
86.0 36.0 
102.0 33.0 
65.0 41.0 
82.0 37.0 
54.0 48.0 
80.0 38.0 
63.0 43.0 
78.0 39.0 
52.0 49.0 
49.0 52.0 
51.0 51.0 
56.0 47.0 
47.0 55.0 
122.0 31.0 
46.0 56.0 
123.0 28.0 
102.0 33.0 
96.0 34.0 
90.0 35.0 
86.0 36.0 
65.0 41.0 
82.0 37.0 
54.0 48.0 
63.0 43.0 
56.0 47.0 
80.0 38.0 
78.0 39.0 
52.0 49.0 
49.0 52.0 
47.0 55.0 
