86.0 52.0 
53.0 64.0 
86.0 52.0 
52.0 65.0 
88.0 49.0 
53.0 64.0 
53.0 64.0 
75.0 54.0 
55.0 62.0 
80.0 53.0 
160.0 33.0 
183.0 31.0 
89.0 45.0 
56.0 56.0 
104.0 39.0 
52.0 65.0 
130.0 34.0 
54.0 64.0 
54.0 64.0 
76.0 54.0 
55.0 63.0 
81.0 53.0 
191.0 33.0 
191.0 33.0 
102.0 47.0 
90.0 48.0 
56.0 59.0 
57.0 58.0 
105.0 39.0 
105.0 39.0 
52.0 66.0 
131.0 34.0 
77.0 54.0 
83.0 53.0 
97.0 48.0 
94.0 50.0 
92.0 52.0 
56.0 60.0 
56.0 60.0 
60.0 59.0 
69.0 58.0 
108.0 43.0 
114.0 40.0 
106.0 47.0 
127.0 39.0 
53.0 66.0 
53.0 66.0 
53.0 66.0 
52.0 68.0 
52.0 68.0 
53.0 66.0 
53.0 66.0 
131.0 35.0 
79.0 54.0 
78.0 55.0 
78.0 55.0 
77.0 57.0 
98.0 48.0 
93.0 52.0 
93.0 52.0 
92.0 53.0 
57.0 61.0 
56.0 64.0 
61.0 60.0 
74.0 58.0 
108.0 44.0 
126.0 40.0 
119.0 41.0 
52.0 71.0 
53.0 69.0 
54.0 66.0 
140.0 35.0 
133.0 39.0 
134.0 36.0 
81.0 54.0 
80.0 55.0 
99.0 48.0 
95.0 52.0 
94.0 53.0 
94.0 53.0 
56.0 65.0 
58.0 64.0 
61.0 61.0 
74.0 59.0 
77.0 58.0 
112.0 45.0 
131.0 40.0 
119.0 44.0 
123.0 43.0 
125.0 41.0 
125.0 41.0 
53.0 71.0 
54.0 67.0 
54.0 67.0 
153.0 35.0 
135.0 37.0 
144.0 36.0 
55.0 67.0 
157.0 35.0 
106.0 50.0 
