122.0 25.0 
45.0 52.0 
122.0 25.0 
45.0 52.0 
75.0 37.0 
114.0 27.0 
120.0 26.0 
108.0 28.0 
114.0 27.0 
83.0 35.0 
70.0 39.0 
78.0 36.0 
65.0 40.0 
108.0 28.0 
104.0 29.0 
100.0 30.0 
96.0 31.0 
92.0 32.0 
104.0 29.0 
96.0 31.0 
71.0 38.0 
100.0 30.0 
78.0 36.0 
92.0 32.0 
54.0 47.0 
89.0 33.0 
86.0 34.0 
86.0 34.0 
83.0 35.0 
51.0 48.0 
89.0 33.0 
65.0 40.0 
62.0 42.0 
60.0 43.0 
50.0 49.0 
48.0 50.0 
58.0 44.0 
58.0 44.0 
60.0 43.0 
48.0 50.0 
56.0 45.0 
63.0 41.0 
120.0 26.0 
46.0 51.0 
71.0 38.0 
51.0 48.0 
46.0 51.0 
63.0 41.0 
56.0 45.0 
55.0 46.0 
54.0 47.0 
50.0 49.0 
70.0 39.0 
55.0 46.0 
62.0 42.0 
122.0 25.0 
45.0 52.0 
78.0 36.0 
114.0 27.0 
108.0 28.0 
100.0 30.0 
96.0 31.0 
104.0 29.0 
71.0 38.0 
92.0 32.0 
86.0 34.0 
83.0 35.0 
89.0 33.0 
120.0 26.0 
48.0 50.0 
60.0 43.0 
58.0 44.0 
51.0 48.0 
56.0 45.0 
46.0 51.0 
63.0 41.0 
54.0 47.0 
50.0 49.0 
55.0 46.0 
70.0 39.0 
62.0 42.0 
122.0 25.0 
45.0 52.0 
78.0 36.0 
114.0 27.0 
108.0 28.0 
96.0 31.0 
100.0 30.0 
104.0 29.0 
71.0 38.0 
92.0 32.0 
89.0 33.0 
86.0 34.0 
83.0 35.0 
48.0 50.0 
120.0 26.0 
58.0 44.0 
60.0 43.0 
51.0 48.0 
63.0 41.0 
