1655.0 505.0 
1703.0 471.0 
1671.0 488.0 
1668.0 489.0 
1713.0 470.0 
1623.0 515.0 
1719.0 461.0 
1631.0 507.0 
1688.0 475.0 
1668.0 489.0 
1622.0 519.0 
1659.0 493.0 
1668.0 489.0 
1688.0 475.0 
1622.0 519.0 
1612.0 523.0 
1676.0 485.0 
1628.0 514.0 
1688.0 475.0 
1719.0 461.0 
1623.0 515.0 
1709.0 472.0 
1642.0 510.0 
1659.0 495.0 
1665.0 493.0 
1670.0 490.0 
1617.0 534.0 
1617.0 534.0 
1701.0 477.0 
1689.0 481.0 
1690.0 478.0 
1729.0 463.0 
1724.0 468.0 
1640.0 519.0 
1625.0 522.0 
1639.0 521.0 
1640.0 519.0 
1710.0 473.0 
1712.0 472.0 
1642.0 512.0 
1655.0 511.0 
1642.0 512.0 
1655.0 511.0 
1659.0 497.0 
1676.0 490.0 
1672.0 495.0 
1617.0 535.0 
1696.0 479.0 
1695.0 483.0 
1696.0 479.0 
1696.0 479.0 
1691.0 488.0 
1692.0 485.0 
1731.0 463.0 
1729.0 470.0 
1729.0 470.0 
1625.0 532.0 
1625.0 532.0 
1625.0 532.0 
1625.0 532.0 
1637.0 524.0 
1628.0 526.0 
1640.0 521.0 
1617.0 543.0 
1827.0 463.0 
1827.0 463.0 
1735.0 465.0 
1788.0 464.0 
1788.0 464.0 
1628.0 528.0 
1691.0 490.0 
1650.0 512.0 
1659.0 504.0 
1697.0 480.0 
1626.0 532.0 
1714.0 474.0 
1622.0 539.0 
1640.0 522.0 
1708.0 479.0 
1668.0 501.0 
1677.0 492.0 
1676.0 495.0 
1729.0 471.0 
1686.0 491.0 
1710.0 477.0 
1640.0 522.0 
1675.0 499.0 
1649.0 515.0 
1644.0 516.0 
1622.0 539.0 
1725.0 472.0 
1642.0 518.0 
1665.0 503.0 
1725.0 472.0 
1697.0 480.0 
1735.0 465.0 
1729.0 471.0 
1642.0 518.0 
1675.0 499.0 
1665.0 503.0 
