1758.0 562.0 
1758.0 562.0 
1758.0 562.0 
1826.0 558.0 
1913.0 540.0 
1726.0 563.0 
1821.0 561.0 
1829.0 551.0 
1708.0 578.0 
1758.0 562.0 
1829.0 551.0 
1835.0 550.0 
1708.0 578.0 
1726.0 563.0 
1828.0 553.0 
1717.0 571.0 
1869.0 547.0 
1690.0 593.0 
1911.0 541.0 
1699.0 580.0 
1915.0 533.0 
1694.0 588.0 
1902.0 542.0 
1784.0 562.0 
1784.0 562.0 
1830.0 551.0 
1711.0 578.0 
1749.0 570.0 
1751.0 563.0 
1829.0 558.0 
1829.0 558.0 
1829.0 558.0 
1829.0 558.0 
1829.0 558.0 
1829.0 558.0 
1829.0 558.0 
1829.0 558.0 
1723.0 571.0 
1720.0 574.0 
1720.0 574.0 
1723.0 571.0 
1880.0 550.0 
1691.0 593.0 
1707.0 581.0 
1704.0 585.0 
1916.0 534.0 
1915.0 540.0 
1915.0 540.0 
1916.0 534.0 
1920.0 533.0 
1694.0 592.0 
1694.0 592.0 
1697.0 590.0 
1694.0 592.0 
1907.0 549.0 
1910.0 542.0 
1908.0 545.0 
1910.0 542.0 
1818.0 562.0 
1831.0 551.0 
1831.0 551.0 
1718.0 579.0 
1752.0 563.0 
1751.0 564.0 
1752.0 563.0 
1830.0 559.0 
1830.0 559.0 
1722.0 575.0 
1723.0 572.0 
1723.0 572.0 
1883.0 550.0 
1692.0 593.0 
1692.0 593.0 
1692.0 593.0 
1706.0 585.0 
1916.0 535.0 
1698.0 590.0 
1697.0 592.0 
1697.0 592.0 
1913.0 542.0 
1694.0 594.0 
1923.0 535.0 
1839.0 551.0 
1825.0 562.0 
1915.0 543.0 
1759.0 563.0 
1831.0 552.0 
1724.0 572.0 
1918.0 542.0 
1751.0 567.0 
1705.0 590.0 
1718.0 580.0 
1722.0 576.0 
1711.0 585.0 
1711.0 585.0 
1700.0 591.0 
1724.0 572.0 
1751.0 567.0 
1721.0 579.0 
1752.0 564.0 
