2479.0 770.0 
2535.0 758.0 
2390.0 785.0 
2191.0 839.0 
2478.0 775.0 
3082.0 738.0 
2952.0 747.0 
2378.0 793.0 
2356.0 795.0 
2226.0 814.0 
2509.0 765.0 
2535.0 758.0 
2558.0 752.0 
2663.0 751.0 
2202.0 843.0 
2195.0 876.0 
2191.0 879.0 
2201.0 846.0 
2504.0 776.0 
2504.0 776.0 
2482.0 786.0 
3185.0 741.0 
3008.0 747.0 
2455.0 811.0 
2459.0 808.0 
2257.0 833.0 
2257.0 833.0 
2361.0 819.0 
2306.0 823.0 
2257.0 833.0 
2550.0 760.0 
2651.0 753.0 
2773.0 752.0 
2204.0 869.0 
2235.0 848.0 
2506.0 776.0 
2483.0 790.0 
3023.0 751.0 
3078.0 749.0 
2427.0 822.0 
2427.0 822.0 
2348.0 825.0 
2270.0 833.0 
2262.0 836.0 
2552.0 764.0 
2596.0 760.0 
2552.0 764.0 
2654.0 753.0 
2992.0 752.0 
2222.0 874.0 
2220.0 875.0 
2209.0 880.0 
2247.0 853.0 
2239.0 873.0 
2521.0 783.0 
2534.0 779.0 
2524.0 782.0 
2500.0 794.0 
2484.0 806.0 
2494.0 796.0 
2489.0 803.0 
3147.0 749.0 
3147.0 749.0 
3147.0 749.0 
2435.0 824.0 
2351.0 833.0 
2273.0 852.0 
2324.0 851.0 
2332.0 849.0 
2653.0 762.0 
2552.0 768.0 
2811.0 759.0 
2998.0 758.0 
3033.0 757.0 
2216.0 885.0 
2227.0 882.0 
2216.0 885.0 
2247.0 860.0 
2250.0 854.0 
2246.0 874.0 
2544.0 779.0 
2537.0 783.0 
2536.0 789.0 
2499.0 798.0 
2499.0 798.0 
2499.0 798.0 
2527.0 796.0 
2527.0 796.0 
2454.0 824.0 
2355.0 844.0 
2373.0 835.0 
2683.0 765.0 
2614.0 771.0 
2557.0 774.0 
2972.0 759.0 
2821.0 760.0 
2227.0 897.0 
3035.0 760.0 
2277.0 858.0 
2656.0 771.0 
