1656.0 608.0 
1731.0 585.0 
1676.0 604.0 
1676.0 604.0 
1656.0 608.0 
1656.0 608.0 
1731.0 585.0 
1760.0 575.0 
1731.0 585.0 
1797.0 565.0 
1676.0 604.0 
1731.0 585.0 
1656.0 608.0 
1774.0 570.0 
1705.0 597.0 
1678.0 602.0 
1656.0 608.0 
1731.0 585.0 
1772.0 573.0 
1705.0 597.0 
1774.0 570.0 
1690.0 599.0 
1760.0 575.0 
1719.0 589.0 
1768.0 574.0 
1738.0 580.0 
1715.0 594.0 
1660.0 607.0 
1760.0 575.0 
1656.0 608.0 
1652.0 612.0 
1789.0 566.0 
1674.0 605.0 
1676.0 604.0 
1676.0 604.0 
1733.0 583.0 
1656.0 608.0 
1705.0 597.0 
1663.0 606.0 
1798.0 565.0 
1786.0 570.0 
1780.0 571.0 
1780.0 571.0 
1780.0 571.0 
1693.0 599.0 
1719.0 593.0 
1719.0 593.0 
1771.0 574.0 
1751.0 582.0 
1751.0 582.0 
1751.0 582.0 
1755.0 581.0 
1716.0 595.0 
1760.0 578.0 
1768.0 576.0 
1760.0 578.0 
1760.0 578.0 
1768.0 576.0 
1760.0 578.0 
1654.0 612.0 
1789.0 568.0 
1789.0 568.0 
1797.0 567.0 
1797.0 567.0 
1789.0 568.0 
1797.0 567.0 
1678.0 604.0 
1678.0 604.0 
1678.0 604.0 
1678.0 604.0 
1678.0 604.0 
1678.0 604.0 
1744.0 583.0 
1733.0 584.0 
1744.0 583.0 
1744.0 583.0 
1744.0 583.0 
1744.0 583.0 
1733.0 584.0 
1658.0 609.0 
1707.0 597.0 
1707.0 597.0 
1707.0 597.0 
1707.0 597.0 
1707.0 597.0 
1671.0 606.0 
1799.0 565.0 
1799.0 565.0 
1654.0 613.0 
1654.0 613.0 
1695.0 601.0 
1714.0 597.0 
1733.0 585.0 
1690.0 604.0 
1747.0 583.0 
1790.0 568.0 
1763.0 578.0 
1659.0 609.0 
1721.0 593.0 
1673.0 606.0 
