1642.0 542.0 
1642.0 542.0 
1653.0 538.0 
1592.0 559.0 
1667.0 537.0 
1748.0 522.0 
1642.0 542.0 
1579.0 564.0 
1667.0 537.0 
1565.0 565.0 
1606.0 556.0 
1642.0 542.0 
1748.0 522.0 
1667.0 537.0 
1748.0 522.0 
1581.0 560.0 
1748.0 522.0 
1565.0 565.0 
1593.0 558.0 
1641.0 548.0 
1685.0 527.0 
1745.0 525.0 
1745.0 525.0 
1653.0 538.0 
1638.0 556.0 
1619.0 557.0 
1638.0 556.0 
1638.0 556.0 
1638.0 556.0 
1638.0 556.0 
1645.0 542.0 
1645.0 542.0 
1645.0 542.0 
1642.0 543.0 
1645.0 542.0 
1589.0 562.0 
1589.0 562.0 
1581.0 564.0 
1581.0 564.0 
1751.0 522.0 
1748.0 523.0 
1751.0 522.0 
1751.0 522.0 
1570.0 572.0 
1567.0 573.0 
1579.0 565.0 
1597.0 561.0 
1597.0 561.0 
1597.0 561.0 
1641.0 553.0 
1641.0 553.0 
1742.0 527.0 
1687.0 528.0 
1746.0 526.0 
1653.0 540.0 
1653.0 540.0 
1653.0 540.0 
1653.0 540.0 
1653.0 540.0 
1656.0 538.0 
1771.0 522.0 
1580.0 567.0 
1580.0 567.0 
1642.0 544.0 
1641.0 555.0 
1746.0 527.0 
1691.0 529.0 
1619.0 559.0 
1706.0 528.0 
1628.0 557.0 
1653.0 541.0 
1754.0 523.0 
1689.0 536.0 
1656.0 539.0 
1687.0 537.0 
1667.0 538.0 
1600.0 561.0 
1593.0 562.0 
1706.0 528.0 
1585.0 565.0 
1589.0 563.0 
1600.0 561.0 
1667.0 538.0 
1752.0 525.0 
1752.0 525.0 
1586.0 564.0 
1687.0 537.0 
1689.0 536.0 
1586.0 564.0 
1752.0 525.0 
1580.0 567.0 
1580.0 567.0 
1580.0 567.0 
1580.0 567.0 
1580.0 567.0 
1580.0 567.0 
1580.0 567.0 
1580.0 567.0 
1580.0 567.0 
1580.0 567.0 
