137.0 69.0 
158.0 63.0 
133.0 79.0 
137.0 69.0 
146.0 68.0 
137.0 69.0 
162.0 56.0 
146.0 68.0 
137.0 69.0 
159.0 64.0 
135.0 79.0 
163.0 62.0 
169.0 58.0 
158.0 68.0 
140.0 69.0 
139.0 74.0 
140.0 69.0 
159.0 65.0 
159.0 65.0 
164.0 62.0 
163.0 64.0 
164.0 62.0 
164.0 62.0 
173.0 60.0 
139.0 100.0 
140.0 73.0 
140.0 73.0 
140.0 73.0 
144.0 69.0 
160.0 67.0 
165.0 62.0 
173.0 61.0 
177.0 60.0 
142.0 74.0 
159.0 69.0 
159.0 69.0 
149.0 70.0 
145.0 71.0 
162.0 67.0 
165.0 66.0 
165.0 66.0 
165.0 66.0 
169.0 62.0 
168.0 65.0 
175.0 61.0 
175.0 61.0 
178.0 60.0 
178.0 60.0 
178.0 60.0 
178.0 60.0 
143.0 83.0 
142.0 100.0 
142.0 100.0 
143.0 83.0 
160.0 70.0 
147.0 72.0 
159.0 71.0 
163.0 67.0 
163.0 67.0 
166.0 66.0 
170.0 62.0 
169.0 63.0 
179.0 61.0 
179.0 61.0 
179.0 61.0 
144.0 85.0 
143.0 93.0 
156.0 72.0 
149.0 73.0 
148.0 75.0 
165.0 67.0 
165.0 67.0 
165.0 67.0 
163.0 68.0 
167.0 66.0 
167.0 66.0 
175.0 62.0 
175.0 62.0 
175.0 62.0 
169.0 65.0 
170.0 63.0 
145.0 85.0 
160.0 72.0 
160.0 72.0 
150.0 73.0 
150.0 73.0 
149.0 77.0 
181.0 62.0 
145.0 90.0 
148.0 87.0 
153.0 73.0 
163.0 69.0 
150.0 78.0 
171.0 63.0 
165.0 68.0 
151.0 75.0 
167.0 67.0 
168.0 66.0 
168.0 66.0 
171.0 63.0 
