466.0 217.0 
434.0 228.0 
466.0 217.0 
466.0 217.0 
425.0 237.0 
1230.0 161.0 
583.0 198.0 
390.0 238.0 
1204.0 162.0 
466.0 217.0 
433.0 230.0 
511.0 204.0 
1256.0 158.0 
583.0 198.0 
1836.0 140.0 
948.0 172.0 
366.0 252.0 
1254.0 159.0 
853.0 179.0 
512.0 199.0 
1868.0 137.0 
1585.0 146.0 
1765.0 145.0 
512.0 199.0 
383.0 240.0 
847.0 183.0 
839.0 184.0 
1836.0 140.0 
1565.0 153.0 
948.0 172.0 
356.0 256.0 
1312.0 156.0 
1766.0 141.0 
450.0 218.0 
1353.0 154.0 
1014.0 164.0 
369.0 242.0 
948.0 172.0 
839.0 184.0 
621.0 190.0 
1254.0 159.0 
474.0 207.0 
437.0 228.0 
473.0 217.0 
473.0 217.0 
434.0 230.0 
865.0 182.0 
865.0 182.0 
935.0 180.0 
1587.0 148.0 
1609.0 147.0 
522.0 201.0 
517.0 205.0 
517.0 205.0 
517.0 205.0 
424.0 240.0 
858.0 183.0 
1865.0 140.0 
363.0 263.0 
366.0 256.0 
1344.0 157.0 
1315.0 158.0 
1344.0 157.0 
1345.0 156.0 
1773.0 142.0 
453.0 218.0 
1572.0 154.0 
1084.0 165.0 
1188.0 164.0 
1082.0 167.0 
400.0 242.0 
392.0 243.0 
374.0 255.0 
379.0 248.0 
983.0 173.0 
983.0 173.0 
983.0 173.0 
977.0 174.0 
958.0 179.0 
983.0 173.0 
850.0 189.0 
745.0 190.0 
621.0 191.0 
1257.0 159.0 
1257.0 159.0 
509.0 208.0 
475.0 211.0 
508.0 209.0 
484.0 210.0 
363.0 264.0 
1789.0 142.0 
800.0 191.0 
1156.0 165.0 
1311.0 159.0 
1604.0 149.0 
444.0 237.0 
457.0 223.0 
992.0 177.0 
677.0 196.0 
531.0 201.0 
