931.0 163.0 
1106.0 156.0 
1187.0 152.0 
931.0 163.0 
787.0 176.0 
398.0 207.0 
398.0 207.0 
1298.0 147.0 
398.0 207.0 
1043.0 158.0 
351.0 231.0 
414.0 205.0 
1264.0 150.0 
1693.0 131.0 
839.0 167.0 
1187.0 152.0 
1524.0 136.0 
462.0 190.0 
414.0 205.0 
538.0 185.0 
839.0 167.0 
1329.0 145.0 
679.0 177.0 
1792.0 126.0 
386.0 209.0 
1788.0 130.0 
1153.0 155.0 
679.0 177.0 
1824.0 124.0 
1187.0 152.0 
1329.0 145.0 
679.0 177.0 
649.0 178.0 
923.0 164.0 
800.0 168.0 
1298.0 147.0 
1264.0 150.0 
792.0 171.0 
968.0 159.0 
1106.0 156.0 
1192.0 151.0 
1446.0 140.0 
419.0 193.0 
351.0 231.0 
1264.0 150.0 
787.0 176.0 
1413.0 143.0 
548.0 182.0 
337.0 243.0 
1187.0 152.0 
1851.0 126.0 
345.0 245.0 
1709.0 131.0 
1525.0 136.0 
389.0 222.0 
390.0 209.0 
1401.0 146.0 
1794.0 128.0 
423.0 205.0 
620.0 182.0 
378.0 231.0 
1243.0 152.0 
696.0 180.0 
1063.0 158.0 
455.0 198.0 
977.0 159.0 
561.0 183.0 
355.0 236.0 
494.0 191.0 
759.0 177.0 
1489.0 144.0 
1499.0 140.0 
849.0 167.0 
1109.0 157.0 
1310.0 147.0 
794.0 172.0 
1271.0 150.0 
743.0 179.0 
931.0 165.0 
538.0 187.0 
847.0 169.0 
960.0 164.0 
805.0 171.0 
1169.0 155.0 
1166.0 156.0 
1303.0 148.0 
538.0 187.0 
459.0 196.0 
373.0 234.0 
931.0 165.0 
470.0 194.0 
363.0 235.0 
1169.0 155.0 
1489.0 144.0 
473.0 193.0 
960.0 164.0 
977.0 159.0 
473.0 193.0 
977.0 159.0 
1489.0 144.0 
