63.0 33.0 
64.0 32.0 
58.0 34.0 
55.0 39.0 
49.0 41.0 
65.0 29.0 
63.0 33.0 
64.0 32.0 
56.0 35.0 
63.0 33.0 
62.0 34.0 
51.0 41.0 
51.0 41.0 
51.0 41.0 
51.0 41.0 
49.0 43.0 
51.0 41.0 
51.0 41.0 
51.0 41.0 
51.0 41.0 
50.0 42.0 
73.0 31.0 
69.0 32.0 
57.0 36.0 
58.0 35.0 
56.0 37.0 
58.0 35.0 
65.0 34.0 
65.0 34.0 
54.0 41.0 
50.0 43.0 
51.0 42.0 
75.0 31.0 
69.0 33.0 
69.0 33.0 
69.0 33.0 
69.0 33.0 
58.0 36.0 
66.0 35.0 
68.0 34.0 
66.0 35.0 
55.0 41.0 
50.0 44.0 
50.0 44.0 
52.0 42.0 
77.0 32.0 
81.0 31.0 
73.0 33.0 
62.0 36.0 
60.0 37.0 
62.0 36.0 
62.0 36.0 
58.0 40.0 
58.0 40.0 
62.0 36.0 
70.0 34.0 
68.0 35.0 
68.0 35.0 
57.0 41.0 
51.0 44.0 
51.0 44.0 
51.0 44.0 
51.0 44.0 
51.0 44.0 
51.0 44.0 
51.0 44.0 
51.0 44.0 
55.0 42.0 
55.0 42.0 
52.0 43.0 
80.0 32.0 
74.0 33.0 
74.0 33.0 
60.0 40.0 
60.0 40.0 
60.0 40.0 
60.0 40.0 
60.0 40.0 
62.0 38.0 
62.0 38.0 
63.0 37.0 
63.0 37.0 
63.0 37.0 
62.0 38.0 
64.0 36.0 
64.0 36.0 
64.0 36.0 
62.0 38.0 
63.0 37.0 
51.0 45.0 
51.0 45.0 
84.0 32.0 
58.0 41.0 
54.0 43.0 
75.0 33.0 
65.0 36.0 
63.0 39.0 
72.0 34.0 
61.0 40.0 
64.0 37.0 
