72.0 36.0 
72.0 36.0 
72.0 36.0 
72.0 36.0 
70.0 37.0 
73.0 32.0 
75.0 29.0 
71.0 39.0 
71.0 39.0 
71.0 39.0 
71.0 39.0 
71.0 39.0 
71.0 39.0 
70.0 43.0 
71.0 39.0 
72.0 37.0 
73.0 33.0 
90.0 29.0 
90.0 29.0 
75.0 30.0 
71.0 43.0 
71.0 43.0 
72.0 38.0 
74.0 33.0 
73.0 34.0 
73.0 34.0 
93.0 29.0 
93.0 29.0 
93.0 29.0 
75.0 31.0 
82.0 30.0 
75.0 31.0 
82.0 30.0 
72.0 39.0 
74.0 34.0 
73.0 37.0 
74.0 34.0 
74.0 34.0 
74.0 34.0 
74.0 34.0 
76.0 32.0 
76.0 32.0 
77.0 31.0 
77.0 31.0 
76.0 32.0 
85.0 30.0 
72.0 43.0 
72.0 43.0 
72.0 43.0 
72.0 43.0 
72.0 43.0 
72.0 43.0 
73.0 38.0 
75.0 35.0 
75.0 35.0 
74.0 36.0 
75.0 35.0 
75.0 35.0 
75.0 35.0 
83.0 31.0 
77.0 32.0 
77.0 32.0 
76.0 34.0 
76.0 34.0 
76.0 34.0 
77.0 32.0 
91.0 30.0 
72.0 44.0 
72.0 44.0 
72.0 44.0 
73.0 40.0 
73.0 40.0 
74.0 37.0 
88.0 31.0 
76.0 35.0 
77.0 33.0 
77.0 33.0 
78.0 32.0 
77.0 33.0 
78.0 32.0 
77.0 33.0 
77.0 33.0 
92.0 30.0 
72.0 45.0 
72.0 45.0 
93.0 30.0 
82.0 32.0 
75.0 37.0 
89.0 31.0 
79.0 33.0 
89.0 31.0 
73.0 42.0 
73.0 42.0 
74.0 39.0 
74.0 39.0 
77.0 35.0 
77.0 35.0 
78.0 34.0 
78.0 34.0 
73.0 42.0 
