259.0 103.0 
257.0 110.0 
254.0 133.0 
260.0 107.0 
259.0 113.0 
257.0 128.0 
260.0 108.0 
276.0 107.0 
258.0 140.0 
258.0 140.0 
260.0 122.0 
261.0 112.0 
264.0 108.0 
260.0 140.0 
263.0 112.0 
272.0 111.0 
275.0 108.0 
263.0 117.0 
265.0 112.0 
280.0 109.0 
278.0 110.0 
264.0 123.0 
264.0 123.0 
277.0 112.0 
277.0 112.0 
267.0 113.0 
292.0 109.0 
288.0 110.0 
288.0 110.0 
264.0 136.0 
265.0 124.0 
281.0 112.0 
281.0 112.0 
281.0 112.0 
281.0 112.0 
281.0 112.0 
267.0 115.0 
268.0 113.0 
290.0 111.0 
290.0 111.0 
266.0 125.0 
266.0 125.0 
267.0 116.0 
267.0 116.0 
269.0 115.0 
269.0 115.0 
271.0 113.0 
313.0 111.0 
292.0 112.0 
267.0 124.0 
268.0 120.0 
273.0 115.0 
274.0 113.0 
272.0 119.0 
274.0 113.0 
315.0 112.0 
268.0 121.0 
273.0 117.0 
275.0 114.0 
287.0 113.0 
270.0 123.0 
269.0 130.0 
273.0 120.0 
273.0 120.0 
280.0 114.0 
280.0 114.0 
275.0 115.0 
292.0 113.0 
271.0 125.0 
271.0 125.0 
273.0 121.0 
275.0 116.0 
275.0 116.0 
275.0 116.0 
290.0 115.0 
275.0 116.0 
275.0 116.0 
303.0 113.0 
303.0 113.0 
293.0 114.0 
303.0 113.0 
271.0 126.0 
271.0 126.0 
292.0 115.0 
292.0 115.0 
276.0 119.0 
277.0 117.0 
280.0 116.0 
276.0 119.0 
277.0 117.0 
304.0 114.0 
319.0 113.0 
271.0 127.0 
295.0 115.0 
283.0 116.0 
279.0 117.0 
277.0 124.0 
311.0 114.0 
271.0 130.0 
367.0 114.0 
