260.0 123.0 
209.0 143.0 
172.0 152.0 
226.0 124.0 
310.0 117.0 
211.0 128.0 
172.0 161.0 
172.0 161.0 
188.0 158.0 
248.0 124.0 
215.0 130.0 
213.0 156.0 
183.0 164.0 
181.0 198.0 
272.0 125.0 
253.0 129.0 
232.0 138.0 
237.0 133.0 
215.0 144.0 
205.0 165.0 
185.0 178.0 
278.0 125.0 
262.0 129.0 
246.0 134.0 
229.0 145.0 
227.0 148.0 
220.0 161.0 
224.0 158.0 
211.0 171.0 
211.0 171.0 
209.0 175.0 
216.0 169.0 
185.0 180.0 
278.0 126.0 
401.0 125.0 
270.0 131.0 
255.0 134.0 
249.0 139.0 
236.0 146.0 
229.0 151.0 
229.0 151.0 
229.0 151.0 
233.0 149.0 
212.0 173.0 
212.0 173.0 
226.0 171.0 
226.0 171.0 
217.0 172.0 
211.0 184.0 
200.0 191.0 
396.0 131.0 
260.0 136.0 
262.0 135.0 
267.0 134.0 
257.0 139.0 
256.0 145.0 
230.0 154.0 
238.0 150.0 
214.0 181.0 
220.0 172.0 
263.0 135.0 
284.0 134.0 
284.0 134.0 
260.0 141.0 
231.0 160.0 
247.0 157.0 
257.0 154.0 
216.0 183.0 
215.0 260.0 
228.0 176.0 
275.0 135.0 
265.0 141.0 
261.0 148.0 
244.0 163.0 
238.0 169.0 
245.0 160.0 
234.0 173.0 
259.0 157.0 
260.0 156.0 
257.0 158.0 
219.0 187.0 
221.0 184.0 
218.0 202.0 
217.0 216.0 
218.0 202.0 
219.0 187.0 
231.0 179.0 
391.0 135.0 
391.0 135.0 
382.0 141.0 
291.0 142.0 
278.0 152.0 
275.0 154.0 
275.0 154.0 
253.0 160.0 
246.0 167.0 
245.0 170.0 
219.0 195.0 
398.0 136.0 
298.0 146.0 
