275.0 192.0 
275.0 192.0 
1646.0 95.0 
1101.0 117.0 
970.0 119.0 
340.0 153.0 
707.0 133.0 
1355.0 107.0 
301.0 171.0 
1173.0 115.0 
1457.0 103.0 
300.0 180.0 
438.0 152.0 
1513.0 102.0 
962.0 121.0 
891.0 126.0 
622.0 140.0 
497.0 147.0 
1306.0 110.0 
1416.0 106.0 
793.0 128.0 
933.0 125.0 
567.0 146.0 
289.0 186.0 
1566.0 98.0 
333.0 159.0 
300.0 180.0 
1218.0 114.0 
276.0 187.0 
761.0 132.0 
1240.0 112.0 
473.0 150.0 
1306.0 110.0 
315.0 168.0 
651.0 138.0 
604.0 143.0 
326.0 163.0 
1566.0 98.0 
655.0 137.0 
842.0 127.0 
842.0 127.0 
655.0 137.0 
572.0 144.0 
1539.0 99.0 
1416.0 106.0 
473.0 150.0 
783.0 130.0 
438.0 152.0 
332.0 161.0 
933.0 125.0 
1538.0 100.0 
1240.0 112.0 
783.0 130.0 
497.0 147.0 
761.0 132.0 
333.0 159.0 
310.0 169.0 
604.0 143.0 
1538.0 100.0 
1230.0 113.0 
326.0 163.0 
315.0 168.0 
289.0 186.0 
1230.0 113.0 
310.0 169.0 
340.0 153.0 
572.0 144.0 
567.0 146.0 
328.0 162.0 
328.0 162.0 
276.0 187.0 
275.0 192.0 
300.0 180.0 
655.0 137.0 
1416.0 106.0 
473.0 150.0 
438.0 152.0 
842.0 127.0 
933.0 125.0 
1566.0 98.0 
1240.0 112.0 
497.0 147.0 
333.0 159.0 
326.0 163.0 
310.0 169.0 
572.0 144.0 
328.0 162.0 
276.0 187.0 
572.0 144.0 
497.0 147.0 
933.0 125.0 
333.0 159.0 
326.0 163.0 
310.0 169.0 
276.0 187.0 
572.0 144.0 
333.0 159.0 
572.0 144.0 
572.0 144.0 
333.0 159.0 
