221.0 88.0 
252.0 103.0 
287.0 97.0 
271.0 101.0 
239.0 109.0 
255.0 105.0 
290.0 99.0 
284.0 103.0 
246.0 118.0 
243.0 123.0 
252.0 114.0 
245.0 119.0 
283.0 105.0 
256.0 111.0 
272.0 106.0 
319.0 99.0 
295.0 100.0 
292.0 104.0 
244.0 129.0 
244.0 129.0 
254.0 121.0 
263.0 112.0 
263.0 112.0 
259.0 116.0 
276.0 106.0 
276.0 106.0 
276.0 106.0 
301.0 102.0 
246.0 129.0 
260.0 117.0 
260.0 117.0 
264.0 116.0 
290.0 106.0 
282.0 110.0 
290.0 106.0 
290.0 106.0 
302.0 102.0 
302.0 102.0 
246.0 130.0 
263.0 118.0 
263.0 118.0 
281.0 117.0 
282.0 113.0 
291.0 109.0 
296.0 107.0 
310.0 102.0 
304.0 103.0 
251.0 131.0 
266.0 122.0 
275.0 120.0 
284.0 117.0 
291.0 111.0 
299.0 110.0 
306.0 105.0 
263.0 142.0 
265.0 135.0 
258.0 147.0 
269.0 126.0 
266.0 134.0 
266.0 134.0 
271.0 122.0 
279.0 120.0 
285.0 117.0 
295.0 113.0 
294.0 116.0 
296.0 111.0 
295.0 113.0 
304.0 110.0 
318.0 105.0 
307.0 108.0 
315.0 106.0 
265.0 141.0 
272.0 122.0 
271.0 133.0 
281.0 120.0 
286.0 118.0 
299.0 113.0 
297.0 116.0 
298.0 114.0 
305.0 110.0 
305.0 110.0 
309.0 108.0 
309.0 108.0 
309.0 108.0 
318.0 106.0 
269.0 144.0 
271.0 143.0 
271.0 143.0 
323.0 107.0 
299.0 114.0 
273.0 125.0 
309.0 109.0 
272.0 134.0 
272.0 134.0 
305.0 112.0 
287.0 120.0 
283.0 121.0 
287.0 120.0 
278.0 123.0 
275.0 124.0 
