179.0 164.0 
208.0 107.0 
184.0 167.0 
246.0 132.0 
211.0 140.0 
289.0 119.0 
249.0 121.0 
291.0 117.0 
186.0 178.0 
217.0 149.0 
255.0 128.0 
270.0 126.0 
186.0 194.0 
204.0 190.0 
229.0 150.0 
222.0 187.0 
226.0 172.0 
229.0 150.0 
269.0 134.0 
269.0 134.0 
269.0 134.0 
289.0 127.0 
274.0 128.0 
221.0 213.0 
208.0 219.0 
207.0 229.0 
225.0 203.0 
227.0 173.0 
241.0 156.0 
241.0 156.0 
260.0 150.0 
232.0 170.0 
276.0 132.0 
290.0 129.0 
310.0 128.0 
290.0 129.0 
222.0 217.0 
221.0 227.0 
210.0 239.0 
255.0 168.0 
266.0 162.0 
269.0 152.0 
234.0 171.0 
232.0 180.0 
287.0 135.0 
277.0 136.0 
310.0 131.0 
291.0 133.0 
309.0 132.0 
228.0 219.0 
227.0 235.0 
227.0 235.0 
217.0 254.0 
216.0 291.0 
217.0 254.0 
255.0 169.0 
275.0 158.0 
275.0 158.0 
270.0 168.0 
275.0 158.0 
275.0 158.0 
234.0 173.0 
290.0 140.0 
324.0 131.0 
294.0 137.0 
295.0 134.0 
228.0 246.0 
218.0 254.0 
263.0 171.0 
279.0 167.0 
277.0 168.0 
250.0 176.0 
234.0 200.0 
235.0 190.0 
241.0 178.0 
239.0 182.0 
292.0 140.0 
337.0 131.0 
328.0 132.0 
296.0 134.0 
225.0 262.0 
271.0 172.0 
273.0 171.0 
284.0 167.0 
279.0 169.0 
270.0 176.0 
234.0 210.0 
237.0 193.0 
242.0 187.0 
246.0 184.0 
346.0 132.0 
346.0 132.0 
304.0 134.0 
298.0 139.0 
296.0 141.0 
303.0 135.0 
298.0 139.0 
227.0 285.0 
363.0 135.0 
363.0 135.0 
