54.0 21.0 
54.0 21.0 
75.0 17.0 
55.0 18.0 
48.0 23.0 
76.0 15.0 
66.0 18.0 
57.0 21.0 
61.0 19.0 
52.0 29.0 
51.0 30.0 
54.0 26.0 
50.0 32.0 
79.0 16.0 
78.0 17.0 
59.0 25.0 
72.0 19.0 
64.0 20.0 
57.0 29.0 
53.0 34.0 
92.0 16.0 
81.0 17.0 
64.0 26.0 
64.0 26.0 
76.0 20.0 
68.0 21.0 
66.0 25.0 
76.0 20.0 
59.0 29.0 
58.0 30.0 
82.0 18.0 
65.0 26.0 
68.0 22.0 
75.0 21.0 
79.0 20.0 
64.0 29.0 
61.0 30.0 
59.0 31.0 
84.0 18.0 
67.0 26.0 
69.0 23.0 
75.0 22.0 
75.0 22.0 
79.0 21.0 
62.0 30.0 
62.0 30.0 
60.0 34.0 
60.0 34.0 
89.0 18.0 
86.0 20.0 
67.0 27.0 
67.0 27.0 
68.0 26.0 
73.0 23.0 
71.0 24.0 
69.0 25.0 
81.0 22.0 
66.0 32.0 
60.0 42.0 
62.0 37.0 
101.0 19.0 
101.0 19.0 
90.0 21.0 
67.0 31.0 
68.0 27.0 
76.0 23.0 
75.0 24.0 
75.0 24.0 
69.0 26.0 
66.0 35.0 
65.0 37.0 
104.0 19.0 
91.0 21.0 
67.0 34.0 
67.0 34.0 
67.0 34.0 
68.0 28.0 
82.0 23.0 
82.0 23.0 
77.0 25.0 
79.0 24.0 
74.0 27.0 
65.0 39.0 
92.0 21.0 
67.0 38.0 
67.0 38.0 
69.0 29.0 
68.0 31.0 
87.0 23.0 
77.0 26.0 
78.0 25.0 
82.0 24.0 
75.0 27.0 
65.0 40.0 
100.0 21.0 
94.0 22.0 
66.0 41.0 
66.0 41.0 
95.0 22.0 
95.0 22.0 
