100.0 40.0 
72.0 50.0 
65.0 51.0 
133.0 30.0 
83.0 44.0 
72.0 50.0 
64.0 52.0 
76.0 49.0 
72.0 50.0 
53.0 58.0 
64.0 52.0 
128.0 31.0 
100.0 40.0 
80.0 46.0 
109.0 39.0 
100.0 40.0 
109.0 39.0 
56.0 57.0 
51.0 68.0 
120.0 35.0 
72.0 50.0 
80.0 46.0 
86.0 41.0 
122.0 34.0 
69.0 51.0 
135.0 30.0 
85.0 45.0 
79.0 49.0 
54.0 59.0 
53.0 62.0 
65.0 52.0 
130.0 32.0 
134.0 31.0 
130.0 32.0 
106.0 40.0 
106.0 40.0 
106.0 40.0 
119.0 39.0 
62.0 57.0 
59.0 58.0 
62.0 57.0 
52.0 69.0 
121.0 37.0 
82.0 47.0 
82.0 47.0 
87.0 41.0 
87.0 41.0 
122.0 36.0 
122.0 36.0 
72.0 51.0 
151.0 30.0 
151.0 30.0 
86.0 45.0 
80.0 49.0 
58.0 61.0 
58.0 61.0 
53.0 65.0 
55.0 62.0 
66.0 52.0 
130.0 35.0 
131.0 33.0 
135.0 32.0 
107.0 40.0 
60.0 60.0 
61.0 59.0 
64.0 57.0 
62.0 58.0 
62.0 58.0 
82.0 48.0 
82.0 48.0 
88.0 44.0 
101.0 42.0 
101.0 42.0 
101.0 42.0 
103.0 41.0 
101.0 42.0 
89.0 43.0 
124.0 36.0 
124.0 36.0 
123.0 37.0 
123.0 37.0 
54.0 65.0 
146.0 32.0 
105.0 41.0 
111.0 40.0 
66.0 54.0 
90.0 43.0 
56.0 62.0 
63.0 59.0 
138.0 33.0 
86.0 46.0 
132.0 34.0 
72.0 53.0 
124.0 38.0 
62.0 60.0 
85.0 48.0 
82.0 50.0 
77.0 52.0 
79.0 51.0 
90.0 43.0 
