1572.0 95.0 
1572.0 95.0 
268.0 196.0 
288.0 176.0 
1481.0 101.0 
1377.0 103.0 
284.0 187.0 
1319.0 108.0 
330.0 156.0 
1238.0 111.0 
1022.0 117.0 
1350.0 104.0 
367.0 155.0 
293.0 171.0 
962.0 119.0 
942.0 122.0 
1103.0 115.0 
865.0 126.0 
784.0 127.0 
1238.0 111.0 
269.0 192.0 
1551.0 99.0 
888.0 125.0 
475.0 145.0 
466.0 148.0 
1164.0 112.0 
1022.0 117.0 
650.0 135.0 
732.0 132.0 
677.0 133.0 
325.0 162.0 
1137.0 113.0 
271.0 189.0 
322.0 163.0 
530.0 141.0 
581.0 138.0 
393.0 153.0 
419.0 150.0 
1565.0 97.0 
297.0 169.0 
572.0 140.0 
631.0 136.0 
300.0 166.0 
1110.0 114.0 
915.0 123.0 
734.0 130.0 
1515.0 100.0 
468.0 147.0 
1515.0 100.0 
962.0 119.0 
1326.0 107.0 
631.0 136.0 
505.0 143.0 
505.0 143.0 
300.0 166.0 
419.0 150.0 
1164.0 112.0 
915.0 123.0 
677.0 133.0 
758.0 129.0 
1326.0 107.0 
404.0 152.0 
865.0 126.0 
581.0 138.0 
1103.0 115.0 
784.0 127.0 
765.0 128.0 
522.0 142.0 
284.0 187.0 
404.0 152.0 
733.0 131.0 
572.0 140.0 
522.0 142.0 
765.0 128.0 
758.0 129.0 
325.0 162.0 
1572.0 95.0 
915.0 123.0 
865.0 126.0 
631.0 136.0 
284.0 187.0 
300.0 166.0 
505.0 143.0 
677.0 133.0 
784.0 127.0 
404.0 152.0 
572.0 140.0 
1572.0 95.0 
915.0 123.0 
865.0 126.0 
631.0 136.0 
784.0 127.0 
505.0 143.0 
404.0 152.0 
784.0 127.0 
404.0 152.0 
865.0 126.0 
1238.0 111.0 
865.0 126.0 
915.0 123.0 
