582.0 238.0 
394.0 302.0 
534.0 240.0 
686.0 230.0 
948.0 212.0 
1544.0 180.0 
1183.0 196.0 
582.0 238.0 
485.0 249.0 
1768.0 171.0 
819.0 222.0 
1289.0 185.0 
1148.0 200.0 
842.0 218.0 
402.0 259.0 
585.0 233.0 
391.0 303.0 
1593.0 179.0 
1049.0 203.0 
878.0 216.0 
763.0 229.0 
1741.0 175.0 
1188.0 195.0 
779.0 226.0 
1836.0 164.0 
396.0 291.0 
552.0 239.0 
535.0 242.0 
539.0 240.0 
736.0 230.0 
695.0 231.0 
974.0 212.0 
959.0 215.0 
1554.0 183.0 
497.0 249.0 
1356.0 187.0 
1297.0 191.0 
1175.0 201.0 
423.0 286.0 
456.0 268.0 
435.0 281.0 
423.0 286.0 
434.0 285.0 
402.0 288.0 
462.0 267.0 
453.0 278.0 
654.0 234.0 
677.0 233.0 
605.0 237.0 
1594.0 179.0 
1075.0 207.0 
1075.0 207.0 
1085.0 203.0 
880.0 218.0 
1781.0 175.0 
1227.0 197.0 
1227.0 197.0 
1248.0 196.0 
1227.0 197.0 
1248.0 196.0 
1248.0 196.0 
875.0 228.0 
867.0 229.0 
1899.0 174.0 
403.0 304.0 
403.0 304.0 
1875.0 175.0 
1299.0 198.0 
1452.0 187.0 
497.0 250.0 
766.0 230.0 
1340.0 191.0 
1126.0 203.0 
883.0 223.0 
492.0 267.0 
1752.0 181.0 
1586.0 183.0 
537.0 243.0 
1064.0 212.0 
985.0 215.0 
695.0 232.0 
1586.0 183.0 
909.0 219.0 
426.0 291.0 
1781.0 176.0 
460.0 270.0 
964.0 218.0 
618.0 239.0 
421.0 298.0 
662.0 235.0 
1091.0 209.0 
430.0 287.0 
660.0 238.0 
446.0 282.0 
409.0 299.0 
566.0 240.0 
1755.0 179.0 
459.0 275.0 
437.0 284.0 
459.0 275.0 
