306.0 178.0 
328.0 169.0 
421.0 151.0 
277.0 195.0 
328.0 169.0 
306.0 178.0 
289.0 190.0 
286.0 194.0 
1442.0 101.0 
530.0 145.0 
1442.0 101.0 
636.0 136.0 
277.0 195.0 
636.0 136.0 
664.0 130.0 
300.0 186.0 
328.0 169.0 
450.0 149.0 
1442.0 101.0 
327.0 173.0 
482.0 148.0 
557.0 143.0 
277.0 195.0 
328.0 169.0 
1572.0 95.0 
1192.0 105.0 
482.0 148.0 
1440.0 103.0 
691.0 127.0 
318.0 175.0 
636.0 136.0 
482.0 148.0 
636.0 136.0 
328.0 169.0 
530.0 145.0 
277.0 195.0 
1544.0 96.0 
327.0 173.0 
482.0 148.0 
300.0 186.0 
713.0 126.0 
482.0 148.0 
1442.0 101.0 
1114.0 111.0 
713.0 126.0 
1626.0 93.0 
300.0 186.0 
636.0 136.0 
1656.0 91.0 
327.0 173.0 
636.0 136.0 
1488.0 97.0 
902.0 115.0 
558.0 142.0 
450.0 149.0 
277.0 195.0 
1412.0 104.0 
737.0 124.0 
450.0 149.0 
713.0 126.0 
306.0 178.0 
306.0 178.0 
1656.0 91.0 
399.0 152.0 
1109.0 112.0 
557.0 143.0 
530.0 145.0 
1442.0 101.0 
871.0 117.0 
558.0 142.0 
609.0 137.0 
1487.0 98.0 
344.0 153.0 
528.0 146.0 
338.0 159.0 
902.0 115.0 
327.0 173.0 
336.0 162.0 
1412.0 104.0 
278.0 196.0 
1683.0 92.0 
1683.0 92.0 
1194.0 105.0 
1113.0 112.0 
349.0 154.0 
715.0 126.0 
1414.0 104.0 
975.0 115.0 
874.0 120.0 
453.0 152.0 
739.0 125.0 
1573.0 95.0 
593.0 148.0 
530.0 149.0 
341.0 167.0 
311.0 182.0 
614.0 137.0 
292.0 190.0 
614.0 137.0 
1442.0 103.0 
