1708.0 114.0 
333.0 209.0 
1708.0 114.0 
357.0 195.0 
358.0 178.0 
1090.0 138.0 
1010.0 141.0 
530.0 165.0 
637.0 161.0 
794.0 150.0 
1627.0 116.0 
336.0 207.0 
347.0 199.0 
1228.0 133.0 
877.0 148.0 
1438.0 124.0 
1681.0 115.0 
1357.0 126.0 
1142.0 135.0 
362.0 177.0 
637.0 161.0 
492.0 169.0 
453.0 172.0 
955.0 144.0 
400.0 174.0 
530.0 165.0 
1115.0 136.0 
715.0 154.0 
1600.0 118.0 
1492.0 122.0 
1330.0 128.0 
1546.0 120.0 
1438.0 124.0 
1546.0 120.0 
1492.0 122.0 
1276.0 129.0 
492.0 169.0 
794.0 150.0 
928.0 145.0 
690.0 158.0 
742.0 153.0 
453.0 172.0 
400.0 174.0 
742.0 153.0 
981.0 142.0 
1142.0 135.0 
1357.0 126.0 
1600.0 118.0 
1249.0 131.0 
877.0 148.0 
677.0 159.0 
903.0 146.0 
350.0 197.0 
1249.0 131.0 
1228.0 133.0 
677.0 159.0 
1276.0 129.0 
1330.0 128.0 
981.0 142.0 
903.0 146.0 
336.0 207.0 
715.0 154.0 
690.0 158.0 
347.0 199.0 
348.0 198.0 
348.0 198.0 
358.0 178.0 
637.0 161.0 
637.0 161.0 
981.0 142.0 
492.0 169.0 
637.0 161.0 
981.0 142.0 
637.0 161.0 
637.0 161.0 
637.0 161.0 
637.0 161.0 
794.0 150.0 
530.0 165.0 
877.0 148.0 
336.0 207.0 
981.0 142.0 
453.0 172.0 
530.0 165.0 
637.0 161.0 
1492.0 122.0 
637.0 161.0 
637.0 161.0 
1438.0 124.0 
530.0 165.0 
1330.0 128.0 
336.0 207.0 
530.0 165.0 
1600.0 118.0 
690.0 158.0 
981.0 142.0 
794.0 150.0 
637.0 161.0 
453.0 172.0 
1492.0 122.0 
