104.0 42.0 
103.0 43.0 
140.0 33.0 
103.0 43.0 
129.0 34.0 
105.0 40.0 
110.0 35.0 
142.0 33.0 
142.0 33.0 
107.0 45.0 
106.0 48.0 
140.0 35.0 
111.0 36.0 
140.0 35.0 
146.0 33.0 
107.0 47.0 
108.0 45.0 
108.0 45.0 
111.0 40.0 
112.0 37.0 
113.0 36.0 
144.0 35.0 
147.0 33.0 
108.0 47.0 
109.0 46.0 
109.0 46.0 
111.0 41.0 
112.0 38.0 
113.0 37.0 
113.0 37.0 
113.0 37.0 
122.0 36.0 
145.0 35.0 
108.0 49.0 
110.0 46.0 
110.0 46.0 
110.0 46.0 
110.0 46.0 
110.0 46.0 
110.0 46.0 
110.0 46.0 
110.0 46.0 
111.0 44.0 
112.0 39.0 
112.0 39.0 
112.0 39.0 
112.0 39.0 
118.0 38.0 
118.0 38.0 
141.0 36.0 
122.0 37.0 
147.0 35.0 
109.0 49.0 
109.0 49.0 
109.0 49.0 
110.0 47.0 
110.0 47.0 
111.0 45.0 
111.0 45.0 
111.0 45.0 
113.0 39.0 
113.0 39.0 
112.0 40.0 
121.0 38.0 
121.0 38.0 
142.0 36.0 
125.0 37.0 
109.0 50.0 
109.0 50.0 
110.0 48.0 
111.0 46.0 
111.0 46.0 
118.0 39.0 
112.0 42.0 
113.0 41.0 
114.0 40.0 
113.0 41.0 
114.0 40.0 
114.0 40.0 
123.0 38.0 
143.0 36.0 
139.0 37.0 
109.0 54.0 
109.0 54.0 
145.0 36.0 
145.0 36.0 
142.0 37.0 
125.0 38.0 
111.0 47.0 
122.0 39.0 
112.0 43.0 
116.0 40.0 
111.0 47.0 
125.0 38.0 
114.0 41.0 
113.0 42.0 
113.0 42.0 
114.0 41.0 
114.0 41.0 
114.0 41.0 
