3896.0 920.0 
3589.0 925.0 
3517.0 930.0 
3677.0 924.0 
3900.0 914.0 
4139.0 892.0 
2981.0 971.0 
3355.0 932.0 
3534.0 931.0 
3712.0 925.0 
4020.0 924.0 
4142.0 896.0 
3206.0 1040.0 
3189.0 1067.0 
3242.0 1023.0 
3249.0 978.0 
3135.0 1085.0 
3126.0 1143.0 
3135.0 1085.0 
3457.0 967.0 
3530.0 947.0 
3543.0 935.0 
3765.0 933.0 
3765.0 933.0 
4010.0 931.0 
4098.0 930.0 
4136.0 929.0 
4508.0 908.0 
4215.0 924.0 
4215.0 924.0 
4383.0 913.0 
3231.0 1059.0 
3231.0 1059.0 
3214.0 1068.0 
3243.0 1034.0 
3325.0 1003.0 
3408.0 988.0 
3324.0 1004.0 
3337.0 993.0 
3256.0 1008.0 
3408.0 988.0 
3183.0 1099.0 
3212.0 1090.0 
3466.0 973.0 
3506.0 971.0 
3524.0 968.0 
3552.0 949.0 
3603.0 939.0 
3635.0 936.0 
4211.0 932.0 
4434.0 917.0 
4434.0 917.0 
4538.0 914.0 
3245.0 1034.0 
3243.0 1071.0 
3354.0 1013.0 
3264.0 1025.0 
3415.0 992.0 
3412.0 998.0 
3201.0 1117.0 
3209.0 1109.0 
3556.0 981.0 
3600.0 949.0 
3556.0 981.0 
3668.0 944.0 
3784.0 941.0 
3853.0 937.0 
4445.0 918.0 
3245.0 1035.0 
3408.0 1023.0 
3300.0 1028.0 
3340.0 1026.0 
3552.0 995.0 
3554.0 993.0 
3420.0 1020.0 
3463.0 998.0 
3217.0 1129.0 
3237.0 1111.0 
3217.0 1129.0 
3217.0 1129.0 
4510.0 926.0 
3234.0 1148.0 
4146.0 939.0 
3238.0 1124.0 
3247.0 1063.0 
3798.0 941.0 
3631.0 975.0 
3577.0 1004.0 
3686.0 963.0 
3272.0 1046.0 
3426.0 1022.0 
3714.0 949.0 
3490.0 1019.0 
3354.0 1026.0 
3638.0 972.0 
3776.0 948.0 
3523.0 1009.0 
3294.0 1040.0 
3577.0 1004.0 
3494.0 1012.0 
