1887.0 426.0 
1887.0 426.0 
1832.0 440.0 
1691.0 523.0 
1887.0 426.0 
1773.0 462.0 
1691.0 523.0 
1749.0 476.0 
1758.0 469.0 
1713.0 511.0 
1812.0 447.0 
1752.0 471.0 
1887.0 426.0 
1773.0 462.0 
1807.0 452.0 
1815.0 444.0 
1691.0 523.0 
1691.0 523.0 
1870.0 429.0 
1754.0 470.0 
1713.0 511.0 
1887.0 426.0 
1725.0 482.0 
1806.0 456.0 
1887.0 426.0 
1751.0 475.0 
1691.0 523.0 
1821.0 443.0 
1695.0 518.0 
1746.0 479.0 
1800.0 458.0 
1836.0 440.0 
1833.0 442.0 
1836.0 440.0 
1773.0 463.0 
1773.0 463.0 
1773.0 463.0 
1790.0 462.0 
1812.0 452.0 
1815.0 445.0 
1874.0 429.0 
1871.0 431.0 
1873.0 430.0 
1871.0 431.0 
1871.0 431.0 
1756.0 470.0 
1713.0 514.0 
1716.0 512.0 
1731.0 489.0 
1740.0 487.0 
1727.0 496.0 
1740.0 487.0 
1727.0 496.0 
1731.0 489.0 
1744.0 484.0 
1740.0 487.0 
1731.0 489.0 
1808.0 456.0 
1808.0 456.0 
1888.0 427.0 
1891.0 426.0 
1751.0 477.0 
1693.0 525.0 
1693.0 525.0 
1825.0 444.0 
1705.0 518.0 
1696.0 522.0 
1695.0 524.0 
1695.0 524.0 
1695.0 524.0 
1695.0 524.0 
1695.0 524.0 
1695.0 524.0 
1705.0 518.0 
1746.0 483.0 
1746.0 483.0 
1804.0 458.0 
1937.0 426.0 
1697.0 529.0 
1837.0 440.0 
1756.0 472.0 
1731.0 500.0 
1892.0 428.0 
1719.0 512.0 
1732.0 490.0 
1878.0 433.0 
1773.0 466.0 
1780.0 463.0 
1748.0 483.0 
1804.0 462.0 
1823.0 446.0 
1815.0 453.0 
1808.0 458.0 
1878.0 433.0 
1698.0 524.0 
1714.0 516.0 
1747.0 484.0 
1833.0 443.0 
1884.0 429.0 
1819.0 449.0 
