2267.0 660.0 
2194.0 745.0 
2195.0 733.0 
2188.0 746.0 
2180.0 753.0 
2267.0 660.0 
2195.0 733.0 
2171.0 754.0 
2269.0 659.0 
2427.0 632.0 
2180.0 753.0 
2327.0 642.0 
2196.0 693.0 
2521.0 627.0 
2592.0 598.0 
2239.0 676.0 
2287.0 649.0 
2183.0 752.0 
2267.0 660.0 
2327.0 642.0 
2739.0 590.0 
2180.0 753.0 
2193.0 751.0 
2194.0 748.0 
2490.0 632.0 
2430.0 635.0 
2212.0 703.0 
2202.0 740.0 
2200.0 746.0 
2206.0 728.0 
2655.0 603.0 
2691.0 601.0 
2606.0 616.0 
2630.0 604.0 
2253.0 698.0 
2253.0 698.0 
2256.0 694.0 
2286.0 685.0 
2286.0 685.0 
2299.0 667.0 
2339.0 660.0 
2363.0 650.0 
2988.0 596.0 
3051.0 594.0 
2827.0 598.0 
2827.0 598.0 
2827.0 598.0 
3064.0 592.0 
2196.0 752.0 
2195.0 755.0 
2195.0 755.0 
2529.0 634.0 
2475.0 637.0 
2475.0 637.0 
2228.0 717.0 
2248.0 709.0 
2228.0 717.0 
2204.0 742.0 
2202.0 749.0 
2220.0 732.0 
2214.0 735.0 
2823.0 602.0 
2823.0 602.0 
2823.0 602.0 
2633.0 605.0 
2272.0 695.0 
2288.0 694.0 
2309.0 670.0 
2309.0 670.0 
2309.0 670.0 
2391.0 658.0 
2380.0 662.0 
2438.0 652.0 
3002.0 596.0 
2833.0 600.0 
2200.0 759.0 
2200.0 759.0 
3007.0 599.0 
3007.0 599.0 
2636.0 634.0 
2317.0 671.0 
2407.0 661.0 
2702.0 605.0 
2853.0 603.0 
2510.0 637.0 
2876.0 601.0 
2453.0 652.0 
3006.0 600.0 
2639.0 608.0 
2269.0 710.0 
2260.0 724.0 
2313.0 690.0 
2495.0 649.0 
2224.0 732.0 
2220.0 741.0 
2205.0 753.0 
2232.0 725.0 
2496.0 640.0 
2214.0 746.0 
2272.0 702.0 
