359.0 220.0 
1460.0 146.0 
863.0 172.0 
865.0 171.0 
419.0 201.0 
865.0 171.0 
863.0 172.0 
1266.0 156.0 
427.0 195.0 
320.0 241.0 
1455.0 147.0 
1455.0 147.0 
489.0 193.0 
785.0 174.0 
419.0 201.0 
368.0 217.0 
1026.0 162.0 
332.0 222.0 
422.0 199.0 
1611.0 139.0 
1266.0 156.0 
589.0 186.0 
1153.0 157.0 
332.0 222.0 
1437.0 148.0 
1026.0 162.0 
427.0 195.0 
1561.0 143.0 
865.0 171.0 
863.0 172.0 
865.0 171.0 
457.0 194.0 
389.0 206.0 
644.0 183.0 
385.0 207.0 
1290.0 151.0 
936.0 167.0 
915.0 168.0 
380.0 214.0 
1562.0 142.0 
644.0 183.0 
1069.0 160.0 
1708.0 133.0 
1460.0 146.0 
1561.0 143.0 
1026.0 162.0 
839.0 173.0 
1401.0 150.0 
759.0 176.0 
745.0 182.0 
457.0 194.0 
320.0 241.0 
989.0 163.0 
1717.0 134.0 
325.0 242.0 
335.0 223.0 
1615.0 139.0 
592.0 186.0 
918.0 168.0 
759.0 181.0 
1439.0 150.0 
1321.0 151.0 
650.0 183.0 
1292.0 153.0 
1456.0 147.0 
1163.0 157.0 
1045.0 162.0 
1139.0 161.0 
391.0 206.0 
422.0 203.0 
523.0 193.0 
1561.0 144.0 
993.0 166.0 
362.0 220.0 
865.0 172.0 
865.0 172.0 
385.0 214.0 
645.0 185.0 
523.0 193.0 
812.0 176.0 
484.0 194.0 
1292.0 153.0 
812.0 176.0 
432.0 199.0 
384.0 218.0 
782.0 178.0 
995.0 165.0 
1562.0 143.0 
468.0 195.0 
1156.0 160.0 
385.0 214.0 
1456.0 147.0 
1163.0 157.0 
1562.0 143.0 
457.0 197.0 
782.0 178.0 
1023.0 163.0 
1160.0 158.0 
391.0 206.0 
1023.0 163.0 
