1037.0 297.0 
657.0 378.0 
727.0 330.0 
682.0 364.0 
1744.0 291.0 
1990.0 287.0 
1344.0 317.0 
1153.0 328.0 
1344.0 317.0 
1297.0 322.0 
1413.0 311.0 
668.0 380.0 
666.0 381.0 
661.0 383.0 
668.0 380.0 
1102.0 334.0 
1075.0 335.0 
756.0 355.0 
800.0 338.0 
1052.0 336.0 
885.0 337.0 
715.0 366.0 
2162.0 305.0 
2292.0 289.0 
1291.0 329.0 
1291.0 329.0 
2128.0 316.0 
2128.0 316.0 
1882.0 319.0 
709.0 401.0 
709.0 401.0 
709.0 401.0 
841.0 364.0 
839.0 365.0 
859.0 363.0 
1202.0 336.0 
913.0 339.0 
913.0 339.0 
1120.0 337.0 
890.0 353.0 
757.0 372.0 
790.0 371.0 
816.0 368.0 
757.0 372.0 
723.0 373.0 
720.0 378.0 
2162.0 308.0 
2373.0 293.0 
1781.0 330.0 
1348.0 335.0 
1770.0 333.0 
1466.0 334.0 
1839.0 329.0 
1929.0 326.0 
2054.0 323.0 
871.0 364.0 
1034.0 344.0 
1087.0 340.0 
1087.0 340.0 
916.0 352.0 
940.0 348.0 
891.0 363.0 
900.0 360.0 
858.0 368.0 
751.0 374.0 
779.0 373.0 
731.0 402.0 
743.0 394.0 
736.0 398.0 
729.0 445.0 
2287.0 314.0 
2459.0 296.0 
2459.0 296.0 
2390.0 299.0 
1351.0 335.0 
1845.0 334.0 
2022.0 329.0 
1969.0 331.0 
1209.0 340.0 
1089.0 345.0 
951.0 356.0 
990.0 348.0 
964.0 351.0 
869.0 369.0 
930.0 368.0 
850.0 373.0 
805.0 375.0 
789.0 380.0 
784.0 386.0 
754.0 398.0 
754.0 398.0 
743.0 401.0 
2296.0 319.0 
743.0 404.0 
743.0 404.0 
2429.0 320.0 
2319.0 333.0 
1421.0 335.0 
953.0 358.0 
1089.0 346.0 
