1773.0 202.0 
1095.0 232.0 
553.0 259.0 
744.0 245.0 
1893.0 201.0 
1084.0 234.0 
624.0 256.0 
590.0 257.0 
486.0 272.0 
464.0 291.0 
1099.0 215.0 
1558.0 211.0 
1900.0 190.0 
449.0 313.0 
933.0 238.0 
459.0 304.0 
555.0 268.0 
589.0 259.0 
800.0 245.0 
784.0 253.0 
749.0 256.0 
719.0 257.0 
497.0 283.0 
500.0 272.0 
484.0 301.0 
489.0 294.0 
1116.0 227.0 
1361.0 223.0 
1402.0 219.0 
1639.0 215.0 
1782.0 214.0 
1836.0 213.0 
1859.0 211.0 
1634.0 218.0 
2021.0 194.0 
1955.0 201.0 
1900.0 204.0 
2002.0 196.0 
1057.0 240.0 
981.0 243.0 
465.0 313.0 
561.0 271.0 
613.0 264.0 
654.0 261.0 
654.0 261.0 
883.0 245.0 
863.0 253.0 
749.0 257.0 
502.0 276.0 
527.0 275.0 
485.0 311.0 
486.0 310.0 
1337.0 228.0 
1132.0 235.0 
1374.0 224.0 
1448.0 221.0 
1794.0 216.0 
1892.0 213.0 
1740.0 220.0 
1957.0 203.0 
1957.0 203.0 
1968.0 202.0 
1937.0 204.0 
1901.0 211.0 
2033.0 200.0 
2033.0 200.0 
1058.0 240.0 
476.0 316.0 
471.0 320.0 
483.0 314.0 
471.0 320.0 
1991.0 210.0 
471.0 322.0 
471.0 322.0 
1063.0 240.0 
517.0 276.0 
1462.0 227.0 
772.0 258.0 
1350.0 234.0 
503.0 301.0 
629.0 274.0 
508.0 291.0 
882.0 256.0 
1688.0 223.0 
1166.0 238.0 
921.0 251.0 
642.0 266.0 
1768.0 222.0 
921.0 251.0 
1898.0 213.0 
499.0 314.0 
1552.0 224.0 
1350.0 234.0 
669.0 262.0 
1166.0 238.0 
1802.0 216.0 
506.0 294.0 
1921.0 211.0 
1801.0 217.0 
1552.0 224.0 
