1789.0 516.0 
1773.0 523.0 
1741.0 529.0 
1674.0 554.0 
1685.0 552.0 
1704.0 541.0 
1713.0 531.0 
1712.0 539.0 
1789.0 516.0 
1741.0 529.0 
1753.0 525.0 
1667.0 556.0 
1774.0 517.0 
1799.0 514.0 
1741.0 529.0 
1741.0 529.0 
1713.0 531.0 
1687.0 555.0 
1705.0 549.0 
1706.0 543.0 
1706.0 543.0 
1766.0 527.0 
1760.0 528.0 
1760.0 528.0 
1675.0 563.0 
1675.0 563.0 
1680.0 562.0 
1675.0 563.0 
1683.0 560.0 
1786.0 520.0 
1774.0 521.0 
1788.0 517.0 
1803.0 516.0 
1816.0 515.0 
1803.0 516.0 
1746.0 529.0 
1723.0 533.0 
1718.0 534.0 
1713.0 540.0 
1704.0 555.0 
1704.0 555.0 
1709.0 552.0 
1710.0 546.0 
1709.0 552.0 
1682.0 562.0 
1675.0 564.0 
1699.0 561.0 
1699.0 561.0 
1785.0 522.0 
1780.0 525.0 
1790.0 517.0 
1808.0 516.0 
1808.0 516.0 
1748.0 532.0 
1750.0 529.0 
1748.0 532.0 
1725.0 535.0 
1739.0 534.0 
1725.0 535.0 
1723.0 537.0 
1739.0 534.0 
1713.0 543.0 
1707.0 555.0 
1706.0 560.0 
1688.0 563.0 
1688.0 563.0 
1677.0 568.0 
1675.0 569.0 
1683.0 567.0 
1703.0 562.0 
1703.0 562.0 
1789.0 523.0 
1789.0 523.0 
1787.0 524.0 
1784.0 525.0 
1793.0 519.0 
1801.0 518.0 
1812.0 516.0 
1755.0 530.0 
1750.0 532.0 
1732.0 535.0 
1726.0 539.0 
1729.0 537.0 
1719.0 543.0 
1684.0 568.0 
1816.0 517.0 
1712.0 555.0 
1689.0 563.0 
1711.0 559.0 
1720.0 544.0 
1774.0 530.0 
1784.0 526.0 
1794.0 519.0 
1735.0 542.0 
1803.0 518.0 
1757.0 531.0 
1752.0 532.0 
1741.0 539.0 
1789.0 524.0 
1746.0 535.0 
