1911.0 699.0 
1911.0 699.0 
1910.0 701.0 
1911.0 699.0 
1930.0 659.0 
1910.0 701.0 
1967.0 632.0 
2000.0 631.0 
1942.0 644.0 
1913.0 682.0 
1919.0 665.0 
1951.0 642.0 
1966.0 637.0 
1924.0 664.0 
1963.0 640.0 
1969.0 634.0 
1942.0 656.0 
1942.0 656.0 
1917.0 695.0 
1913.0 697.0 
1923.0 685.0 
1921.0 686.0 
1921.0 686.0 
1951.0 645.0 
1951.0 645.0 
1956.0 644.0 
1966.0 638.0 
1924.0 683.0 
1924.0 683.0 
1926.0 670.0 
1969.0 636.0 
1993.0 635.0 
1950.0 659.0 
1943.0 668.0 
1916.0 702.0 
1914.0 705.0 
1914.0 705.0 
1922.0 689.0 
1922.0 689.0 
1922.0 689.0 
1921.0 694.0 
1953.0 652.0 
1960.0 648.0 
1967.0 641.0 
1966.0 643.0 
1925.0 687.0 
1925.0 687.0 
1925.0 687.0 
1925.0 687.0 
1938.0 671.0 
1938.0 671.0 
1932.0 678.0 
1970.0 640.0 
1971.0 637.0 
1970.0 640.0 
1918.0 702.0 
1918.0 702.0 
1917.0 705.0 
1917.0 705.0 
1917.0 705.0 
1917.0 705.0 
1921.0 698.0 
1922.0 696.0 
1956.0 652.0 
1960.0 651.0 
1967.0 650.0 
1969.0 649.0 
1926.0 690.0 
1938.0 677.0 
1942.0 676.0 
1942.0 676.0 
1944.0 671.0 
1932.0 687.0 
1987.0 637.0 
1987.0 637.0 
1986.0 639.0 
1986.0 639.0 
1986.0 639.0 
1970.0 642.0 
1918.0 703.0 
1918.0 703.0 
1918.0 703.0 
1918.0 703.0 
1923.0 696.0 
1957.0 655.0 
1969.0 650.0 
1927.0 693.0 
1927.0 693.0 
1928.0 691.0 
1928.0 691.0 
1940.0 678.0 
1945.0 677.0 
1945.0 677.0 
1945.0 677.0 
1945.0 677.0 
1934.0 690.0 
1996.0 637.0 
1918.0 707.0 
1972.0 643.0 
1959.0 660.0 
