95.0 39.0 
103.0 37.0 
100.0 42.0 
103.0 40.0 
114.0 38.0 
102.0 42.0 
111.0 40.0 
104.0 46.0 
104.0 46.0 
124.0 40.0 
113.0 44.0 
119.0 41.0 
113.0 44.0 
107.0 51.0 
108.0 46.0 
106.0 56.0 
146.0 42.0 
128.0 43.0 
119.0 44.0 
109.0 46.0 
130.0 43.0 
122.0 45.0 
114.0 46.0 
114.0 46.0 
110.0 58.0 
111.0 52.0 
133.0 43.0 
128.0 45.0 
119.0 46.0 
118.0 48.0 
116.0 54.0 
138.0 44.0 
137.0 45.0 
120.0 46.0 
118.0 54.0 
116.0 55.0 
141.0 44.0 
122.0 51.0 
136.0 47.0 
122.0 51.0 
123.0 48.0 
121.0 53.0 
119.0 65.0 
141.0 45.0 
139.0 47.0 
124.0 48.0 
121.0 61.0 
122.0 56.0 
154.0 45.0 
143.0 46.0 
142.0 47.0 
133.0 48.0 
124.0 50.0 
123.0 58.0 
160.0 46.0 
136.0 48.0 
125.0 50.0 
123.0 64.0 
123.0 64.0 
161.0 46.0 
155.0 48.0 
155.0 48.0 
127.0 50.0 
125.0 54.0 
125.0 54.0 
155.0 49.0 
127.0 51.0 
131.0 50.0 
126.0 55.0 
158.0 49.0 
128.0 51.0 
127.0 54.0 
159.0 50.0 
131.0 51.0 
129.0 52.0 
127.0 58.0 
181.0 50.0 
140.0 51.0 
140.0 51.0 
129.0 53.0 
140.0 52.0 
140.0 52.0 
140.0 52.0 
140.0 52.0 
145.0 51.0 
129.0 56.0 
131.0 53.0 
146.0 51.0 
146.0 51.0 
129.0 57.0 
134.0 53.0 
131.0 55.0 
156.0 51.0 
129.0 61.0 
155.0 52.0 
141.0 53.0 
133.0 56.0 
136.0 55.0 
131.0 58.0 
139.0 54.0 
