93.0 66.0 
127.0 50.0 
100.0 64.0 
95.0 65.0 
147.0 40.0 
73.0 69.0 
134.0 49.0 
113.0 59.0 
93.0 66.0 
138.0 46.0 
135.0 47.0 
130.0 51.0 
127.0 57.0 
100.0 65.0 
166.0 42.0 
84.0 69.0 
81.0 80.0 
113.0 62.0 
115.0 61.0 
96.0 68.0 
165.0 49.0 
157.0 50.0 
137.0 52.0 
134.0 60.0 
101.0 67.0 
103.0 66.0 
167.0 42.0 
90.0 69.0 
84.0 70.0 
120.0 61.0 
98.0 68.0 
149.0 53.0 
147.0 55.0 
144.0 58.0 
117.0 66.0 
117.0 66.0 
175.0 46.0 
167.0 52.0 
173.0 47.0 
86.0 73.0 
88.0 72.0 
120.0 62.0 
120.0 62.0 
120.0 62.0 
143.0 61.0 
104.0 68.0 
149.0 57.0 
164.0 56.0 
149.0 57.0 
117.0 67.0 
188.0 46.0 
188.0 46.0 
172.0 52.0 
168.0 54.0 
182.0 48.0 
87.0 74.0 
98.0 72.0 
96.0 73.0 
124.0 62.0 
121.0 65.0 
105.0 71.0 
106.0 68.0 
149.0 61.0 
155.0 58.0 
162.0 57.0 
118.0 67.0 
195.0 47.0 
245.0 46.0 
173.0 52.0 
188.0 49.0 
93.0 75.0 
89.0 83.0 
96.0 74.0 
147.0 62.0 
146.0 63.0 
147.0 62.0 
138.0 64.0 
126.0 65.0 
126.0 65.0 
121.0 66.0 
117.0 68.0 
110.0 69.0 
158.0 61.0 
170.0 58.0 
164.0 59.0 
238.0 47.0 
183.0 53.0 
174.0 54.0 
191.0 50.0 
223.0 49.0 
93.0 82.0 
96.0 77.0 
98.0 76.0 
103.0 75.0 
150.0 62.0 
141.0 64.0 
125.0 66.0 
118.0 68.0 
115.0 69.0 
248.0 48.0 
