123.0 24.0 
45.0 53.0 
123.0 24.0 
45.0 53.0 
93.0 33.0 
86.0 34.0 
120.0 26.0 
114.0 27.0 
108.0 28.0 
114.0 27.0 
71.0 39.0 
66.0 40.0 
86.0 34.0 
108.0 28.0 
104.0 29.0 
82.0 35.0 
104.0 29.0 
100.0 30.0 
78.0 36.0 
82.0 35.0 
66.0 40.0 
100.0 30.0 
76.0 37.0 
50.0 50.0 
63.0 41.0 
47.0 51.0 
73.0 38.0 
97.0 31.0 
78.0 36.0 
97.0 31.0 
63.0 41.0 
73.0 38.0 
122.0 25.0 
61.0 42.0 
55.0 46.0 
95.0 32.0 
59.0 43.0 
93.0 33.0 
76.0 37.0 
61.0 42.0 
57.0 44.0 
95.0 32.0 
53.0 47.0 
71.0 39.0 
120.0 26.0 
59.0 43.0 
47.0 51.0 
57.0 44.0 
53.0 47.0 
46.0 52.0 
56.0 45.0 
52.0 48.0 
51.0 49.0 
122.0 25.0 
55.0 46.0 
46.0 52.0 
52.0 48.0 
56.0 45.0 
50.0 50.0 
51.0 49.0 
123.0 24.0 
45.0 53.0 
114.0 27.0 
86.0 34.0 
108.0 28.0 
104.0 29.0 
82.0 35.0 
66.0 40.0 
100.0 30.0 
78.0 36.0 
73.0 38.0 
63.0 41.0 
97.0 31.0 
76.0 37.0 
71.0 39.0 
61.0 42.0 
93.0 33.0 
59.0 43.0 
95.0 32.0 
120.0 26.0 
47.0 51.0 
53.0 47.0 
57.0 44.0 
122.0 25.0 
51.0 49.0 
50.0 50.0 
46.0 52.0 
55.0 46.0 
56.0 45.0 
52.0 48.0 
123.0 24.0 
45.0 53.0 
114.0 27.0 
86.0 34.0 
108.0 28.0 
104.0 29.0 
82.0 35.0 
66.0 40.0 
100.0 30.0 
97.0 31.0 
