2095.0 525.0 
2000.0 560.0 
2031.0 544.0 
1932.0 579.0 
1891.0 622.0 
2139.0 516.0 
2029.0 557.0 
2031.0 544.0 
2095.0 525.0 
2165.0 514.0 
2080.0 529.0 
1901.0 594.0 
2054.0 537.0 
2165.0 514.0 
1932.0 579.0 
2079.0 531.0 
1912.0 583.0 
2080.0 529.0 
2095.0 525.0 
1893.0 595.0 
2146.0 515.0 
2091.0 526.0 
2055.0 532.0 
2102.0 517.0 
2013.0 559.0 
1932.0 579.0 
2006.0 560.0 
2031.0 558.0 
2036.0 555.0 
2031.0 558.0 
2042.0 550.0 
1917.0 591.0 
2080.0 531.0 
1909.0 599.0 
1906.0 601.0 
1913.0 598.0 
1908.0 600.0 
1893.0 611.0 
2160.0 515.0 
2151.0 516.0 
2094.0 527.0 
2099.0 526.0 
2099.0 526.0 
2094.0 527.0 
2056.0 537.0 
2056.0 537.0 
2056.0 537.0 
2058.0 536.0 
2114.0 522.0 
2124.0 521.0 
2139.0 517.0 
2114.0 522.0 
2023.0 559.0 
1934.0 579.0 
2006.0 564.0 
2012.0 561.0 
2006.0 564.0 
2051.0 550.0 
2042.0 553.0 
2051.0 550.0 
1922.0 597.0 
1922.0 597.0 
1922.0 597.0 
1923.0 594.0 
2081.0 535.0 
2081.0 535.0 
1906.0 602.0 
1913.0 599.0 
1908.0 601.0 
1909.0 600.0 
1895.0 612.0 
2165.0 515.0 
2165.0 515.0 
2109.0 526.0 
2109.0 526.0 
2106.0 529.0 
2056.0 538.0 
2079.0 536.0 
2079.0 536.0 
2141.0 521.0 
2141.0 521.0 
2163.0 517.0 
2148.0 519.0 
2119.0 525.0 
2128.0 523.0 
1946.0 581.0 
1986.0 580.0 
1897.0 627.0 
2167.0 515.0 
2110.0 527.0 
2051.0 551.0 
2086.0 535.0 
1989.0 582.0 
2007.0 570.0 
1963.0 583.0 
1946.0 585.0 
2135.0 524.0 
1909.0 602.0 
2060.0 539.0 
1900.0 614.0 
