224.0 86.0 
239.0 79.0 
221.0 94.0 
214.0 100.0 
210.0 110.0 
241.0 77.0 
214.0 100.0 
217.0 98.0 
225.0 88.0 
225.0 88.0 
239.0 83.0 
223.0 96.0 
212.0 122.0 
241.0 79.0 
216.0 102.0 
218.0 101.0 
222.0 99.0 
226.0 90.0 
225.0 91.0 
223.0 98.0 
245.0 81.0 
244.0 87.0 
241.0 89.0 
216.0 113.0 
217.0 105.0 
222.0 101.0 
222.0 101.0 
238.0 90.0 
229.0 93.0 
226.0 95.0 
234.0 92.0 
225.0 98.0 
223.0 100.0 
246.0 81.0 
245.0 82.0 
216.0 116.0 
220.0 114.0 
221.0 105.0 
222.0 102.0 
231.0 93.0 
229.0 95.0 
236.0 92.0 
228.0 98.0 
225.0 99.0 
248.0 86.0 
250.0 82.0 
218.0 122.0 
221.0 111.0 
223.0 103.0 
236.0 93.0 
241.0 92.0 
241.0 92.0 
232.0 98.0 
226.0 99.0 
249.0 87.0 
251.0 84.0 
251.0 84.0 
251.0 84.0 
222.0 112.0 
225.0 110.0 
237.0 94.0 
226.0 102.0 
230.0 100.0 
235.0 99.0 
250.0 89.0 
253.0 86.0 
252.0 88.0 
264.0 85.0 
222.0 115.0 
224.0 114.0 
247.0 94.0 
239.0 97.0 
241.0 96.0 
228.0 106.0 
230.0 103.0 
250.0 91.0 
270.0 86.0 
268.0 87.0 
267.0 88.0 
277.0 85.0 
267.0 88.0 
268.0 87.0 
223.0 115.0 
276.0 89.0 
223.0 120.0 
257.0 91.0 
225.0 115.0 
232.0 103.0 
228.0 108.0 
252.0 92.0 
240.0 100.0 
249.0 95.0 
243.0 96.0 
250.0 94.0 
228.0 108.0 
229.0 106.0 
240.0 100.0 
229.0 106.0 
241.0 98.0 
241.0 98.0 
