252.0 85.0 
252.0 85.0 
201.0 90.0 
249.0 87.0 
224.0 89.0 
255.0 77.0 
252.0 85.0 
230.0 88.0 
204.0 106.0 
223.0 99.0 
206.0 102.0 
256.0 81.0 
255.0 86.0 
236.0 88.0 
230.0 94.0 
236.0 88.0 
204.0 108.0 
204.0 108.0 
224.0 100.0 
228.0 99.0 
206.0 107.0 
208.0 103.0 
261.0 87.0 
232.0 95.0 
240.0 89.0 
246.0 88.0 
206.0 110.0 
211.0 104.0 
227.0 103.0 
210.0 108.0 
211.0 104.0 
232.0 101.0 
234.0 96.0 
241.0 90.0 
255.0 88.0 
208.0 112.0 
206.0 119.0 
210.0 111.0 
212.0 104.0 
211.0 107.0 
212.0 104.0 
236.0 99.0 
239.0 97.0 
237.0 98.0 
234.0 101.0 
234.0 101.0 
237.0 98.0 
236.0 99.0 
239.0 97.0 
234.0 101.0 
248.0 92.0 
266.0 90.0 
266.0 90.0 
261.0 91.0 
266.0 90.0 
208.0 113.0 
208.0 113.0 
213.0 104.0 
212.0 106.0 
212.0 106.0 
238.0 98.0 
247.0 97.0 
249.0 94.0 
256.0 93.0 
262.0 92.0 
264.0 91.0 
346.0 90.0 
211.0 116.0 
218.0 104.0 
213.0 109.0 
239.0 99.0 
250.0 94.0 
259.0 93.0 
266.0 92.0 
218.0 107.0 
220.0 104.0 
213.0 115.0 
214.0 110.0 
240.0 103.0 
241.0 99.0 
250.0 96.0 
264.0 93.0 
264.0 93.0 
260.0 94.0 
264.0 93.0 
264.0 93.0 
275.0 92.0 
220.0 107.0 
227.0 104.0 
214.0 112.0 
214.0 112.0 
241.0 100.0 
248.0 99.0 
256.0 96.0 
263.0 95.0 
265.0 93.0 
291.0 92.0 
215.0 135.0 
266.0 93.0 
217.0 117.0 
