142.0 49.0 
139.0 55.0 
138.0 56.0 
141.0 53.0 
139.0 55.0 
143.0 51.0 
144.0 50.0 
142.0 54.0 
142.0 54.0 
139.0 56.0 
143.0 52.0 
147.0 50.0 
142.0 55.0 
140.0 56.0 
140.0 56.0 
139.0 57.0 
139.0 57.0 
139.0 57.0 
145.0 53.0 
145.0 53.0 
143.0 54.0 
153.0 50.0 
149.0 51.0 
141.0 56.0 
140.0 57.0 
146.0 53.0 
146.0 53.0 
145.0 54.0 
166.0 50.0 
149.0 52.0 
153.0 51.0 
143.0 56.0 
143.0 56.0 
141.0 57.0 
147.0 53.0 
146.0 54.0 
145.0 55.0 
146.0 54.0 
151.0 52.0 
154.0 51.0 
144.0 56.0 
144.0 56.0 
144.0 56.0 
144.0 56.0 
144.0 56.0 
141.0 58.0 
142.0 57.0 
141.0 58.0 
141.0 58.0 
149.0 53.0 
149.0 53.0 
147.0 54.0 
154.0 52.0 
154.0 52.0 
155.0 51.0 
145.0 56.0 
145.0 56.0 
143.0 57.0 
143.0 57.0 
142.0 58.0 
142.0 58.0 
142.0 58.0 
150.0 53.0 
147.0 55.0 
147.0 55.0 
162.0 51.0 
156.0 52.0 
162.0 51.0 
156.0 52.0 
162.0 51.0 
146.0 56.0 
146.0 56.0 
144.0 57.0 
144.0 57.0 
144.0 57.0 
144.0 57.0 
143.0 58.0 
143.0 58.0 
142.0 59.0 
143.0 58.0 
142.0 59.0 
152.0 53.0 
152.0 53.0 
148.0 55.0 
158.0 52.0 
165.0 51.0 
147.0 56.0 
147.0 56.0 
145.0 57.0 
145.0 57.0 
145.0 57.0 
144.0 58.0 
144.0 58.0 
143.0 59.0 
143.0 59.0 
142.0 60.0 
143.0 59.0 
159.0 52.0 
143.0 60.0 
155.0 54.0 
