2088.0 473.0 
1967.0 548.0 
2088.0 473.0 
2161.0 447.0 
1880.0 596.0 
2152.0 458.0 
2005.0 527.0 
1892.0 582.0 
1982.0 531.0 
1843.0 599.0 
2183.0 441.0 
1915.0 560.0 
2071.0 483.0 
2015.0 494.0 
1950.0 558.0 
2092.0 474.0 
2092.0 474.0 
2092.0 474.0 
2088.0 481.0 
2092.0 474.0 
2161.0 448.0 
2160.0 469.0 
2160.0 469.0 
2160.0 469.0 
2159.0 471.0 
2005.0 528.0 
1903.0 592.0 
1984.0 552.0 
1990.0 536.0 
1846.0 599.0 
2201.0 445.0 
2239.0 441.0 
2201.0 445.0 
2201.0 445.0 
2196.0 446.0 
1922.0 565.0 
2074.0 483.0 
2074.0 483.0 
2074.0 483.0 
2019.0 498.0 
2016.0 507.0 
2016.0 507.0 
2016.0 507.0 
1953.0 558.0 
1953.0 558.0 
2099.0 474.0 
2097.0 479.0 
2097.0 479.0 
2162.0 462.0 
2162.0 462.0 
2166.0 450.0 
2160.0 471.0 
1910.0 597.0 
1987.0 557.0 
1994.0 537.0 
1994.0 537.0 
1994.0 537.0 
1857.0 599.0 
1857.0 599.0 
1857.0 599.0 
1853.0 603.0 
1852.0 606.0 
2240.0 442.0 
2240.0 442.0 
2240.0 442.0 
2240.0 442.0 
2240.0 442.0 
2214.0 445.0 
2196.0 447.0 
2196.0 447.0 
1927.0 588.0 
1924.0 589.0 
1950.0 574.0 
1924.0 589.0 
1924.0 589.0 
1939.0 578.0 
2074.0 496.0 
2074.0 496.0 
2076.0 492.0 
2039.0 498.0 
2039.0 498.0 
2036.0 500.0 
2029.0 502.0 
2017.0 511.0 
2017.0 511.0 
2017.0 511.0 
2017.0 511.0 
2017.0 511.0 
2024.0 507.0 
2017.0 511.0 
2017.0 511.0 
2017.0 511.0 
1982.0 558.0 
1963.0 560.0 
1855.0 604.0 
1855.0 604.0 
2256.0 443.0 
2102.0 479.0 
2162.0 463.0 
2079.0 492.0 
