1862.0 450.0 
1993.0 431.0 
1773.0 503.0 
1862.0 450.0 
1763.0 509.0 
2124.0 409.0 
1878.0 443.0 
1838.0 461.0 
1993.0 431.0 
2083.0 417.0 
1862.0 450.0 
2122.0 412.0 
1784.0 498.0 
1984.0 434.0 
2012.0 419.0 
1796.0 490.0 
1773.0 503.0 
1943.0 437.0 
1784.0 498.0 
1784.0 498.0 
1759.0 526.0 
1809.0 467.0 
1767.0 514.0 
1767.0 514.0 
1767.0 514.0 
1767.0 514.0 
1765.0 517.0 
1889.0 449.0 
1891.0 443.0 
1859.0 463.0 
1846.0 465.0 
1841.0 466.0 
2090.0 418.0 
1864.0 450.0 
1864.0 450.0 
1864.0 450.0 
1864.0 450.0 
2126.0 412.0 
1995.0 436.0 
1995.0 436.0 
2013.0 430.0 
2027.0 420.0 
2027.0 420.0 
2027.0 420.0 
2020.0 428.0 
2031.0 419.0 
2020.0 428.0 
1775.0 504.0 
1802.0 500.0 
1807.0 498.0 
1784.0 503.0 
1784.0 503.0 
1761.0 529.0 
1761.0 529.0 
1761.0 529.0 
1761.0 529.0 
1761.0 529.0 
1816.0 496.0 
1823.0 473.0 
1825.0 468.0 
1767.0 516.0 
1767.0 516.0 
2182.0 414.0 
2093.0 418.0 
1829.0 471.0 
1820.0 496.0 
1897.0 444.0 
1977.0 443.0 
1850.0 466.0 
2155.0 416.0 
1871.0 450.0 
2040.0 419.0 
1864.0 452.0 
2024.0 428.0 
1811.0 501.0 
1999.0 440.0 
1782.0 504.0 
2029.0 423.0 
1830.0 470.0 
2155.0 416.0 
2022.0 435.0 
1850.0 466.0 
1897.0 444.0 
1813.0 499.0 
2036.0 420.0 
1773.0 514.0 
1977.0 443.0 
2016.0 436.0 
1864.0 452.0 
1778.0 509.0 
1820.0 496.0 
1779.0 508.0 
1782.0 504.0 
2006.0 437.0 
1773.0 514.0 
2002.0 438.0 
1778.0 509.0 
2006.0 437.0 
2002.0 438.0 
1779.0 508.0 
