24.0 20.0 
21.0 31.0 
26.0 19.0 
27.0 17.0 
25.0 36.0 
26.0 27.0 
29.0 19.0 
27.0 21.0 
27.0 21.0 
29.0 20.0 
39.0 19.0 
29.0 20.0 
27.0 30.0 
32.0 20.0 
30.0 23.0 
31.0 21.0 
32.0 20.0 
30.0 23.0 
28.0 32.0 
32.0 22.0 
32.0 22.0 
33.0 21.0 
32.0 22.0 
33.0 21.0 
33.0 21.0 
33.0 21.0 
32.0 22.0 
33.0 21.0 
32.0 22.0 
32.0 22.0 
32.0 22.0 
33.0 21.0 
33.0 21.0 
31.0 23.0 
30.0 24.0 
30.0 24.0 
31.0 23.0 
30.0 24.0 
30.0 24.0 
30.0 24.0 
29.0 33.0 
33.0 22.0 
33.0 22.0 
30.0 31.0 
30.0 31.0 
30.0 31.0 
30.0 31.0 
32.0 26.0 
29.0 40.0 
33.0 23.0 
35.0 22.0 
31.0 33.0 
32.0 27.0 
33.0 26.0 
33.0 26.0 
34.0 23.0 
34.0 23.0 
33.0 26.0 
38.0 22.0 
31.0 34.0 
32.0 29.0 
36.0 23.0 
34.0 25.0 
35.0 24.0 
35.0 24.0 
33.0 27.0 
43.0 22.0 
43.0 22.0 
31.0 36.0 
31.0 36.0 
32.0 32.0 
38.0 23.0 
37.0 24.0 
35.0 27.0 
31.0 39.0 
31.0 39.0 
33.0 33.0 
44.0 24.0 
37.0 25.0 
35.0 30.0 
35.0 30.0 
36.0 27.0 
32.0 41.0 
33.0 34.0 
40.0 25.0 
40.0 25.0 
37.0 28.0 
36.0 31.0 
37.0 28.0 
32.0 46.0 
34.0 36.0 
34.0 36.0 
33.0 39.0 
43.0 25.0 
33.0 50.0 
34.0 38.0 
36.0 32.0 
38.0 29.0 
40.0 28.0 
35.0 37.0 
