154.0 73.0 
142.0 124.0 
155.0 74.0 
144.0 138.0 
150.0 134.0 
171.0 84.0 
156.0 108.0 
237.0 77.0 
180.0 78.0 
161.0 86.0 
147.0 190.0 
150.0 135.0 
160.0 124.0 
157.0 130.0 
160.0 124.0 
198.0 83.0 
194.0 84.0 
203.0 81.0 
182.0 85.0 
165.0 89.0 
167.0 87.0 
151.0 156.0 
152.0 142.0 
157.0 134.0 
212.0 81.0 
165.0 126.0 
165.0 126.0 
166.0 118.0 
167.0 95.0 
168.0 88.0 
167.0 95.0 
151.0 158.0 
152.0 143.0 
159.0 140.0 
246.0 83.0 
282.0 82.0 
241.0 87.0 
173.0 90.0 
185.0 88.0 
184.0 89.0 
167.0 124.0 
169.0 95.0 
155.0 159.0 
154.0 222.0 
158.0 146.0 
161.0 140.0 
264.0 84.0 
175.0 92.0 
177.0 91.0 
205.0 88.0 
186.0 89.0 
168.0 125.0 
171.0 111.0 
157.0 176.0 
155.0 191.0 
160.0 157.0 
159.0 172.0 
166.0 145.0 
162.0 156.0 
164.0 149.0 
268.0 84.0 
268.0 84.0 
178.0 91.0 
246.0 88.0 
187.0 89.0 
171.0 119.0 
176.0 116.0 
157.0 186.0 
156.0 243.0 
160.0 182.0 
162.0 179.0 
164.0 168.0 
169.0 155.0 
166.0 160.0 
288.0 85.0 
288.0 85.0 
181.0 94.0 
227.0 89.0 
187.0 91.0 
172.0 131.0 
172.0 131.0 
171.0 139.0 
174.0 130.0 
175.0 126.0 
175.0 126.0 
176.0 119.0 
158.0 221.0 
160.0 190.0 
165.0 170.0 
170.0 158.0 
296.0 85.0 
294.0 87.0 
184.0 105.0 
183.0 116.0 
187.0 93.0 
187.0 93.0 
173.0 136.0 
171.0 143.0 
176.0 130.0 
160.0 192.0 
