1688.0 125.0 
309.0 219.0 
309.0 219.0 
1688.0 125.0 
656.0 169.0 
344.0 192.0 
333.0 200.0 
323.0 208.0 
631.0 172.0 
312.0 218.0 
322.0 211.0 
800.0 162.0 
896.0 155.0 
340.0 197.0 
473.0 184.0 
425.0 186.0 
584.0 176.0 
557.0 179.0 
708.0 166.0 
948.0 152.0 
605.0 173.0 
1113.0 146.0 
1275.0 140.0 
1626.0 127.0 
1059.0 147.0 
1572.0 129.0 
1221.0 142.0 
948.0 152.0 
708.0 166.0 
896.0 155.0 
817.0 160.0 
584.0 176.0 
1310.0 139.0 
821.0 159.0 
1275.0 140.0 
1626.0 127.0 
1356.0 137.0 
1310.0 139.0 
528.0 181.0 
500.0 182.0 
1572.0 129.0 
1221.0 142.0 
423.0 188.0 
473.0 184.0 
1356.0 137.0 
369.0 190.0 
333.0 200.0 
322.0 211.0 
323.0 208.0 
874.0 157.0 
1661.0 126.0 
765.0 163.0 
340.0 197.0 
1495.0 132.0 
852.0 158.0 
1464.0 133.0 
764.0 164.0 
735.0 165.0 
500.0 182.0 
735.0 165.0 
975.0 151.0 
1059.0 147.0 
1002.0 150.0 
1464.0 133.0 
1383.0 136.0 
1167.0 144.0 
1545.0 130.0 
396.0 189.0 
1140.0 145.0 
396.0 189.0 
1032.0 148.0 
1437.0 134.0 
1194.0 143.0 
1410.0 135.0 
1194.0 143.0 
1167.0 144.0 
1140.0 145.0 
1383.0 136.0 
1410.0 135.0 
1661.0 126.0 
1545.0 130.0 
1518.0 131.0 
530.0 180.0 
975.0 151.0 
557.0 179.0 
1437.0 134.0 
1005.0 149.0 
1113.0 146.0 
1032.0 148.0 
369.0 190.0 
1518.0 131.0 
1495.0 132.0 
852.0 158.0 
874.0 157.0 
605.0 173.0 
425.0 186.0 
312.0 218.0 
1005.0 149.0 
1002.0 150.0 
530.0 180.0 
