147.0 75.0 
146.0 89.0 
119.0 102.0 
146.0 89.0 
151.0 63.0 
122.0 104.0 
152.0 73.0 
183.0 71.0 
152.0 73.0 
152.0 73.0 
152.0 73.0 
151.0 95.0 
174.0 72.0 
139.0 112.0 
150.0 107.0 
150.0 107.0 
126.0 149.0 
131.0 121.0 
150.0 107.0 
156.0 83.0 
159.0 74.0 
155.0 89.0 
146.0 112.0 
135.0 121.0 
132.0 150.0 
168.0 74.0 
161.0 77.0 
155.0 90.0 
158.0 89.0 
158.0 89.0 
155.0 90.0 
148.0 112.0 
148.0 112.0 
140.0 125.0 
135.0 136.0 
139.0 130.0 
132.0 152.0 
132.0 152.0 
132.0 152.0 
132.0 152.0 
196.0 76.0 
163.0 77.0 
158.0 93.0 
156.0 102.0 
153.0 117.0 
145.0 127.0 
149.0 125.0 
138.0 137.0 
137.0 142.0 
138.0 137.0 
132.0 156.0 
163.0 92.0 
165.0 91.0 
166.0 90.0 
167.0 77.0 
158.0 95.0 
156.0 110.0 
153.0 121.0 
155.0 118.0 
145.0 131.0 
148.0 130.0 
137.0 148.0 
139.0 137.0 
136.0 166.0 
164.0 93.0 
193.0 77.0 
171.0 78.0 
167.0 82.0 
159.0 99.0 
161.0 96.0 
158.0 106.0 
154.0 122.0 
157.0 121.0 
148.0 131.0 
138.0 164.0 
140.0 138.0 
140.0 138.0 
137.0 180.0 
137.0 180.0 
176.0 79.0 
170.0 85.0 
161.0 98.0 
167.0 96.0 
160.0 106.0 
158.0 114.0 
158.0 114.0 
138.0 181.0 
138.0 181.0 
199.0 79.0 
154.0 127.0 
170.0 86.0 
160.0 109.0 
184.0 81.0 
140.0 157.0 
180.0 83.0 
142.0 150.0 
161.0 104.0 
150.0 133.0 
166.0 100.0 
145.0 144.0 
