21.0 7.0 
12.0 21.0 
20.0 8.0 
13.0 15.0 
33.0 6.0 
18.0 9.0 
21.0 7.0 
13.0 15.0 
14.0 12.0 
35.0 6.0 
35.0 6.0 
20.0 9.0 
20.0 9.0 
27.0 8.0 
29.0 7.0 
13.0 18.0 
13.0 18.0 
19.0 13.0 
14.0 15.0 
14.0 15.0 
19.0 13.0 
19.0 13.0 
21.0 9.0 
30.0 7.0 
13.0 19.0 
18.0 15.0 
17.0 16.0 
15.0 18.0 
19.0 14.0 
22.0 9.0 
22.0 9.0 
22.0 9.0 
21.0 12.0 
21.0 12.0 
34.0 7.0 
30.0 8.0 
13.0 20.0 
17.0 17.0 
17.0 17.0 
17.0 17.0 
17.0 17.0 
17.0 17.0 
17.0 17.0 
18.0 16.0 
17.0 17.0 
17.0 17.0 
16.0 18.0 
16.0 18.0 
16.0 18.0 
16.0 18.0 
20.0 14.0 
20.0 14.0 
19.0 15.0 
19.0 15.0 
27.0 9.0 
27.0 9.0 
22.0 10.0 
22.0 10.0 
36.0 7.0 
14.0 20.0 
14.0 20.0 
14.0 20.0 
13.0 21.0 
14.0 20.0 
14.0 20.0 
18.0 18.0 
19.0 17.0 
20.0 15.0 
28.0 9.0 
22.0 13.0 
24.0 10.0 
37.0 7.0 
14.0 21.0 
14.0 21.0 
15.0 20.0 
14.0 21.0 
14.0 21.0 
18.0 19.0 
19.0 18.0 
21.0 15.0 
20.0 16.0 
21.0 15.0 
20.0 16.0 
29.0 9.0 
23.0 13.0 
24.0 11.0 
27.0 10.0 
39.0 7.0 
17.0 20.0 
14.0 22.0 
14.0 22.0 
19.0 19.0 
22.0 15.0 
20.0 17.0 
20.0 17.0 
20.0 17.0 
20.0 17.0 
21.0 16.0 
21.0 16.0 
21.0 16.0 
