3332.0 880.0 
2740.0 962.0 
3034.0 959.0 
3332.0 880.0 
3208.0 954.0 
3332.0 880.0 
2747.0 966.0 
2980.0 965.0 
3475.0 909.0 
3475.0 909.0 
3519.0 905.0 
3519.0 905.0 
3475.0 909.0 
3475.0 909.0 
3337.0 929.0 
3405.0 927.0 
3530.0 902.0 
3737.0 893.0 
2820.0 1106.0 
2875.0 968.0 
2821.0 971.0 
3099.0 967.0 
3477.0 913.0 
3392.0 930.0 
3360.0 964.0 
3535.0 908.0 
2924.0 969.0 
2849.0 1101.0 
2859.0 977.0 
3220.0 968.0 
3514.0 915.0 
3477.0 927.0 
3508.0 924.0 
3511.0 918.0 
3400.0 934.0 
3536.0 910.0 
3536.0 910.0 
3536.0 910.0 
3536.0 910.0 
3536.0 910.0 
3536.0 910.0 
3536.0 910.0 
3550.0 909.0 
3536.0 910.0 
3536.0 910.0 
3021.0 975.0 
3069.0 969.0 
2863.0 1092.0 
2974.0 984.0 
2950.0 1027.0 
2898.0 1082.0 
3240.0 968.0 
3516.0 915.0 
3469.0 956.0 
3469.0 956.0 
3440.0 964.0 
3479.0 938.0 
3479.0 938.0 
3536.0 912.0 
3214.0 974.0 
3098.0 979.0 
2994.0 1019.0 
2972.0 1044.0 
2908.0 1115.0 
3396.0 973.0 
3518.0 920.0 
3534.0 915.0 
3494.0 957.0 
3494.0 957.0 
3542.0 914.0 
3542.0 914.0 
3542.0 914.0 
3238.0 977.0 
3363.0 976.0 
3142.0 980.0 
3228.0 979.0 
3111.0 986.0 
3034.0 1039.0 
2983.0 1084.0 
2978.0 1109.0 
2993.0 1059.0 
3002.0 1048.0 
3002.0 1048.0 
2959.0 1125.0 
2913.0 1196.0 
3528.0 920.0 
3528.0 920.0 
3528.0 920.0 
3528.0 920.0 
3528.0 920.0 
3499.0 959.0 
3551.0 919.0 
2996.0 1192.0 
3541.0 923.0 
3541.0 923.0 
3247.0 977.0 
3114.0 988.0 
3047.0 1049.0 
3002.0 1110.0 
3024.0 1062.0 
