119.0 79.0 
123.0 73.0 
125.0 57.0 
105.0 83.0 
103.0 156.0 
104.0 97.0 
100.0 159.0 
110.0 82.0 
127.0 73.0 
128.0 62.0 
108.0 90.0 
105.0 104.0 
124.0 83.0 
124.0 83.0 
110.0 84.0 
127.0 74.0 
127.0 74.0 
137.0 62.0 
132.0 69.0 
105.0 154.0 
107.0 136.0 
105.0 154.0 
108.0 133.0 
111.0 98.0 
115.0 84.0 
114.0 86.0 
127.0 81.0 
128.0 74.0 
143.0 62.0 
139.0 68.0 
132.0 72.0 
137.0 71.0 
106.0 156.0 
110.0 141.0 
113.0 139.0 
117.0 84.0 
117.0 84.0 
114.0 93.0 
114.0 93.0 
130.0 77.0 
143.0 64.0 
145.0 62.0 
145.0 62.0 
143.0 64.0 
145.0 62.0 
132.0 75.0 
133.0 73.0 
137.0 72.0 
107.0 162.0 
107.0 162.0 
113.0 146.0 
119.0 87.0 
121.0 84.0 
115.0 96.0 
116.0 94.0 
114.0 114.0 
155.0 62.0 
146.0 66.0 
145.0 67.0 
132.0 76.0 
132.0 76.0 
139.0 72.0 
138.0 73.0 
111.0 162.0 
119.0 90.0 
120.0 88.0 
123.0 84.0 
123.0 84.0 
123.0 84.0 
123.0 84.0 
123.0 84.0 
116.0 99.0 
116.0 99.0 
116.0 99.0 
115.0 153.0 
155.0 64.0 
156.0 63.0 
153.0 66.0 
151.0 68.0 
133.0 77.0 
136.0 76.0 
136.0 76.0 
142.0 74.0 
111.0 171.0 
122.0 88.0 
121.0 97.0 
121.0 97.0 
122.0 88.0 
124.0 84.0 
117.0 121.0 
164.0 63.0 
164.0 63.0 
117.0 133.0 
122.0 92.0 
121.0 115.0 
119.0 132.0 
149.0 75.0 
142.0 76.0 
121.0 115.0 
133.0 80.0 
