17.0 3.0 
17.0 3.0 
17.0 3.0 
17.0 3.0 
17.0 3.0 
17.0 3.0 
16.0 6.0 
17.0 3.0 
17.0 4.0 
19.0 4.0 
17.0 5.0 
17.0 5.0 
20.0 4.0 
20.0 4.0 
20.0 4.0 
20.0 4.0 
20.0 4.0 
20.0 4.0 
20.0 4.0 
20.0 4.0 
20.0 4.0 
20.0 4.0 
18.0 5.0 
18.0 5.0 
17.0 7.0 
23.0 4.0 
23.0 4.0 
19.0 5.0 
18.0 7.0 
18.0 7.0 
18.0 7.0 
26.0 4.0 
19.0 6.0 
20.0 5.0 
20.0 5.0 
20.0 5.0 
18.0 8.0 
27.0 4.0 
19.0 7.0 
19.0 7.0 
19.0 7.0 
19.0 7.0 
21.0 5.0 
21.0 5.0 
21.0 5.0 
21.0 5.0 
21.0 5.0 
21.0 5.0 
20.0 6.0 
21.0 5.0 
21.0 5.0 
21.0 5.0 
21.0 5.0 
21.0 5.0 
21.0 5.0 
18.0 9.0 
18.0 9.0 
20.0 8.0 
21.0 6.0 
21.0 6.0 
21.0 6.0 
21.0 6.0 
21.0 6.0 
22.0 5.0 
21.0 6.0 
21.0 6.0 
21.0 6.0 
22.0 5.0 
19.0 9.0 
19.0 9.0 
18.0 12.0 
19.0 9.0 
19.0 9.0 
21.0 8.0 
21.0 8.0 
21.0 8.0 
21.0 8.0 
21.0 8.0 
21.0 8.0 
21.0 8.0 
21.0 8.0 
21.0 8.0 
21.0 8.0 
21.0 8.0 
21.0 8.0 
21.0 8.0 
21.0 8.0 
21.0 8.0 
22.0 7.0 
24.0 5.0 
23.0 6.0 
24.0 5.0 
20.0 9.0 
20.0 9.0 
27.0 5.0 
25.0 6.0 
24.0 7.0 
25.0 6.0 
21.0 9.0 
28.0 5.0 
