212.0 101.0 
235.0 95.0 
288.0 83.0 
220.0 110.0 
223.0 101.0 
223.0 101.0 
320.0 99.0 
320.0 99.0 
320.0 99.0 
221.0 112.0 
221.0 112.0 
299.0 101.0 
242.0 102.0 
238.0 106.0 
238.0 106.0 
345.0 99.0 
231.0 117.0 
237.0 115.0 
332.0 101.0 
242.0 105.0 
314.0 103.0 
241.0 114.0 
232.0 119.0 
237.0 117.0 
237.0 117.0 
239.0 115.0 
237.0 117.0 
336.0 101.0 
336.0 101.0 
332.0 102.0 
246.0 106.0 
246.0 106.0 
328.0 103.0 
237.0 128.0 
240.0 120.0 
245.0 119.0 
240.0 120.0 
333.0 102.0 
261.0 106.0 
247.0 107.0 
246.0 111.0 
240.0 127.0 
241.0 123.0 
240.0 127.0 
333.0 103.0 
249.0 108.0 
249.0 108.0 
277.0 107.0 
248.0 120.0 
244.0 124.0 
242.0 128.0 
336.0 104.0 
267.0 111.0 
252.0 112.0 
250.0 114.0 
333.0 107.0 
283.0 108.0 
277.0 110.0 
333.0 107.0 
283.0 108.0 
244.0 125.0 
242.0 130.0 
340.0 105.0 
340.0 105.0 
340.0 105.0 
356.0 104.0 
338.0 106.0 
338.0 106.0 
338.0 106.0 
340.0 105.0 
340.0 105.0 
263.0 112.0 
263.0 112.0 
263.0 112.0 
263.0 112.0 
254.0 118.0 
333.0 109.0 
245.0 127.0 
248.0 125.0 
245.0 127.0 
244.0 147.0 
366.0 104.0 
339.0 107.0 
339.0 107.0 
340.0 106.0 
340.0 106.0 
340.0 106.0 
268.0 113.0 
268.0 113.0 
268.0 113.0 
266.0 115.0 
268.0 113.0 
255.0 120.0 
254.0 122.0 
263.0 118.0 
337.0 109.0 
245.0 133.0 
346.0 106.0 
346.0 106.0 
281.0 113.0 
