136.0 45.0 
133.0 46.0 
112.0 47.0 
105.0 54.0 
136.0 45.0 
137.0 44.0 
136.0 45.0 
134.0 47.0 
134.0 47.0 
134.0 47.0 
132.0 48.0 
114.0 51.0 
121.0 50.0 
114.0 51.0 
106.0 56.0 
105.0 59.0 
109.0 54.0 
107.0 55.0 
137.0 45.0 
133.0 48.0 
132.0 49.0 
126.0 50.0 
126.0 50.0 
126.0 50.0 
115.0 51.0 
115.0 51.0 
106.0 57.0 
106.0 57.0 
105.0 62.0 
114.0 55.0 
114.0 55.0 
112.0 56.0 
138.0 46.0 
134.0 48.0 
134.0 48.0 
133.0 49.0 
132.0 50.0 
116.0 51.0 
109.0 58.0 
106.0 60.0 
111.0 57.0 
115.0 55.0 
113.0 56.0 
141.0 46.0 
140.0 47.0 
141.0 46.0 
139.0 48.0 
134.0 49.0 
133.0 50.0 
133.0 50.0 
120.0 54.0 
124.0 51.0 
110.0 59.0 
110.0 59.0 
110.0 59.0 
106.0 62.0 
109.0 61.0 
109.0 61.0 
109.0 61.0 
109.0 61.0 
106.0 62.0 
114.0 57.0 
114.0 57.0 
119.0 56.0 
119.0 56.0 
113.0 58.0 
145.0 48.0 
145.0 48.0 
135.0 49.0 
135.0 49.0 
120.0 55.0 
126.0 52.0 
128.0 51.0 
126.0 52.0 
126.0 52.0 
110.0 60.0 
110.0 60.0 
109.0 62.0 
108.0 63.0 
116.0 57.0 
136.0 49.0 
136.0 49.0 
135.0 50.0 
129.0 51.0 
129.0 51.0 
128.0 55.0 
111.0 60.0 
110.0 62.0 
127.0 57.0 
116.0 58.0 
116.0 58.0 
116.0 58.0 
116.0 58.0 
116.0 58.0 
116.0 58.0 
127.0 57.0 
116.0 58.0 
141.0 49.0 
110.0 69.0 
110.0 69.0 
