1621.0 334.0 
922.0 340.0 
628.0 381.0 
1817.0 304.0 
2682.0 298.0 
922.0 340.0 
1918.0 300.0 
773.0 345.0 
1621.0 334.0 
738.0 352.0 
1693.0 314.0 
651.0 401.0 
1843.0 305.0 
1819.0 306.0 
1097.0 342.0 
1097.0 342.0 
2286.0 301.0 
772.0 378.0 
923.0 355.0 
750.0 389.0 
801.0 356.0 
780.0 357.0 
1699.0 339.0 
1705.0 335.0 
699.0 406.0 
2127.0 305.0 
2127.0 305.0 
1861.0 310.0 
1314.0 343.0 
1258.0 344.0 
768.0 395.0 
799.0 374.0 
1128.0 361.0 
799.0 374.0 
800.0 363.0 
1808.0 339.0 
739.0 411.0 
1866.0 337.0 
2718.0 318.0 
2718.0 318.0 
2943.0 313.0 
1879.0 326.0 
2106.0 324.0 
2123.0 322.0 
1671.0 348.0 
1413.0 360.0 
1554.0 354.0 
787.0 401.0 
841.0 372.0 
1045.0 369.0 
802.0 381.0 
1143.0 363.0 
779.0 414.0 
774.0 426.0 
3589.0 320.0 
2060.0 345.0 
2388.0 328.0 
2234.0 332.0 
2459.0 322.0 
1861.0 352.0 
2031.0 349.0 
1431.0 361.0 
1778.0 355.0 
1735.0 359.0 
1690.0 360.0 
968.0 378.0 
873.0 380.0 
806.0 385.0 
845.0 384.0 
1282.0 368.0 
1238.0 369.0 
803.0 421.0 
781.0 424.0 
2062.0 345.0 
2249.0 344.0 
2249.0 344.0 
3443.0 328.0 
3146.0 331.0 
2834.0 334.0 
1652.0 367.0 
1740.0 362.0 
952.0 380.0 
952.0 380.0 
831.0 387.0 
815.0 402.0 
831.0 387.0 
1337.0 370.0 
2502.0 345.0 
820.0 422.0 
2271.0 350.0 
1811.0 362.0 
843.0 407.0 
1358.0 372.0 
1268.0 380.0 
1572.0 370.0 
873.0 392.0 
1800.0 369.0 
1086.0 383.0 
831.0 414.0 
994.0 385.0 
