2106.0 569.0 
1923.0 680.0 
1927.0 671.0 
2106.0 569.0 
2030.0 619.0 
2036.0 603.0 
1943.0 631.0 
1923.0 680.0 
2067.0 599.0 
2095.0 590.0 
1942.0 636.0 
2092.0 593.0 
2122.0 557.0 
2097.0 577.0 
1936.0 674.0 
1932.0 675.0 
2121.0 569.0 
2037.0 615.0 
2036.0 618.0 
2037.0 615.0 
2039.0 613.0 
2036.0 618.0 
2041.0 609.0 
2037.0 615.0 
1948.0 634.0 
1971.0 631.0 
1955.0 632.0 
1971.0 631.0 
1944.0 636.0 
2096.0 598.0 
2131.0 559.0 
2131.0 559.0 
2105.0 588.0 
2119.0 585.0 
2106.0 587.0 
1937.0 686.0 
2122.0 578.0 
2121.0 583.0 
2060.0 612.0 
2075.0 609.0 
2051.0 623.0 
2051.0 623.0 
2051.0 623.0 
2039.0 626.0 
2055.0 618.0 
2005.0 633.0 
1969.0 642.0 
1986.0 640.0 
1969.0 642.0 
1959.0 647.0 
1950.0 652.0 
2102.0 600.0 
2133.0 560.0 
2118.0 592.0 
2110.0 597.0 
1941.0 689.0 
2074.0 616.0 
2074.0 616.0 
2091.0 609.0 
2089.0 610.0 
2084.0 613.0 
2053.0 623.0 
2058.0 618.0 
2009.0 635.0 
2009.0 635.0 
2005.0 637.0 
2049.0 633.0 
2038.0 634.0 
1994.0 640.0 
1987.0 645.0 
1968.0 651.0 
1976.0 650.0 
1951.0 666.0 
2106.0 602.0 
2141.0 561.0 
2141.0 561.0 
2134.0 573.0 
2130.0 592.0 
2122.0 596.0 
1943.0 695.0 
1943.0 695.0 
2180.0 561.0 
2143.0 562.0 
2037.0 635.0 
2064.0 620.0 
2140.0 589.0 
1945.0 691.0 
1991.0 645.0 
2136.0 593.0 
1951.0 668.0 
2010.0 636.0 
2083.0 617.0 
1960.0 667.0 
1977.0 655.0 
2111.0 602.0 
2105.0 609.0 
1968.0 659.0 
2094.0 610.0 
2111.0 602.0 
2010.0 636.0 
