5428.0 1399.0 
5835.0 1314.0 
7377.0 1260.0 
5448.0 1331.0 
7869.0 1284.0 
8436.0 1263.0 
8436.0 1263.0 
5504.0 1528.0 
5678.0 1477.0 
5842.0 1400.0 
7074.0 1358.0 
7869.0 1291.0 
7994.0 1289.0 
8497.0 1275.0 
5846.0 1538.0 
6381.0 1423.0 
6010.0 1443.0 
6991.0 1421.0 
5935.0 1500.0 
7832.0 1363.0 
7097.0 1395.0 
8579.0 1293.0 
6385.0 1430.0 
6385.0 1430.0 
6142.0 1494.0 
6247.0 1448.0 
6993.0 1425.0 
6052.0 1548.0 
5992.0 1778.0 
7555.0 1400.0 
8608.0 1297.0 
6868.0 1434.0 
6508.0 1443.0 
6203.0 1502.0 
6203.0 1502.0 
6203.0 1502.0 
6185.0 1517.0 
6419.0 1500.0 
7445.0 1425.0 
7277.0 1433.0 
6106.0 1767.0 
6163.0 1599.0 
7620.0 1416.0 
8645.0 1299.0 
8645.0 1299.0 
6881.0 1441.0 
6580.0 1490.0 
6570.0 1499.0 
6641.0 1452.0 
6580.0 1490.0 
6366.0 1506.0 
6295.0 1542.0 
6295.0 1542.0 
6295.0 1542.0 
6197.0 1593.0 
7279.0 1433.0 
7279.0 1433.0 
7687.0 1428.0 
7687.0 1428.0 
8980.0 1378.0 
9010.0 1318.0 
7046.0 1450.0 
6919.0 1460.0 
6778.0 1496.0 
6768.0 1522.0 
6385.0 1530.0 
6350.0 1583.0 
6249.0 1601.0 
7289.0 1434.0 
7289.0 1434.0 
8735.0 1429.0 
10097.0 1365.0 
9126.0 1366.0 
7088.0 1452.0 
7003.0 1467.0 
6975.0 1497.0 
6835.0 1521.0 
6450.0 1570.0 
6745.0 1549.0 
6328.0 1614.0 
7291.0 1434.0 
9133.0 1396.0 
10108.0 1367.0 
7243.0 1457.0 
7143.0 1493.0 
7154.0 1484.0 
7019.0 1520.0 
6931.0 1537.0 
6613.0 1607.0 
6756.0 1594.0 
6756.0 1594.0 
6841.0 1577.0 
6337.0 1917.0 
6557.0 1674.0 
6433.0 1691.0 
6349.0 1699.0 
7339.0 1447.0 
7445.0 1434.0 
9769.0 1401.0 
6354.0 1798.0 
