1635.0 526.0 
1812.0 467.0 
1812.0 467.0 
1812.0 467.0 
1812.0 467.0 
1625.0 530.0 
1635.0 526.0 
1637.0 524.0 
1745.0 480.0 
1745.0 480.0 
1635.0 526.0 
1812.0 467.0 
1619.0 531.0 
1701.0 489.0 
1812.0 467.0 
1812.0 467.0 
1745.0 480.0 
1812.0 467.0 
1812.0 467.0 
1635.0 526.0 
1812.0 467.0 
1625.0 530.0 
1619.0 531.0 
1812.0 467.0 
1635.0 526.0 
1637.0 524.0 
1810.0 469.0 
1635.0 526.0 
1796.0 472.0 
1727.0 487.0 
1812.0 467.0 
1635.0 526.0 
1619.0 531.0 
1812.0 467.0 
1812.0 467.0 
1745.0 480.0 
1637.0 524.0 
1625.0 530.0 
1745.0 480.0 
1637.0 524.0 
1635.0 526.0 
1812.0 467.0 
1743.0 482.0 
1635.0 526.0 
1619.0 531.0 
1794.0 474.0 
1637.0 524.0 
1635.0 526.0 
1619.0 531.0 
1637.0 524.0 
1812.0 467.0 
1729.0 485.0 
1619.0 531.0 
1682.0 501.0 
1745.0 480.0 
1686.0 497.0 
1745.0 480.0 
1727.0 487.0 
1619.0 531.0 
1812.0 467.0 
1635.0 526.0 
1659.0 515.0 
1794.0 474.0 
1625.0 530.0 
1619.0 531.0 
1688.0 495.0 
1635.0 526.0 
1812.0 467.0 
1637.0 524.0 
1743.0 482.0 
1619.0 531.0 
1859.0 467.0 
1859.0 467.0 
1623.0 532.0 
1662.0 518.0 
1683.0 502.0 
1816.0 468.0 
1749.0 481.0 
1798.0 475.0 
1704.0 490.0 
1727.0 489.0 
1702.0 494.0 
1637.0 525.0 
1689.0 496.0 
1798.0 475.0 
1743.0 484.0 
1808.0 474.0 
1637.0 525.0 
1749.0 481.0 
1729.0 486.0 
1812.0 469.0 
1688.0 500.0 
1632.0 531.0 
1745.0 482.0 
1635.0 528.0 
1635.0 528.0 
1729.0 486.0 
1808.0 474.0 
1812.0 469.0 
1686.0 501.0 
