2531.0 884.0 
2885.0 734.0 
2557.0 878.0 
2585.0 824.0 
2531.0 884.0 
3216.0 705.0 
2561.0 875.0 
3302.0 703.0 
2472.0 896.0 
2885.0 734.0 
2591.0 747.0 
2938.0 730.0 
2548.0 885.0 
2541.0 887.0 
3279.0 713.0 
2564.0 879.0 
2507.0 905.0 
2507.0 905.0 
2509.0 903.0 
2507.0 905.0 
2507.0 905.0 
2507.0 905.0 
2713.0 791.0 
2597.0 818.0 
2621.0 806.0 
2768.0 766.0 
2764.0 776.0 
2597.0 818.0 
2689.0 798.0 
2828.0 751.0 
2956.0 750.0 
2980.0 737.0 
3099.0 735.0 
2548.0 889.0 
3375.0 719.0 
2570.0 880.0 
2570.0 880.0 
2536.0 922.0 
2536.0 922.0 
2634.0 814.0 
2671.0 807.0 
2793.0 783.0 
2792.0 785.0 
2600.0 833.0 
2619.0 828.0 
2696.0 803.0 
2696.0 803.0 
2933.0 756.0 
2935.0 755.0 
2840.0 762.0 
2956.0 752.0 
3052.0 749.0 
3066.0 748.0 
3074.0 747.0 
3180.0 735.0 
2552.0 902.0 
2550.0 918.0 
3413.0 727.0 
2571.0 896.0 
2574.0 891.0 
2576.0 890.0 
2586.0 886.0 
2652.0 827.0 
2676.0 825.0 
2834.0 784.0 
2830.0 802.0 
2603.0 885.0 
2605.0 874.0 
2614.0 859.0 
2608.0 869.0 
2641.0 828.0 
2697.0 815.0 
2698.0 806.0 
2943.0 758.0 
2869.0 765.0 
2853.0 767.0 
2995.0 752.0 
3124.0 747.0 
3116.0 749.0 
2556.0 903.0 
3482.0 732.0 
3133.0 747.0 
3463.0 743.0 
2618.0 869.0 
2651.0 836.0 
2663.0 830.0 
2852.0 789.0 
2596.0 888.0 
2720.0 812.0 
2849.0 806.0 
2605.0 880.0 
2950.0 762.0 
2757.0 809.0 
2813.0 808.0 
3008.0 757.0 
2870.0 776.0 
3076.0 754.0 
2995.0 759.0 
2883.0 775.0 
2906.0 768.0 
