2472.0 896.0 
2584.0 738.0 
2437.0 905.0 
2529.0 833.0 
2494.0 889.0 
2513.0 847.0 
2556.0 831.0 
2506.0 848.0 
2558.0 819.0 
2631.0 683.0 
2434.0 906.0 
2589.0 739.0 
2499.0 889.0 
2524.0 848.0 
2518.0 865.0 
2585.0 824.0 
2559.0 837.0 
2927.0 727.0 
2712.0 728.0 
3101.0 723.0 
2927.0 727.0 
3154.0 697.0 
3111.0 710.0 
2493.0 919.0 
2492.0 937.0 
2591.0 747.0 
2590.0 795.0 
2591.0 747.0 
2503.0 897.0 
2529.0 856.0 
2522.0 874.0 
2586.0 834.0 
2568.0 855.0 
2885.0 734.0 
2885.0 734.0 
2736.0 738.0 
2938.0 730.0 
2998.0 729.0 
3216.0 705.0 
3302.0 703.0 
3199.0 727.0 
2604.0 762.0 
2597.0 815.0 
2635.0 753.0 
2509.0 903.0 
2507.0 905.0 
2507.0 905.0 
2507.0 905.0 
2507.0 905.0 
2507.0 905.0 
2543.0 867.0 
2531.0 884.0 
2531.0 884.0 
2586.0 854.0 
2785.0 739.0 
2980.0 737.0 
3099.0 735.0 
3262.0 711.0 
3304.0 705.0 
2621.0 806.0 
2611.0 814.0 
2631.0 800.0 
2597.0 818.0 
2597.0 818.0 
2713.0 791.0 
2655.0 796.0 
2649.0 799.0 
2708.0 794.0 
2752.0 758.0 
2513.0 905.0 
2557.0 878.0 
2561.0 875.0 
2561.0 875.0 
2553.0 881.0 
2548.0 885.0 
2541.0 887.0 
2535.0 900.0 
2836.0 743.0 
2828.0 751.0 
2806.0 755.0 
2996.0 742.0 
3009.0 740.0 
3180.0 735.0 
3161.0 739.0 
3279.0 713.0 
2525.0 920.0 
3331.0 716.0 
3331.0 716.0 
3133.0 740.0 
2843.0 745.0 
3195.0 738.0 
2564.0 879.0 
2600.0 833.0 
2548.0 889.0 
2728.0 794.0 
2764.0 776.0 
2836.0 756.0 
2634.0 814.0 
2619.0 827.0 
2783.0 762.0 
