46.0 52.0 
124.0 24.0 
124.0 24.0 
46.0 52.0 
77.0 37.0 
72.0 38.0 
121.0 26.0 
113.0 28.0 
107.0 29.0 
115.0 27.0 
66.0 39.0 
72.0 38.0 
59.0 42.0 
107.0 29.0 
85.0 35.0 
103.0 30.0 
89.0 34.0 
99.0 31.0 
95.0 32.0 
81.0 36.0 
85.0 35.0 
103.0 30.0 
91.0 33.0 
99.0 31.0 
95.0 32.0 
81.0 36.0 
56.0 44.0 
59.0 42.0 
64.0 40.0 
56.0 44.0 
61.0 41.0 
66.0 39.0 
115.0 27.0 
91.0 33.0 
61.0 41.0 
52.0 48.0 
50.0 49.0 
50.0 49.0 
122.0 25.0 
113.0 28.0 
64.0 40.0 
48.0 50.0 
89.0 34.0 
122.0 25.0 
48.0 50.0 
47.0 51.0 
54.0 46.0 
55.0 45.0 
53.0 47.0 
55.0 45.0 
53.0 47.0 
121.0 26.0 
47.0 51.0 
52.0 48.0 
54.0 46.0 
124.0 24.0 
46.0 52.0 
72.0 38.0 
107.0 29.0 
95.0 32.0 
103.0 30.0 
99.0 31.0 
85.0 35.0 
59.0 42.0 
81.0 36.0 
56.0 44.0 
66.0 39.0 
91.0 33.0 
115.0 27.0 
61.0 41.0 
113.0 28.0 
89.0 34.0 
50.0 49.0 
64.0 40.0 
48.0 50.0 
122.0 25.0 
47.0 51.0 
53.0 47.0 
54.0 46.0 
52.0 48.0 
121.0 26.0 
55.0 45.0 
124.0 24.0 
46.0 52.0 
72.0 38.0 
107.0 29.0 
103.0 30.0 
95.0 32.0 
85.0 35.0 
99.0 31.0 
59.0 42.0 
81.0 36.0 
56.0 44.0 
115.0 27.0 
61.0 41.0 
113.0 28.0 
64.0 40.0 
89.0 34.0 
50.0 49.0 
122.0 25.0 
