1787.0 618.0 
1903.0 547.0 
1787.0 618.0 
1914.0 541.0 
1787.0 618.0 
1785.0 624.0 
1860.0 549.0 
1815.0 575.0 
1789.0 614.0 
1851.0 559.0 
1911.0 543.0 
1848.0 560.0 
1852.0 553.0 
1789.0 614.0 
1921.0 539.0 
1794.0 582.0 
1781.0 628.0 
1914.0 541.0 
1786.0 623.0 
1808.0 578.0 
1906.0 547.0 
1864.0 551.0 
1883.0 549.0 
1815.0 576.0 
1815.0 576.0 
1815.0 576.0 
1850.0 568.0 
1858.0 555.0 
1852.0 557.0 
1790.0 618.0 
1790.0 618.0 
1944.0 539.0 
1944.0 539.0 
1944.0 539.0 
1795.0 583.0 
1781.0 637.0 
1914.0 546.0 
1914.0 546.0 
1914.0 546.0 
1914.0 546.0 
1930.0 544.0 
1788.0 631.0 
1810.0 578.0 
1865.0 553.0 
1879.0 552.0 
1865.0 553.0 
1907.0 549.0 
1896.0 550.0 
1830.0 577.0 
1838.0 576.0 
1830.0 577.0 
1850.0 571.0 
1851.0 569.0 
1850.0 571.0 
1858.0 557.0 
1852.0 559.0 
1791.0 621.0 
2046.0 540.0 
2046.0 540.0 
1949.0 542.0 
2046.0 540.0 
1797.0 583.0 
1795.0 618.0 
1795.0 618.0 
1796.0 598.0 
1915.0 546.0 
1914.0 547.0 
1939.0 545.0 
1939.0 545.0 
1939.0 545.0 
1939.0 545.0 
1788.0 632.0 
1788.0 632.0 
1788.0 632.0 
1814.0 578.0 
2032.0 543.0 
2032.0 543.0 
1789.0 634.0 
1928.0 547.0 
1832.0 577.0 
1806.0 586.0 
1802.0 604.0 
1874.0 553.0 
1852.0 563.0 
1798.0 611.0 
1797.0 617.0 
1852.0 563.0 
1900.0 551.0 
1791.0 629.0 
1858.0 559.0 
1794.0 621.0 
1793.0 625.0 
1908.0 550.0 
1801.0 605.0 
1809.0 583.0 
1817.0 579.0 
1864.0 557.0 
1918.0 549.0 
1900.0 551.0 
1918.0 549.0 
