1868.0 465.0 
1868.0 465.0 
1679.0 502.0 
1599.0 545.0 
1597.0 548.0 
1597.0 548.0 
1685.0 492.0 
1868.0 465.0 
1592.0 550.0 
1868.0 465.0 
1862.0 469.0 
1862.0 469.0 
1682.0 495.0 
1599.0 545.0 
1769.0 479.0 
1597.0 548.0 
1859.0 470.0 
1709.0 486.0 
1794.0 472.0 
1592.0 550.0 
1679.0 502.0 
1599.0 545.0 
1714.0 482.0 
1597.0 548.0 
1652.0 509.0 
1628.0 519.0 
1606.0 529.0 
1862.0 469.0 
1592.0 550.0 
1592.0 550.0 
1868.0 465.0 
1776.0 476.0 
1594.0 549.0 
1859.0 470.0 
1868.0 465.0 
1597.0 548.0 
1862.0 469.0 
1609.0 526.0 
1667.0 508.0 
1794.0 472.0 
1868.0 465.0 
1679.0 502.0 
1593.0 551.0 
1593.0 551.0 
1870.0 467.0 
1715.0 483.0 
1794.0 473.0 
1863.0 470.0 
1686.0 493.0 
1766.0 482.0 
1680.0 503.0 
1662.0 509.0 
1654.0 510.0 
1652.0 520.0 
1631.0 534.0 
1615.0 536.0 
1610.0 543.0 
1683.0 497.0 
1604.0 545.0 
1633.0 529.0 
1788.0 476.0 
1612.0 540.0 
1599.0 546.0 
1637.0 527.0 
1863.0 470.0 
1776.0 479.0 
1778.0 477.0 
1683.0 497.0 
1613.0 538.0 
1638.0 525.0 
1650.0 522.0 
1598.0 549.0 
1647.0 523.0 
1776.0 479.0 
1647.0 523.0 
1788.0 476.0 
1652.0 520.0 
1633.0 529.0 
1631.0 534.0 
1638.0 525.0 
1595.0 550.0 
1654.0 510.0 
1778.0 477.0 
1595.0 550.0 
1598.0 549.0 
1647.0 523.0 
1593.0 551.0 
1593.0 551.0 
1778.0 477.0 
1778.0 477.0 
1778.0 477.0 
1778.0 477.0 
1778.0 477.0 
1788.0 476.0 
1776.0 479.0 
1776.0 479.0 
1778.0 477.0 
1595.0 550.0 
1598.0 549.0 
1863.0 470.0 
