2073.0 738.0 
2063.0 740.0 
2303.0 635.0 
1989.0 752.0 
2201.0 667.0 
2231.0 658.0 
2162.0 677.0 
2237.0 654.0 
2434.0 631.0 
2013.0 749.0 
2094.0 734.0 
2097.0 688.0 
2237.0 654.0 
2242.0 651.0 
2255.0 645.0 
2146.0 686.0 
2083.0 747.0 
2078.0 748.0 
2084.0 745.0 
2416.0 636.0 
2416.0 636.0 
1989.0 753.0 
2220.0 670.0 
2052.0 752.0 
2107.0 711.0 
2114.0 690.0 
2101.0 737.0 
2238.0 663.0 
2266.0 659.0 
2295.0 656.0 
2301.0 646.0 
2300.0 652.0 
2428.0 643.0 
2018.0 753.0 
1997.0 754.0 
1997.0 754.0 
1993.0 772.0 
1997.0 754.0 
2018.0 753.0 
2229.0 685.0 
2225.0 687.0 
2225.0 687.0 
2094.0 752.0 
2109.0 719.0 
2110.0 713.0 
2116.0 699.0 
2116.0 699.0 
2116.0 699.0 
2213.0 692.0 
2118.0 693.0 
2103.0 746.0 
2102.0 750.0 
2247.0 667.0 
2252.0 663.0 
2308.0 647.0 
2300.0 655.0 
2449.0 646.0 
2013.0 772.0 
2003.0 775.0 
2013.0 772.0 
2003.0 775.0 
2073.0 756.0 
2019.0 757.0 
2234.0 686.0 
2233.0 687.0 
2097.0 755.0 
2111.0 733.0 
2110.0 739.0 
2123.0 697.0 
2191.0 694.0 
2280.0 672.0 
2259.0 684.0 
2261.0 681.0 
2267.0 674.0 
2267.0 674.0 
2291.0 668.0 
2397.0 649.0 
2318.0 652.0 
2309.0 658.0 
2010.0 781.0 
2435.0 649.0 
2136.0 722.0 
2253.0 686.0 
2113.0 745.0 
2152.0 699.0 
2297.0 668.0 
2312.0 660.0 
2084.0 756.0 
2233.0 693.0 
2375.0 658.0 
2402.0 653.0 
2031.0 757.0 
2110.0 754.0 
2182.0 697.0 
2378.0 654.0 
2014.0 772.0 
2027.0 760.0 
2014.0 772.0 
2311.0 667.0 
2202.0 694.0 
