1031.0 212.0 
1031.0 212.0 
1102.0 204.0 
1447.0 178.0 
1447.0 178.0 
393.0 277.0 
1031.0 212.0 
425.0 272.0 
1447.0 178.0 
1031.0 212.0 
965.0 213.0 
1719.0 174.0 
1345.0 184.0 
468.0 260.0 
425.0 272.0 
1719.0 174.0 
1364.0 179.0 
742.0 215.0 
425.0 272.0 
489.0 245.0 
1334.0 187.0 
1555.0 177.0 
461.0 270.0 
1144.0 200.0 
1447.0 178.0 
590.0 238.0 
590.0 238.0 
736.0 221.0 
2001.0 155.0 
1100.0 208.0 
1929.0 165.0 
695.0 224.0 
1797.0 166.0 
1178.0 190.0 
499.0 244.0 
1789.0 171.0 
376.0 323.0 
1953.0 159.0 
742.0 215.0 
1144.0 200.0 
1102.0 206.0 
1103.0 205.0 
1103.0 205.0 
1103.0 205.0 
1103.0 205.0 
1103.0 205.0 
1103.0 205.0 
394.0 284.0 
398.0 279.0 
397.0 280.0 
397.0 280.0 
397.0 280.0 
398.0 279.0 
990.0 213.0 
472.0 262.0 
472.0 262.0 
1740.0 175.0 
1727.0 176.0 
1428.0 180.0 
1364.0 181.0 
459.0 276.0 
459.0 276.0 
490.0 249.0 
1342.0 188.0 
1350.0 187.0 
1350.0 187.0 
1707.0 177.0 
1545.0 179.0 
667.0 243.0 
668.0 241.0 
1100.0 209.0 
1100.0 209.0 
725.0 233.0 
728.0 226.0 
719.0 234.0 
1803.0 168.0 
1803.0 168.0 
1888.0 166.0 
1309.0 191.0 
1225.0 195.0 
1266.0 193.0 
579.0 246.0 
1802.0 171.0 
388.0 349.0 
389.0 334.0 
390.0 325.0 
1989.0 159.0 
1962.0 161.0 
811.0 217.0 
936.0 215.0 
742.0 221.0 
763.0 218.0 
762.0 219.0 
762.0 219.0 
821.0 216.0 
1144.0 201.0 
1174.0 200.0 
397.0 335.0 
2016.0 159.0 
502.0 254.0 
