2211.0 919.0 
2211.0 919.0 
2643.0 851.0 
2873.0 827.0 
2642.0 852.0 
2401.0 898.0 
2874.0 825.0 
2447.0 893.0 
2707.0 836.0 
2311.0 899.0 
2989.0 789.0 
2477.0 872.0 
2904.0 798.0 
3154.0 787.0 
2224.0 922.0 
2258.0 921.0 
2649.0 864.0 
2874.0 827.0 
2758.0 863.0 
2839.0 857.0 
3081.0 795.0 
3081.0 795.0 
2585.0 895.0 
2551.0 916.0 
2623.0 886.0 
3002.0 804.0 
3074.0 798.0 
2993.0 824.0 
2994.0 805.0 
2331.0 924.0 
2259.0 950.0 
2380.0 921.0 
2324.0 927.0 
2331.0 924.0 
2710.0 877.0 
2696.0 883.0 
2714.0 875.0 
2748.0 874.0 
2889.0 834.0 
2886.0 856.0 
2960.0 832.0 
2951.0 833.0 
2775.0 863.0 
2873.0 858.0 
2852.0 861.0 
2590.0 897.0 
2622.0 896.0 
2645.0 892.0 
3013.0 815.0 
3169.0 808.0 
3155.0 812.0 
2433.0 921.0 
2364.0 928.0 
2421.0 926.0 
2710.0 890.0 
2729.0 880.0 
2729.0 880.0 
2936.0 848.0 
2944.0 844.0 
2971.0 833.0 
2955.0 834.0 
2828.0 864.0 
2824.0 867.0 
2605.0 902.0 
2592.0 915.0 
2605.0 902.0 
2683.0 900.0 
3081.0 821.0 
3051.0 831.0 
3804.0 810.0 
2378.0 964.0 
2380.0 957.0 
2423.0 928.0 
2736.0 896.0 
2813.0 883.0 
2770.0 885.0 
2750.0 892.0 
2943.0 854.0 
2970.0 837.0 
2975.0 836.0 
2958.0 845.0 
2925.0 864.0 
2894.0 867.0 
2894.0 867.0 
2894.0 867.0 
2874.0 874.0 
2677.0 914.0 
2661.0 916.0 
2649.0 917.0 
2661.0 916.0 
2693.0 912.0 
3084.0 822.0 
3051.0 832.0 
2378.0 965.0 
3221.0 822.0 
2432.0 931.0 
2578.0 930.0 
2904.0 874.0 
2968.0 851.0 
3127.0 826.0 
