1026.0 173.0 
1026.0 173.0 
407.0 225.0 
399.0 233.0 
485.0 208.0 
399.0 233.0 
1079.0 171.0 
407.0 225.0 
1079.0 171.0 
404.0 229.0 
1026.0 173.0 
1026.0 173.0 
400.0 230.0 
631.0 199.0 
407.0 225.0 
631.0 199.0 
948.0 178.0 
674.0 194.0 
1079.0 171.0 
1374.0 160.0 
377.0 245.0 
1473.0 157.0 
1414.0 158.0 
1079.0 171.0 
1079.0 171.0 
1026.0 173.0 
485.0 208.0 
1079.0 171.0 
631.0 199.0 
674.0 194.0 
903.0 180.0 
1217.0 169.0 
481.0 209.0 
439.0 210.0 
1079.0 171.0 
1217.0 169.0 
1562.0 153.0 
843.0 185.0 
602.0 200.0 
1079.0 171.0 
1217.0 169.0 
1473.0 157.0 
1079.0 171.0 
1266.0 165.0 
1509.0 155.0 
1026.0 173.0 
791.0 189.0 
631.0 199.0 
876.0 181.0 
674.0 194.0 
380.0 234.0 
822.0 186.0 
400.0 230.0 
525.0 205.0 
345.0 250.0 
377.0 245.0 
1645.0 147.0 
631.0 199.0 
631.0 199.0 
408.0 218.0 
577.0 203.0 
424.0 213.0 
1680.0 146.0 
336.0 251.0 
376.0 246.0 
814.0 187.0 
674.0 194.0 
961.0 177.0 
1724.0 147.0 
341.0 303.0 
346.0 268.0 
1269.0 166.0 
1525.0 156.0 
1092.0 171.0 
1384.0 160.0 
1667.0 148.0 
525.0 206.0 
952.0 181.0 
347.0 252.0 
1374.0 161.0 
459.0 211.0 
602.0 201.0 
396.0 236.0 
681.0 196.0 
804.0 189.0 
1596.0 154.0 
690.0 195.0 
998.0 178.0 
408.0 223.0 
381.0 243.0 
437.0 213.0 
880.0 184.0 
1596.0 154.0 
1082.0 173.0 
1032.0 174.0 
880.0 184.0 
378.0 247.0 
384.0 237.0 
582.0 205.0 
1027.0 176.0 
