1741.0 477.0 
1741.0 477.0 
1741.0 477.0 
1832.0 442.0 
1756.0 464.0 
1714.0 480.0 
1833.0 437.0 
1832.0 442.0 
1737.0 478.0 
1732.0 479.0 
1770.0 453.0 
1846.0 436.0 
1756.0 464.0 
1820.0 446.0 
1856.0 434.0 
1741.0 477.0 
1744.0 466.0 
1730.0 480.0 
1724.0 486.0 
1724.0 486.0 
1722.0 496.0 
1733.0 479.0 
1733.0 479.0 
1803.0 462.0 
1850.0 436.0 
1847.0 443.0 
1792.0 464.0 
1761.0 465.0 
1825.0 456.0 
1844.0 447.0 
1844.0 447.0 
1833.0 449.0 
1742.0 478.0 
1744.0 477.0 
1744.0 477.0 
1744.0 477.0 
1745.0 473.0 
1731.0 480.0 
1725.0 487.0 
1725.0 487.0 
1724.0 492.0 
1881.0 442.0 
1850.0 444.0 
1850.0 444.0 
1779.0 465.0 
1763.0 469.0 
1763.0 469.0 
1828.0 456.0 
1849.0 453.0 
1833.0 455.0 
1749.0 474.0 
1758.0 473.0 
1758.0 473.0 
1746.0 477.0 
1746.0 477.0 
1731.0 482.0 
1731.0 482.0 
1731.0 482.0 
1744.0 481.0 
1731.0 482.0 
1731.0 482.0 
1726.0 487.0 
1725.0 493.0 
1851.0 444.0 
1851.0 444.0 
1788.0 467.0 
1788.0 467.0 
1807.0 466.0 
1824.0 465.0 
1824.0 465.0 
1784.0 469.0 
1770.0 472.0 
1783.0 471.0 
1783.0 471.0 
1831.0 462.0 
1834.0 456.0 
1749.0 476.0 
1749.0 476.0 
1749.0 476.0 
1751.0 475.0 
1748.0 480.0 
1726.0 490.0 
1726.0 490.0 
1875.0 444.0 
1851.0 447.0 
1842.0 456.0 
1731.0 484.0 
1750.0 478.0 
1858.0 446.0 
1829.0 465.0 
1834.0 461.0 
1810.0 467.0 
1795.0 471.0 
1743.0 482.0 
1838.0 457.0 
1770.0 476.0 
1778.0 472.0 
1831.0 464.0 
1810.0 467.0 
1771.0 473.0 
