1936.0 495.0 
1882.0 508.0 
1806.0 615.0 
1806.0 615.0 
1987.0 482.0 
1841.0 532.0 
1813.0 578.0 
1816.0 570.0 
1951.0 497.0 
1941.0 505.0 
1922.0 508.0 
1882.0 509.0 
1806.0 616.0 
2000.0 492.0 
2002.0 489.0 
2000.0 492.0 
2000.0 492.0 
2000.0 492.0 
2020.0 482.0 
2020.0 482.0 
2000.0 492.0 
1848.0 557.0 
1855.0 548.0 
1858.0 540.0 
1827.0 578.0 
1827.0 578.0 
1824.0 614.0 
1951.0 499.0 
1901.0 511.0 
1888.0 520.0 
1898.0 513.0 
1885.0 536.0 
1922.0 510.0 
1948.0 509.0 
2010.0 491.0 
2010.0 491.0 
2030.0 482.0 
2025.0 484.0 
2000.0 493.0 
2000.0 493.0 
2004.0 492.0 
2004.0 492.0 
2000.0 493.0 
1851.0 576.0 
1851.0 576.0 
1858.0 542.0 
1830.0 611.0 
1830.0 611.0 
1829.0 612.0 
1829.0 612.0 
1829.0 612.0 
1832.0 602.0 
1830.0 611.0 
1832.0 602.0 
1846.0 584.0 
1829.0 612.0 
1824.0 615.0 
1824.0 615.0 
2050.0 483.0 
2050.0 483.0 
1829.0 618.0 
1829.0 618.0 
1885.0 538.0 
1869.0 559.0 
1951.0 501.0 
1933.0 510.0 
1837.0 604.0 
1863.0 576.0 
1914.0 511.0 
1870.0 545.0 
1899.0 518.0 
1971.0 499.0 
2001.0 496.0 
2023.0 492.0 
2004.0 494.0 
1856.0 593.0 
2035.0 485.0 
1971.0 499.0 
1858.0 583.0 
1859.0 580.0 
1848.0 595.0 
1899.0 518.0 
2035.0 485.0 
2023.0 492.0 
1831.0 612.0 
1903.0 517.0 
1903.0 517.0 
1848.0 595.0 
1831.0 612.0 
1870.0 545.0 
1849.0 594.0 
2001.0 496.0 
1830.0 616.0 
1830.0 616.0 
1903.0 517.0 
2050.0 483.0 
2050.0 483.0 
2050.0 483.0 
2050.0 483.0 
2050.0 483.0 
