1857.0 558.0 
1984.0 519.0 
1917.0 525.0 
1984.0 519.0 
1984.0 519.0 
1917.0 525.0 
1914.0 526.0 
1863.0 556.0 
1985.0 508.0 
1857.0 558.0 
1775.0 611.0 
1745.0 615.0 
1779.0 590.0 
1739.0 635.0 
1964.0 523.0 
1863.0 556.0 
1917.0 525.0 
1781.0 581.0 
1834.0 572.0 
1885.0 541.0 
1916.0 530.0 
1995.0 511.0 
2027.0 509.0 
1988.0 513.0 
2094.0 508.0 
1986.0 518.0 
1857.0 560.0 
1758.0 616.0 
1747.0 631.0 
1741.0 636.0 
1741.0 636.0 
1741.0 636.0 
1741.0 636.0 
1964.0 524.0 
1961.0 526.0 
1917.0 527.0 
1800.0 586.0 
1800.0 586.0 
1800.0 586.0 
1781.0 608.0 
1807.0 582.0 
1800.0 586.0 
1807.0 582.0 
1785.0 593.0 
1781.0 608.0 
1781.0 608.0 
1807.0 582.0 
1800.0 586.0 
1798.0 587.0 
1781.0 608.0 
1781.0 608.0 
1807.0 582.0 
1841.0 576.0 
1841.0 576.0 
1840.0 580.0 
1909.0 551.0 
1887.0 552.0 
1915.0 549.0 
1915.0 549.0 
1915.0 549.0 
1916.0 547.0 
1996.0 511.0 
2046.0 509.0 
2046.0 509.0 
1988.0 517.0 
1988.0 517.0 
1991.0 513.0 
1986.0 521.0 
1858.0 560.0 
1858.0 560.0 
1858.0 560.0 
1858.0 560.0 
1767.0 618.0 
1767.0 618.0 
1767.0 618.0 
1764.0 626.0 
1764.0 626.0 
1742.0 637.0 
1980.0 524.0 
1972.0 525.0 
1918.0 527.0 
1918.0 527.0 
1918.0 527.0 
1797.0 603.0 
1797.0 603.0 
1785.0 607.0 
1799.0 591.0 
1800.0 588.0 
1799.0 591.0 
1838.0 583.0 
1838.0 583.0 
1810.0 587.0 
1810.0 587.0 
1898.0 552.0 
2090.0 509.0 
1744.0 639.0 
1878.0 569.0 
1933.0 531.0 
1903.0 558.0 
1918.0 552.0 
