2134.0 483.0 
2108.0 508.0 
2116.0 489.0 
2111.0 490.0 
2134.0 483.0 
1781.0 565.0 
2218.0 481.0 
2126.0 484.0 
1878.0 533.0 
2134.0 483.0 
1902.0 520.0 
1776.0 566.0 
1843.0 555.0 
2116.0 489.0 
1876.0 535.0 
1799.0 559.0 
2218.0 481.0 
1919.0 511.0 
2113.0 490.0 
1784.0 565.0 
2129.0 484.0 
2126.0 485.0 
1878.0 534.0 
1779.0 566.0 
1779.0 566.0 
1776.0 569.0 
1800.0 559.0 
1800.0 559.0 
1919.0 512.0 
1919.0 512.0 
1919.0 512.0 
1919.0 512.0 
2116.0 490.0 
2116.0 490.0 
2116.0 490.0 
2116.0 490.0 
2116.0 490.0 
2116.0 490.0 
2116.0 490.0 
1785.0 565.0 
2134.0 484.0 
2134.0 484.0 
2134.0 484.0 
2134.0 484.0 
2134.0 484.0 
2134.0 484.0 
2134.0 484.0 
2134.0 484.0 
2129.0 485.0 
2129.0 485.0 
2129.0 485.0 
1903.0 541.0 
1903.0 541.0 
1903.0 541.0 
1903.0 541.0 
1903.0 541.0 
1903.0 541.0 
1896.0 542.0 
1903.0 541.0 
1885.0 547.0 
1885.0 547.0 
1896.0 542.0 
1909.0 535.0 
1903.0 541.0 
1883.0 549.0 
1890.0 546.0 
1885.0 547.0 
1784.0 566.0 
1784.0 566.0 
1779.0 568.0 
1802.0 559.0 
1922.0 512.0 
2276.0 484.0 
1781.0 568.0 
1976.0 515.0 
2116.0 491.0 
2134.0 485.0 
1884.0 554.0 
1803.0 559.0 
1934.0 522.0 
1914.0 536.0 
1965.0 521.0 
2132.0 486.0 
1802.0 560.0 
1914.0 536.0 
1911.0 540.0 
1886.0 549.0 
1802.0 560.0 
1899.0 542.0 
1934.0 522.0 
1965.0 521.0 
1893.0 546.0 
1888.0 547.0 
1897.0 544.0 
1897.0 544.0 
1886.0 549.0 
1906.0 541.0 
1906.0 541.0 
1893.0 546.0 
2134.0 485.0 
