142.0 75.0 
142.0 75.0 
160.0 72.0 
143.0 79.0 
143.0 79.0 
146.0 76.0 
166.0 74.0 
149.0 76.0 
147.0 80.0 
148.0 78.0 
168.0 74.0 
150.0 76.0 
147.0 81.0 
193.0 75.0 
194.0 74.0 
161.0 76.0 
158.0 79.0 
160.0 78.0 
149.0 83.0 
156.0 81.0 
156.0 81.0 
156.0 81.0 
156.0 81.0 
217.0 75.0 
165.0 76.0 
160.0 79.0 
151.0 87.0 
153.0 83.0 
159.0 82.0 
167.0 77.0 
170.0 76.0 
166.0 78.0 
161.0 80.0 
159.0 83.0 
168.0 77.0 
191.0 76.0 
167.0 78.0 
162.0 80.0 
161.0 81.0 
172.0 77.0 
192.0 76.0 
170.0 78.0 
170.0 78.0 
169.0 79.0 
164.0 80.0 
164.0 80.0 
164.0 80.0 
164.0 80.0 
163.0 81.0 
173.0 77.0 
196.0 76.0 
171.0 78.0 
170.0 79.0 
167.0 80.0 
163.0 86.0 
164.0 84.0 
164.0 84.0 
189.0 77.0 
172.0 78.0 
167.0 81.0 
166.0 84.0 
164.0 87.0 
166.0 84.0 
166.0 84.0 
165.0 85.0 
198.0 77.0 
198.0 77.0 
198.0 77.0 
174.0 78.0 
168.0 82.0 
169.0 81.0 
169.0 81.0 
168.0 82.0 
164.0 92.0 
164.0 92.0 
167.0 85.0 
203.0 77.0 
176.0 79.0 
197.0 78.0 
174.0 80.0 
170.0 81.0 
170.0 81.0 
170.0 81.0 
170.0 81.0 
168.0 83.0 
169.0 82.0 
166.0 116.0 
167.0 87.0 
209.0 77.0 
209.0 77.0 
178.0 79.0 
203.0 78.0 
175.0 81.0 
169.0 85.0 
170.0 83.0 
167.0 96.0 
168.0 94.0 
206.0 78.0 
169.0 86.0 
169.0 86.0 
