1810.0 486.0 
1820.0 476.0 
1666.0 578.0 
1724.0 523.0 
1769.0 489.0 
1683.0 526.0 
1677.0 559.0 
1741.0 506.0 
1818.0 483.0 
1742.0 492.0 
1812.0 486.0 
1853.0 476.0 
1825.0 478.0 
1669.0 581.0 
1777.0 491.0 
1777.0 491.0 
1696.0 543.0 
1709.0 527.0 
1695.0 546.0 
1680.0 562.0 
1818.0 484.0 
1751.0 494.0 
1744.0 515.0 
1902.0 481.0 
1902.0 481.0 
1672.0 591.0 
1679.0 588.0 
1672.0 591.0 
1672.0 591.0 
1803.0 491.0 
1707.0 543.0 
1706.0 545.0 
1720.0 533.0 
1710.0 537.0 
1728.0 532.0 
1687.0 566.0 
1680.0 587.0 
1818.0 487.0 
1818.0 487.0 
1848.0 484.0 
1767.0 499.0 
1767.0 499.0 
1770.0 496.0 
1791.0 494.0 
1759.0 500.0 
1758.0 521.0 
1758.0 521.0 
1752.0 525.0 
1746.0 529.0 
1903.0 483.0 
1679.0 590.0 
1679.0 590.0 
1676.0 592.0 
1676.0 592.0 
1674.0 600.0 
1813.0 491.0 
1708.0 548.0 
1708.0 548.0 
1708.0 548.0 
1709.0 546.0 
1724.0 533.0 
1724.0 533.0 
1724.0 533.0 
1722.0 545.0 
1733.0 532.0 
1696.0 568.0 
1690.0 588.0 
1820.0 488.0 
1850.0 486.0 
1792.0 499.0 
1792.0 499.0 
1797.0 498.0 
1802.0 497.0 
1759.0 513.0 
1760.0 502.0 
1752.0 527.0 
1903.0 484.0 
1903.0 484.0 
1676.0 593.0 
1858.0 486.0 
1704.0 571.0 
1715.0 547.0 
1726.0 538.0 
1787.0 502.0 
1823.0 494.0 
1710.0 557.0 
1755.0 527.0 
1703.0 584.0 
1836.0 488.0 
1763.0 508.0 
1762.0 520.0 
1809.0 498.0 
1771.0 504.0 
1736.0 535.0 
1711.0 555.0 
1691.0 589.0 
1806.0 501.0 
1751.0 532.0 
1683.0 591.0 
1743.0 533.0 
