3247.0 788.0 
2539.0 848.0 
2763.0 823.0 
2948.0 822.0 
2442.0 889.0 
2635.0 872.0 
2785.0 851.0 
2783.0 867.0 
2842.0 830.0 
2479.0 951.0 
2571.0 900.0 
2527.0 907.0 
2511.0 926.0 
2765.0 886.0 
2691.0 897.0 
2813.0 876.0 
2949.0 830.0 
2936.0 837.0 
2949.0 830.0 
2949.0 830.0 
2936.0 837.0 
2842.0 864.0 
2482.0 951.0 
2536.0 919.0 
2571.0 915.0 
2612.0 911.0 
2667.0 907.0 
2528.0 933.0 
2795.0 888.0 
2778.0 905.0 
2778.0 905.0 
2789.0 899.0 
2821.0 886.0 
2990.0 830.0 
2949.0 837.0 
2482.0 955.0 
2540.0 928.0 
2656.0 921.0 
2731.0 913.0 
2534.0 933.0 
2788.0 906.0 
2832.0 892.0 
2832.0 892.0 
3690.0 834.0 
2951.0 878.0 
2950.0 879.0 
2951.0 878.0 
2961.0 837.0 
2953.0 838.0 
2483.0 961.0 
2507.0 957.0 
2641.0 930.0 
2655.0 928.0 
2666.0 923.0 
2761.0 921.0 
2548.0 935.0 
2804.0 907.0 
2804.0 907.0 
2788.0 916.0 
2926.0 893.0 
2870.0 894.0 
2864.0 900.0 
2926.0 893.0 
2970.0 846.0 
2968.0 872.0 
2970.0 846.0 
3102.0 843.0 
2497.0 963.0 
2715.0 927.0 
2782.0 926.0 
2607.0 935.0 
2579.0 946.0 
2590.0 943.0 
2559.0 960.0 
2559.0 960.0 
2559.0 960.0 
2813.0 910.0 
2793.0 919.0 
2793.0 919.0 
2899.0 894.0 
2877.0 899.0 
2985.0 854.0 
2981.0 874.0 
3104.0 844.0 
2527.0 989.0 
2523.0 996.0 
2523.0 996.0 
2784.0 926.0 
2609.0 939.0 
2673.0 935.0 
2673.0 935.0 
2629.0 937.0 
2591.0 954.0 
2594.0 944.0 
2564.0 987.0 
2564.0 987.0 
4493.0 845.0 
2526.0 1002.0 
2526.0 1002.0 
3283.0 847.0 
