30.0 24.0 
30.0 24.0 
27.0 27.0 
54.0 24.0 
42.0 26.0 
28.0 46.0 
29.0 40.0 
33.0 32.0 
37.0 31.0 
30.0 37.0 
55.0 25.0 
62.0 24.0 
62.0 24.0 
42.0 27.0 
42.0 27.0 
42.0 27.0 
46.0 26.0 
29.0 47.0 
36.0 33.0 
33.0 36.0 
35.0 35.0 
38.0 32.0 
40.0 31.0 
30.0 38.0 
60.0 25.0 
60.0 25.0 
42.0 28.0 
42.0 28.0 
47.0 26.0 
37.0 33.0 
33.0 37.0 
33.0 37.0 
36.0 35.0 
41.0 32.0 
30.0 40.0 
42.0 29.0 
49.0 27.0 
53.0 26.0 
38.0 34.0 
38.0 34.0 
34.0 38.0 
37.0 35.0 
30.0 42.0 
30.0 42.0 
33.0 40.0 
30.0 42.0 
43.0 31.0 
46.0 29.0 
44.0 30.0 
56.0 27.0 
53.0 28.0 
61.0 26.0 
36.0 38.0 
37.0 36.0 
33.0 41.0 
33.0 41.0 
33.0 41.0 
30.0 43.0 
47.0 29.0 
45.0 35.0 
55.0 28.0 
72.0 26.0 
61.0 27.0 
36.0 39.0 
36.0 39.0 
38.0 36.0 
31.0 43.0 
31.0 43.0 
31.0 43.0 
30.0 47.0 
31.0 43.0 
31.0 43.0 
31.0 43.0 
31.0 43.0 
30.0 47.0 
47.0 30.0 
48.0 29.0 
56.0 28.0 
56.0 28.0 
70.0 27.0 
37.0 39.0 
39.0 37.0 
46.0 36.0 
38.0 38.0 
34.0 44.0 
34.0 44.0 
31.0 47.0 
30.0 57.0 
62.0 28.0 
32.0 47.0 
55.0 29.0 
44.0 38.0 
35.0 44.0 
37.0 40.0 
47.0 33.0 
39.0 39.0 
50.0 31.0 
52.0 30.0 
34.0 46.0 
47.0 33.0 
