3268.0 964.0 
3385.0 906.0 
3233.0 973.0 
2879.0 1132.0 
2887.0 1034.0 
3329.0 926.0 
2975.0 975.0 
3537.0 899.0 
3241.0 966.0 
3689.0 876.0 
3268.0 964.0 
2887.0 1034.0 
3324.0 960.0 
3389.0 911.0 
3337.0 928.0 
3239.0 975.0 
3028.0 984.0 
2994.0 1013.0 
3654.0 906.0 
3839.0 898.0 
3321.0 965.0 
2898.0 1045.0 
2992.0 1042.0 
2893.0 1100.0 
3326.0 962.0 
3335.0 961.0 
3474.0 921.0 
3513.0 916.0 
3402.0 924.0 
3484.0 919.0 
3474.0 921.0 
3365.0 942.0 
3243.0 976.0 
3054.0 986.0 
3000.0 1018.0 
3712.0 915.0 
2929.0 1093.0 
2975.0 1072.0 
2929.0 1093.0 
2900.0 1140.0 
2919.0 1121.0 
3344.0 966.0 
3462.0 939.0 
3462.0 939.0 
3643.0 921.0 
3595.0 926.0 
3518.0 931.0 
3523.0 928.0 
3445.0 947.0 
3367.0 964.0 
3313.0 987.0 
3071.0 1000.0 
3140.0 989.0 
3057.0 1001.0 
3002.0 1054.0 
3001.0 1066.0 
3036.0 1026.0 
3033.0 1029.0 
3021.0 1040.0 
2929.0 1101.0 
3356.0 966.0 
3496.0 943.0 
3730.0 923.0 
3556.0 929.0 
3529.0 939.0 
3467.0 955.0 
3233.0 994.0 
3318.0 990.0 
3318.0 990.0 
3159.0 997.0 
3064.0 1015.0 
3076.0 1007.0 
3004.0 1085.0 
3015.0 1073.0 
3052.0 1035.0 
3037.0 1040.0 
3024.0 1044.0 
2934.0 1102.0 
2934.0 1102.0 
3362.0 968.0 
3357.0 977.0 
3815.0 924.0 
2934.0 1105.0 
3595.0 929.0 
3030.0 1075.0 
3222.0 998.0 
2994.0 1102.0 
3321.0 994.0 
3043.0 1049.0 
3484.0 962.0 
3178.0 1015.0 
3416.0 973.0 
3084.0 1017.0 
3357.0 980.0 
3496.0 949.0 
3069.0 1028.0 
3559.0 937.0 
3555.0 948.0 
3371.0 975.0 
3056.0 1039.0 
