2288.0 703.0 
2582.0 647.0 
2288.0 703.0 
2280.0 714.0 
2577.0 648.0 
2449.0 663.0 
2285.0 708.0 
2355.0 668.0 
2449.0 663.0 
2558.0 658.0 
2480.0 660.0 
2341.0 671.0 
2210.0 718.0 
2197.0 830.0 
2280.0 714.0 
2315.0 687.0 
2577.0 648.0 
2442.0 664.0 
2585.0 647.0 
2306.0 708.0 
2395.0 669.0 
2395.0 669.0 
2461.0 663.0 
2367.0 673.0 
2367.0 673.0 
2351.0 675.0 
2226.0 728.0 
2220.0 852.0 
2223.0 851.0 
2294.0 717.0 
2321.0 688.0 
2343.0 687.0 
2319.0 691.0 
2578.0 660.0 
2581.0 653.0 
2460.0 668.0 
2631.0 649.0 
2310.0 713.0 
2313.0 710.0 
2400.0 670.0 
2462.0 663.0 
2370.0 673.0 
2229.0 815.0 
2231.0 762.0 
2253.0 729.0 
2237.0 753.0 
2229.0 815.0 
2226.0 856.0 
2226.0 856.0 
2329.0 689.0 
2320.0 704.0 
2319.0 709.0 
2321.0 699.0 
2584.0 653.0 
2584.0 653.0 
2584.0 653.0 
2581.0 656.0 
2310.0 721.0 
2316.0 716.0 
2410.0 672.0 
2478.0 668.0 
2540.0 666.0 
2370.0 675.0 
2257.0 748.0 
2259.0 729.0 
2239.0 798.0 
2251.0 768.0 
2253.0 764.0 
2239.0 798.0 
2240.0 788.0 
2254.0 763.0 
2230.0 817.0 
2340.0 697.0 
2368.0 693.0 
2322.0 714.0 
2604.0 657.0 
2591.0 662.0 
2904.0 656.0 
2584.0 663.0 
2247.0 809.0 
2881.0 657.0 
2881.0 657.0 
2629.0 660.0 
2251.0 769.0 
2265.0 750.0 
2484.0 675.0 
2266.0 731.0 
2344.0 700.0 
2312.0 727.0 
2400.0 676.0 
2551.0 666.0 
2627.0 664.0 
2383.0 677.0 
2325.0 718.0 
2537.0 672.0 
2378.0 692.0 
2257.0 767.0 
2373.0 698.0 
2325.0 718.0 
2376.0 694.0 
