1891.0 549.0 
1781.0 620.0 
1912.0 532.0 
1912.0 532.0 
1891.0 549.0 
1781.0 620.0 
1781.0 620.0 
1920.0 524.0 
1911.0 537.0 
1893.0 545.0 
1893.0 545.0 
1910.0 538.0 
2013.0 500.0 
1853.0 565.0 
1937.0 519.0 
1911.0 537.0 
1989.0 510.0 
1823.0 586.0 
1893.0 545.0 
1910.0 538.0 
1781.0 620.0 
1994.0 507.0 
1793.0 609.0 
1912.0 532.0 
1920.0 524.0 
1912.0 532.0 
1823.0 586.0 
1826.0 583.0 
1931.0 520.0 
1913.0 530.0 
1920.0 524.0 
2009.0 501.0 
1807.0 591.0 
1891.0 549.0 
1868.0 550.0 
1995.0 504.0 
1781.0 620.0 
1910.0 538.0 
1854.0 564.0 
1811.0 589.0 
1823.0 586.0 
1916.0 529.0 
1824.0 584.0 
2009.0 501.0 
1846.0 569.0 
1937.0 519.0 
1895.0 540.0 
1973.0 512.0 
1916.0 529.0 
1849.0 566.0 
1891.0 549.0 
1868.0 550.0 
1920.0 524.0 
1807.0 591.0 
1939.0 517.0 
1854.0 564.0 
1845.0 571.0 
2009.0 501.0 
1822.0 588.0 
1913.0 530.0 
1781.0 620.0 
1994.0 507.0 
1995.0 504.0 
1784.0 617.0 
1937.0 519.0 
1931.0 520.0 
1893.0 545.0 
1910.0 538.0 
2013.0 501.0 
2013.0 501.0 
1782.0 620.0 
1782.0 620.0 
1979.0 517.0 
1939.0 519.0 
1913.0 531.0 
1793.0 610.0 
1897.0 541.0 
1807.0 592.0 
1865.0 564.0 
1871.0 551.0 
1812.0 590.0 
1824.0 586.0 
1793.0 610.0 
1894.0 545.0 
1920.0 525.0 
1844.0 583.0 
1849.0 568.0 
1846.0 580.0 
1786.0 617.0 
1934.0 524.0 
1980.0 512.0 
1869.0 555.0 
1807.0 592.0 
1824.0 586.0 
2012.0 502.0 
2002.0 504.0 
1851.0 567.0 
1990.0 510.0 
1996.0 507.0 
1871.0 551.0 
