43.0 20.0 
42.0 26.0 
43.0 20.0 
43.0 20.0 
43.0 20.0 
42.0 26.0 
42.0 26.0 
43.0 20.0 
42.0 26.0 
43.0 20.0 
43.0 20.0 
43.0 20.0 
43.0 20.0 
42.0 26.0 
43.0 20.0 
42.0 26.0 
43.0 20.0 
43.0 20.0 
43.0 20.0 
43.0 20.0 
43.0 20.0 
43.0 20.0 
43.0 20.0 
43.0 20.0 
43.0 20.0 
43.0 20.0 
42.0 26.0 
43.0 20.0 
42.0 26.0 
43.0 20.0 
42.0 26.0 
43.0 20.0 
43.0 20.0 
43.0 20.0 
43.0 20.0 
43.0 20.0 
42.0 26.0 
42.0 26.0 
43.0 20.0 
42.0 27.0 
42.0 27.0 
43.0 21.0 
61.0 20.0 
61.0 20.0 
43.0 21.0 
43.0 22.0 
43.0 22.0 
50.0 21.0 
43.0 22.0 
50.0 21.0 
45.0 22.0 
43.0 23.0 
45.0 22.0 
44.0 30.0 
43.0 36.0 
45.0 24.0 
50.0 22.0 
48.0 32.0 
48.0 32.0 
51.0 22.0 
51.0 22.0 
49.0 27.0 
49.0 27.0 
51.0 22.0 
51.0 22.0 
51.0 22.0 
51.0 22.0 
51.0 22.0 
51.0 22.0 
51.0 22.0 
51.0 22.0 
51.0 22.0 
51.0 22.0 
51.0 22.0 
51.0 22.0 
51.0 22.0 
51.0 22.0 
51.0 22.0 
51.0 22.0 
51.0 22.0 
51.0 22.0 
51.0 22.0 
51.0 22.0 
51.0 22.0 
51.0 22.0 
51.0 22.0 
51.0 22.0 
51.0 22.0 
51.0 22.0 
51.0 22.0 
51.0 22.0 
51.0 22.0 
51.0 22.0 
51.0 22.0 
51.0 22.0 
51.0 22.0 
51.0 22.0 
51.0 22.0 
51.0 22.0 
51.0 22.0 
