70.0 43.0 
70.0 43.0 
85.0 39.0 
72.0 40.0 
65.0 44.0 
94.0 38.0 
98.0 34.0 
86.0 39.0 
80.0 43.0 
67.0 45.0 
75.0 44.0 
66.0 53.0 
65.0 59.0 
98.0 37.0 
98.0 37.0 
98.0 37.0 
98.0 37.0 
101.0 36.0 
102.0 34.0 
90.0 41.0 
96.0 39.0 
93.0 40.0 
70.0 47.0 
72.0 46.0 
67.0 48.0 
76.0 44.0 
76.0 44.0 
76.0 44.0 
76.0 44.0 
66.0 65.0 
66.0 65.0 
110.0 34.0 
106.0 35.0 
102.0 36.0 
91.0 41.0 
91.0 41.0 
97.0 39.0 
94.0 40.0 
71.0 47.0 
71.0 47.0 
68.0 51.0 
67.0 54.0 
76.0 45.0 
77.0 44.0 
66.0 129.0 
118.0 34.0 
118.0 34.0 
104.0 36.0 
103.0 38.0 
92.0 41.0 
92.0 41.0 
100.0 39.0 
100.0 39.0 
71.0 48.0 
73.0 47.0 
68.0 57.0 
69.0 56.0 
69.0 56.0 
69.0 56.0 
68.0 57.0 
77.0 45.0 
78.0 44.0 
119.0 34.0 
105.0 36.0 
92.0 42.0 
101.0 39.0 
101.0 39.0 
100.0 41.0 
71.0 52.0 
73.0 48.0 
75.0 47.0 
70.0 56.0 
68.0 67.0 
69.0 65.0 
80.0 44.0 
79.0 45.0 
121.0 34.0 
107.0 36.0 
107.0 36.0 
105.0 37.0 
105.0 37.0 
105.0 37.0 
105.0 37.0 
70.0 62.0 
127.0 34.0 
71.0 56.0 
81.0 44.0 
74.0 52.0 
106.0 37.0 
123.0 35.0 
75.0 48.0 
93.0 43.0 
115.0 36.0 
115.0 36.0 
78.0 47.0 
96.0 42.0 
96.0 42.0 
101.0 40.0 
102.0 39.0 
101.0 40.0 
