144.0 86.0 
132.0 97.0 
159.0 86.0 
155.0 98.0 
144.0 110.0 
144.0 110.0 
145.0 109.0 
163.0 94.0 
190.0 90.0 
161.0 102.0 
145.0 124.0 
175.0 97.0 
315.0 91.0 
205.0 92.0 
161.0 106.0 
160.0 126.0 
145.0 152.0 
148.0 127.0 
183.0 100.0 
212.0 98.0 
230.0 95.0 
223.0 96.0 
162.0 113.0 
167.0 111.0 
146.0 159.0 
148.0 153.0 
150.0 127.0 
189.0 108.0 
185.0 110.0 
185.0 110.0 
189.0 108.0 
185.0 110.0 
189.0 108.0 
185.0 110.0 
185.0 110.0 
190.0 102.0 
232.0 96.0 
166.0 116.0 
162.0 117.0 
172.0 113.0 
146.0 167.0 
152.0 133.0 
152.0 133.0 
192.0 104.0 
213.0 102.0 
241.0 99.0 
162.0 127.0 
169.0 120.0 
166.0 123.0 
179.0 113.0 
176.0 114.0 
146.0 212.0 
146.0 212.0 
148.0 178.0 
159.0 133.0 
153.0 140.0 
152.0 169.0 
154.0 135.0 
159.0 133.0 
201.0 107.0 
194.0 112.0 
194.0 112.0 
194.0 112.0 
200.0 111.0 
214.0 102.0 
214.0 102.0 
281.0 101.0 
164.0 129.0 
163.0 131.0 
167.0 123.0 
182.0 115.0 
150.0 204.0 
155.0 180.0 
156.0 154.0 
157.0 148.0 
162.0 133.0 
160.0 140.0 
203.0 108.0 
201.0 109.0 
209.0 107.0 
195.0 113.0 
195.0 113.0 
215.0 103.0 
176.0 123.0 
174.0 124.0 
169.0 131.0 
184.0 119.0 
184.0 119.0 
183.0 121.0 
194.0 117.0 
153.0 204.0 
156.0 159.0 
156.0 159.0 
156.0 159.0 
157.0 150.0 
168.0 136.0 
168.0 136.0 
163.0 137.0 
161.0 141.0 
216.0 104.0 
