3724.0 1051.0 
3608.0 1062.0 
3090.0 1122.0 
3775.0 958.0 
3313.0 1071.0 
4055.0 942.0 
3701.0 1063.0 
3181.0 1124.0 
3852.0 1050.0 
3911.0 1009.0 
3877.0 1028.0 
3852.0 1050.0 
3431.0 1111.0 
3431.0 1111.0 
3445.0 1098.0 
3538.0 1072.0 
4206.0 975.0 
4200.0 981.0 
3284.0 1124.0 
3237.0 1176.0 
4041.0 1022.0 
3943.0 1040.0 
3900.0 1057.0 
3900.0 1057.0 
3528.0 1110.0 
3465.0 1118.0 
3744.0 1073.0 
3542.0 1092.0 
3638.0 1076.0 
3744.0 1073.0 
4468.0 977.0 
5207.0 975.0 
4350.0 982.0 
4257.0 988.0 
4339.0 984.0 
3297.0 1127.0 
3261.0 1206.0 
4110.0 1031.0 
4239.0 1026.0 
4016.0 1041.0 
3903.0 1057.0 
3562.0 1098.0 
3548.0 1121.0 
3653.0 1087.0 
3731.0 1078.0 
3847.0 1075.0 
3856.0 1074.0 
4493.0 981.0 
4273.0 1016.0 
4285.0 990.0 
4483.0 988.0 
3334.0 1145.0 
3325.0 1155.0 
3297.0 1166.0 
3334.0 1145.0 
4214.0 1033.0 
4083.0 1044.0 
4186.0 1041.0 
4080.0 1051.0 
4083.0 1044.0 
4186.0 1041.0 
3953.0 1060.0 
3941.0 1068.0 
3645.0 1128.0 
3639.0 1129.0 
3604.0 1139.0 
3584.0 1144.0 
3656.0 1100.0 
3657.0 1090.0 
3667.0 1089.0 
3656.0 1100.0 
3654.0 1111.0 
3832.0 1087.0 
3882.0 1085.0 
4282.0 1023.0 
4481.0 1013.0 
4441.0 1017.0 
4297.0 1019.0 
4481.0 1013.0 
4599.0 997.0 
4543.0 1011.0 
3300.0 1173.0 
5235.0 998.0 
4721.0 1003.0 
3646.0 1139.0 
4376.0 1020.0 
3678.0 1098.0 
5195.0 1001.0 
4032.0 1079.0 
3836.0 1090.0 
4055.0 1065.0 
3473.0 1160.0 
4335.0 1023.0 
4152.0 1050.0 
3755.0 1097.0 
3643.0 1153.0 
4217.0 1038.0 
4199.0 1048.0 
4217.0 1038.0 
3508.0 1155.0 
