1606.0 376.0 
1574.0 384.0 
1509.0 421.0 
1526.0 417.0 
1711.0 338.0 
1606.0 376.0 
1589.0 380.0 
1606.0 376.0 
1711.0 338.0 
1614.0 375.0 
1588.0 382.0 
1726.0 332.0 
1606.0 376.0 
1674.0 353.0 
1614.0 375.0 
1487.0 436.0 
1526.0 417.0 
1606.0 376.0 
1589.0 380.0 
1574.0 384.0 
1655.0 358.0 
1507.0 423.0 
1711.0 338.0 
1691.0 345.0 
1616.0 374.0 
1703.0 342.0 
1711.0 338.0 
1509.0 421.0 
1504.0 429.0 
1589.0 380.0 
1509.0 421.0 
1527.0 415.0 
1709.0 339.0 
1486.0 437.0 
1670.0 354.0 
1553.0 391.0 
1574.0 384.0 
1504.0 429.0 
1707.0 340.0 
1487.0 436.0 
1488.0 434.0 
1511.0 420.0 
1494.0 430.0 
1555.0 389.0 
1614.0 375.0 
1674.0 353.0 
1691.0 345.0 
1523.0 418.0 
1651.0 359.0 
1606.0 376.0 
1535.0 402.0 
1606.0 376.0 
1509.0 421.0 
1667.0 355.0 
1738.0 331.0 
1713.0 337.0 
1634.0 366.0 
1720.0 333.0 
1486.0 437.0 
1511.0 420.0 
1537.0 399.0 
1553.0 391.0 
1619.0 373.0 
1589.0 380.0 
1711.0 338.0 
1553.0 391.0 
1709.0 339.0 
1670.0 354.0 
1703.0 342.0 
1614.0 375.0 
1655.0 358.0 
1557.0 387.0 
1704.0 341.0 
1550.0 397.0 
1600.0 378.0 
1486.0 437.0 
1489.0 432.0 
1616.0 374.0 
1639.0 365.0 
1571.0 385.0 
1691.0 345.0 
1555.0 389.0 
1624.0 371.0 
1719.0 336.0 
1741.0 331.0 
1741.0 331.0 
1489.0 435.0 
1489.0 435.0 
1709.0 340.0 
1528.0 416.0 
1535.0 404.0 
1678.0 354.0 
1692.0 346.0 
1654.0 359.0 
1676.0 355.0 
1512.0 420.0 
1510.0 422.0 
1586.0 384.0 
1504.0 430.0 
1606.0 377.0 
