19.0 2.0 
9.0 3.0 
19.0 2.0 
9.0 3.0 
9.0 3.0 
19.0 2.0 
19.0 2.0 
9.0 3.0 
21.0 2.0 
9.0 4.0 
10.0 3.0 
10.0 3.0 
10.0 3.0 
10.0 3.0 
10.0 3.0 
10.0 3.0 
10.0 3.0 
9.0 4.0 
17.0 3.0 
17.0 3.0 
9.0 5.0 
9.0 5.0 
10.0 4.0 
10.0 4.0 
17.0 3.0 
17.0 3.0 
17.0 3.0 
17.0 3.0 
17.0 3.0 
17.0 3.0 
17.0 3.0 
17.0 3.0 
17.0 3.0 
17.0 3.0 
17.0 3.0 
17.0 3.0 
17.0 3.0 
17.0 3.0 
9.0 5.0 
9.0 5.0 
9.0 5.0 
9.0 5.0 
9.0 5.0 
9.0 5.0 
10.0 4.0 
10.0 4.0 
10.0 4.0 
10.0 4.0 
10.0 4.0 
10.0 4.0 
10.0 4.0 
10.0 4.0 
10.0 4.0 
10.0 4.0 
10.0 4.0 
10.0 4.0 
10.0 4.0 
10.0 4.0 
10.0 4.0 
10.0 4.0 
10.0 4.0 
10.0 4.0 
10.0 4.0 
10.0 4.0 
10.0 4.0 
10.0 4.0 
10.0 4.0 
10.0 4.0 
10.0 4.0 
10.0 4.0 
10.0 4.0 
10.0 4.0 
10.0 4.0 
10.0 4.0 
10.0 4.0 
10.0 4.0 
10.0 4.0 
10.0 4.0 
10.0 4.0 
10.0 4.0 
10.0 4.0 
10.0 4.0 
10.0 4.0 
10.0 4.0 
10.0 4.0 
10.0 4.0 
10.0 4.0 
10.0 4.0 
10.0 4.0 
10.0 4.0 
10.0 4.0 
10.0 4.0 
10.0 4.0 
10.0 4.0 
10.0 4.0 
10.0 4.0 
10.0 4.0 
10.0 4.0 
10.0 4.0 
10.0 4.0 
