128.0 28.0 
124.0 30.0 
118.0 32.0 
126.0 29.0 
48.0 59.0 
73.0 44.0 
86.0 41.0 
94.0 38.0 
64.0 46.0 
48.0 59.0 
118.0 32.0 
94.0 38.0 
73.0 44.0 
91.0 39.0 
87.0 40.0 
54.0 52.0 
126.0 29.0 
64.0 46.0 
124.0 30.0 
128.0 28.0 
100.0 37.0 
73.0 44.0 
128.0 28.0 
114.0 33.0 
124.0 30.0 
61.0 48.0 
47.0 69.0 
73.0 44.0 
126.0 29.0 
64.0 46.0 
53.0 53.0 
49.0 58.0 
107.0 35.0 
48.0 59.0 
75.0 43.0 
120.0 32.0 
99.0 38.0 
93.0 39.0 
93.0 39.0 
88.0 41.0 
88.0 41.0 
57.0 52.0 
129.0 28.0 
125.0 30.0 
124.0 31.0 
125.0 30.0 
61.0 51.0 
62.0 49.0 
62.0 49.0 
63.0 48.0 
47.0 70.0 
47.0 70.0 
47.0 70.0 
47.0 70.0 
47.0 70.0 
47.0 70.0 
47.0 70.0 
47.0 70.0 
47.0 70.0 
47.0 70.0 
74.0 44.0 
74.0 44.0 
128.0 29.0 
128.0 29.0 
128.0 29.0 
128.0 29.0 
66.0 47.0 
66.0 47.0 
66.0 47.0 
53.0 55.0 
53.0 55.0 
56.0 54.0 
50.0 58.0 
50.0 58.0 
107.0 37.0 
107.0 37.0 
107.0 37.0 
107.0 37.0 
107.0 37.0 
118.0 35.0 
118.0 35.0 
110.0 36.0 
107.0 37.0 
49.0 64.0 
48.0 69.0 
48.0 69.0 
48.0 69.0 
48.0 69.0 
48.0 69.0 
48.0 69.0 
78.0 43.0 
129.0 29.0 
129.0 29.0 
49.0 66.0 
49.0 66.0 
102.0 38.0 
51.0 59.0 
55.0 55.0 
117.0 36.0 
82.0 43.0 
