64.0 46.0 
64.0 46.0 
64.0 46.0 
64.0 46.0 
64.0 46.0 
63.0 47.0 
73.0 43.0 
64.0 46.0 
111.0 33.0 
46.0 59.0 
73.0 43.0 
128.0 27.0 
64.0 46.0 
121.0 30.0 
73.0 43.0 
117.0 31.0 
51.0 53.0 
56.0 48.0 
64.0 46.0 
64.0 46.0 
128.0 27.0 
73.0 43.0 
63.0 47.0 
73.0 43.0 
65.0 45.0 
76.0 41.0 
105.0 35.0 
117.0 31.0 
64.0 46.0 
51.0 53.0 
128.0 27.0 
64.0 46.0 
105.0 35.0 
117.0 31.0 
126.0 28.0 
111.0 33.0 
121.0 30.0 
128.0 27.0 
76.0 41.0 
56.0 48.0 
64.0 46.0 
64.0 46.0 
63.0 47.0 
111.0 33.0 
56.0 48.0 
78.0 40.0 
64.0 46.0 
64.0 46.0 
73.0 43.0 
64.0 46.0 
63.0 47.0 
64.0 46.0 
126.0 28.0 
128.0 27.0 
96.0 37.0 
73.0 43.0 
74.0 42.0 
55.0 49.0 
76.0 41.0 
53.0 52.0 
111.0 33.0 
80.0 38.0 
105.0 35.0 
64.0 46.0 
76.0 41.0 
128.0 27.0 
128.0 27.0 
106.0 34.0 
64.0 46.0 
112.0 32.0 
64.0 46.0 
65.0 45.0 
56.0 48.0 
70.0 44.0 
49.0 54.0 
74.0 42.0 
126.0 28.0 
76.0 41.0 
73.0 43.0 
64.0 46.0 
126.0 28.0 
80.0 38.0 
74.0 42.0 
123.0 29.0 
63.0 47.0 
55.0 49.0 
111.0 33.0 
47.0 56.0 
76.0 41.0 
73.0 43.0 
96.0 37.0 
64.0 46.0 
121.0 30.0 
64.0 46.0 
46.0 61.0 
46.0 61.0 
127.0 28.0 
56.0 49.0 
98.0 37.0 
67.0 46.0 
