2103.0 314.0 
2672.0 310.0 
841.0 367.0 
2076.0 323.0 
927.0 351.0 
2672.0 310.0 
630.0 413.0 
1167.0 326.0 
841.0 367.0 
2196.0 313.0 
657.0 369.0 
1623.0 324.0 
639.0 396.0 
1141.0 357.0 
1221.0 353.0 
1255.0 340.0 
1321.0 334.0 
1247.0 351.0 
1098.0 367.0 
2493.0 313.0 
2200.0 322.0 
770.0 385.0 
700.0 386.0 
825.0 379.0 
794.0 380.0 
1056.0 370.0 
840.0 371.0 
2157.0 328.0 
665.0 404.0 
1230.0 365.0 
1308.0 348.0 
1481.0 339.0 
2070.0 334.0 
1254.0 355.0 
2239.0 325.0 
2239.0 325.0 
2239.0 325.0 
745.0 401.0 
782.0 392.0 
786.0 390.0 
807.0 389.0 
820.0 384.0 
892.0 378.0 
1015.0 371.0 
2211.0 330.0 
734.0 407.0 
693.0 412.0 
686.0 443.0 
1460.0 350.0 
2037.0 348.0 
1744.0 349.0 
2190.0 340.0 
2152.0 343.0 
2125.0 344.0 
1287.0 365.0 
1448.0 361.0 
2243.0 328.0 
801.0 399.0 
883.0 392.0 
887.0 389.0 
862.0 396.0 
948.0 384.0 
909.0 387.0 
944.0 385.0 
1056.0 371.0 
1020.0 377.0 
2226.0 335.0 
742.0 413.0 
742.0 413.0 
705.0 416.0 
759.0 412.0 
1560.0 352.0 
1559.0 355.0 
2024.0 349.0 
2205.0 344.0 
1550.0 362.0 
1453.0 363.0 
2470.0 329.0 
843.0 402.0 
809.0 403.0 
868.0 396.0 
920.0 389.0 
978.0 387.0 
978.0 387.0 
1182.0 373.0 
1060.0 382.0 
2333.0 337.0 
753.0 420.0 
754.0 418.0 
715.0 425.0 
2620.0 341.0 
723.0 452.0 
1804.0 354.0 
1639.0 360.0 
762.0 443.0 
2256.0 344.0 
816.0 428.0 
822.0 419.0 
2360.0 342.0 
1459.0 365.0 
