139.0 48.0 
72.0 60.0 
139.0 48.0 
163.0 42.0 
76.0 57.0 
179.0 41.0 
61.0 65.0 
136.0 50.0 
117.0 51.0 
90.0 56.0 
99.0 52.0 
160.0 47.0 
140.0 49.0 
165.0 42.0 
86.0 59.0 
69.0 70.0 
65.0 73.0 
66.0 72.0 
73.0 65.0 
126.0 51.0 
91.0 57.0 
102.0 54.0 
162.0 47.0 
146.0 49.0 
87.0 59.0 
71.0 79.0 
72.0 76.0 
68.0 80.0 
71.0 79.0 
86.0 67.0 
82.0 69.0 
132.0 52.0 
99.0 58.0 
129.0 54.0 
113.0 56.0 
193.0 47.0 
168.0 48.0 
158.0 51.0 
165.0 50.0 
89.0 63.0 
94.0 62.0 
77.0 77.0 
75.0 80.0 
74.0 81.0 
83.0 69.0 
83.0 69.0 
142.0 52.0 
101.0 58.0 
101.0 58.0 
99.0 59.0 
99.0 59.0 
134.0 55.0 
140.0 54.0 
116.0 57.0 
116.0 57.0 
118.0 56.0 
230.0 47.0 
188.0 48.0 
172.0 49.0 
172.0 49.0 
161.0 51.0 
169.0 50.0 
93.0 64.0 
91.0 65.0 
91.0 65.0 
97.0 63.0 
77.0 79.0 
77.0 79.0 
74.0 82.0 
88.0 71.0 
84.0 73.0 
143.0 52.0 
99.0 61.0 
109.0 59.0 
99.0 61.0 
136.0 55.0 
134.0 57.0 
191.0 48.0 
75.0 86.0 
197.0 49.0 
113.0 60.0 
138.0 58.0 
145.0 53.0 
161.0 52.0 
83.0 79.0 
172.0 50.0 
87.0 75.0 
99.0 68.0 
101.0 62.0 
139.0 55.0 
94.0 71.0 
76.0 82.0 
170.0 51.0 
77.0 81.0 
88.0 73.0 
93.0 72.0 
99.0 68.0 
105.0 61.0 
105.0 61.0 
172.0 50.0 
