116.0 57.0 
126.0 49.0 
116.0 57.0 
126.0 49.0 
128.0 48.0 
116.0 57.0 
139.0 47.0 
121.0 50.0 
117.0 52.0 
116.0 57.0 
127.0 49.0 
160.0 47.0 
140.0 48.0 
160.0 47.0 
160.0 47.0 
160.0 47.0 
122.0 51.0 
122.0 51.0 
122.0 51.0 
122.0 51.0 
117.0 53.0 
119.0 52.0 
117.0 53.0 
116.0 59.0 
129.0 49.0 
129.0 49.0 
129.0 49.0 
129.0 49.0 
129.0 49.0 
142.0 48.0 
142.0 48.0 
123.0 51.0 
123.0 51.0 
120.0 52.0 
117.0 55.0 
118.0 54.0 
118.0 54.0 
116.0 60.0 
129.0 50.0 
129.0 50.0 
140.0 49.0 
129.0 50.0 
129.0 50.0 
129.0 50.0 
129.0 50.0 
143.0 48.0 
143.0 48.0 
143.0 48.0 
143.0 48.0 
124.0 51.0 
122.0 52.0 
122.0 52.0 
117.0 57.0 
120.0 54.0 
120.0 54.0 
118.0 56.0 
116.0 62.0 
141.0 49.0 
131.0 50.0 
145.0 48.0 
125.0 51.0 
122.0 53.0 
122.0 53.0 
122.0 53.0 
123.0 52.0 
122.0 53.0 
122.0 53.0 
117.0 58.0 
117.0 58.0 
117.0 58.0 
117.0 58.0 
117.0 58.0 
117.0 58.0 
121.0 55.0 
121.0 55.0 
121.0 55.0 
119.0 56.0 
119.0 56.0 
119.0 56.0 
142.0 49.0 
142.0 49.0 
117.0 59.0 
117.0 59.0 
126.0 51.0 
125.0 52.0 
119.0 57.0 
121.0 56.0 
126.0 51.0 
122.0 54.0 
123.0 53.0 
123.0 53.0 
122.0 54.0 
118.0 58.0 
118.0 58.0 
121.0 56.0 
142.0 49.0 
142.0 49.0 
123.0 53.0 
123.0 53.0 
117.0 59.0 
