2702.0 764.0 
2590.0 826.0 
2670.0 811.0 
2913.0 704.0 
2670.0 811.0 
2955.0 701.0 
2600.0 825.0 
2660.0 814.0 
2685.0 807.0 
2807.0 737.0 
2490.0 847.0 
2670.0 811.0 
2724.0 792.0 
2732.0 776.0 
2732.0 776.0 
2970.0 725.0 
2970.0 725.0 
3450.0 703.0 
2974.0 718.0 
2986.0 717.0 
3023.0 711.0 
2629.0 845.0 
2657.0 827.0 
2629.0 845.0 
2836.0 758.0 
2876.0 751.0 
2584.0 847.0 
2583.0 875.0 
2515.0 889.0 
2692.0 811.0 
2745.0 794.0 
2742.0 802.0 
2752.0 787.0 
2817.0 777.0 
2756.0 779.0 
2972.0 748.0 
3005.0 722.0 
3103.0 716.0 
3164.0 712.0 
3215.0 711.0 
2664.0 827.0 
2659.0 834.0 
2664.0 827.0 
2659.0 834.0 
2919.0 765.0 
2919.0 765.0 
2588.0 847.0 
2532.0 931.0 
2547.0 897.0 
2537.0 928.0 
2713.0 820.0 
2754.0 791.0 
2906.0 781.0 
2789.0 785.0 
2789.0 785.0 
2831.0 783.0 
3002.0 759.0 
2978.0 760.0 
3067.0 738.0 
3047.0 752.0 
3128.0 724.0 
3107.0 726.0 
3128.0 724.0 
2683.0 842.0 
2667.0 845.0 
2942.0 765.0 
2623.0 856.0 
2602.0 873.0 
2639.0 850.0 
2639.0 850.0 
2566.0 913.0 
2579.0 903.0 
2579.0 903.0 
2556.0 929.0 
2542.0 937.0 
2542.0 937.0 
2717.0 831.0 
2733.0 827.0 
3129.0 725.0 
2553.0 955.0 
2830.0 785.0 
2604.0 912.0 
3037.0 767.0 
2561.0 929.0 
2943.0 778.0 
2605.0 881.0 
2760.0 807.0 
2719.0 831.0 
3093.0 762.0 
2950.0 770.0 
2788.0 796.0 
3115.0 749.0 
2718.0 840.0 
2676.0 847.0 
2638.0 856.0 
2629.0 860.0 
2668.0 848.0 
2764.0 798.0 
3121.0 728.0 
2629.0 860.0 
