2179.0 486.0 
1849.0 527.0 
1850.0 525.0 
2179.0 486.0 
1773.0 545.0 
1836.0 529.0 
1791.0 541.0 
1942.0 490.0 
1836.0 529.0 
2179.0 486.0 
1778.0 543.0 
1767.0 567.0 
1863.0 496.0 
1806.0 536.0 
1810.0 533.0 
2004.0 488.0 
2234.0 484.0 
1856.0 514.0 
1852.0 527.0 
1773.0 549.0 
1999.0 491.0 
1942.0 495.0 
2199.0 487.0 
2199.0 487.0 
1786.0 548.0 
1786.0 548.0 
1789.0 545.0 
1793.0 543.0 
1938.0 500.0 
1938.0 500.0 
1938.0 500.0 
1938.0 500.0 
1866.0 501.0 
1807.0 538.0 
1807.0 538.0 
1850.0 537.0 
1864.0 524.0 
1858.0 532.0 
1860.0 530.0 
1773.0 555.0 
2016.0 494.0 
2050.0 492.0 
1993.0 499.0 
2004.0 495.0 
2001.0 497.0 
2201.0 490.0 
2217.0 487.0 
1790.0 546.0 
1790.0 546.0 
1798.0 545.0 
1925.0 501.0 
1887.0 517.0 
1925.0 501.0 
1880.0 519.0 
1904.0 512.0 
1909.0 510.0 
1880.0 519.0 
1917.0 504.0 
1819.0 538.0 
1811.0 544.0 
1871.0 526.0 
1861.0 532.0 
1866.0 530.0 
1774.0 567.0 
1774.0 567.0 
1774.0 567.0 
1786.0 559.0 
1784.0 562.0 
2161.0 492.0 
2074.0 496.0 
2003.0 498.0 
2003.0 498.0 
2003.0 498.0 
2003.0 498.0 
2003.0 498.0 
2003.0 498.0 
2003.0 498.0 
2006.0 497.0 
2003.0 498.0 
2219.0 491.0 
1792.0 551.0 
1792.0 551.0 
1792.0 551.0 
1792.0 551.0 
1802.0 547.0 
1940.0 502.0 
1985.0 501.0 
1985.0 501.0 
1940.0 502.0 
1907.0 518.0 
1907.0 518.0 
1910.0 511.0 
1887.0 523.0 
1881.0 524.0 
1881.0 524.0 
1881.0 524.0 
1905.0 520.0 
1932.0 507.0 
1826.0 538.0 
1873.0 526.0 
