97.0 35.0 
97.0 35.0 
97.0 35.0 
97.0 35.0 
97.0 35.0 
97.0 35.0 
97.0 35.0 
97.0 35.0 
97.0 35.0 
97.0 35.0 
97.0 35.0 
97.0 35.0 
97.0 35.0 
97.0 35.0 
97.0 35.0 
97.0 35.0 
97.0 35.0 
100.0 32.0 
97.0 35.0 
97.0 35.0 
97.0 35.0 
97.0 35.0 
97.0 35.0 
97.0 35.0 
97.0 35.0 
97.0 35.0 
97.0 35.0 
97.0 35.0 
97.0 35.0 
97.0 35.0 
97.0 35.0 
97.0 35.0 
97.0 35.0 
97.0 35.0 
97.0 35.0 
97.0 35.0 
97.0 35.0 
97.0 35.0 
97.0 35.0 
100.0 33.0 
100.0 33.0 
100.0 33.0 
100.0 33.0 
100.0 33.0 
100.0 33.0 
100.0 33.0 
100.0 33.0 
100.0 33.0 
100.0 33.0 
100.0 33.0 
100.0 33.0 
100.0 33.0 
100.0 33.0 
100.0 33.0 
97.0 36.0 
98.0 35.0 
98.0 35.0 
101.0 34.0 
101.0 34.0 
98.0 36.0 
98.0 36.0 
101.0 34.0 
101.0 34.0 
101.0 34.0 
101.0 34.0 
101.0 34.0 
101.0 34.0 
101.0 34.0 
101.0 34.0 
101.0 34.0 
101.0 34.0 
101.0 34.0 
101.0 34.0 
101.0 34.0 
101.0 34.0 
101.0 34.0 
101.0 34.0 
101.0 34.0 
101.0 34.0 
101.0 34.0 
101.0 34.0 
101.0 34.0 
101.0 34.0 
101.0 34.0 
101.0 34.0 
101.0 34.0 
101.0 34.0 
101.0 34.0 
101.0 34.0 
101.0 34.0 
101.0 34.0 
101.0 34.0 
98.0 36.0 
98.0 36.0 
98.0 36.0 
98.0 36.0 
98.0 36.0 
98.0 36.0 
98.0 36.0 
98.0 36.0 
