101.0 31.0 
101.0 31.0 
101.0 31.0 
101.0 31.0 
101.0 31.0 
118.0 29.0 
101.0 31.0 
118.0 29.0 
101.0 31.0 
119.0 29.0 
119.0 29.0 
119.0 29.0 
119.0 29.0 
102.0 31.0 
101.0 32.0 
101.0 32.0 
102.0 31.0 
101.0 32.0 
101.0 32.0 
101.0 32.0 
101.0 32.0 
101.0 32.0 
101.0 32.0 
101.0 32.0 
101.0 32.0 
101.0 32.0 
101.0 32.0 
101.0 32.0 
101.0 32.0 
101.0 32.0 
101.0 32.0 
102.0 31.0 
101.0 32.0 
101.0 32.0 
101.0 32.0 
101.0 32.0 
101.0 32.0 
101.0 32.0 
101.0 32.0 
101.0 32.0 
101.0 32.0 
101.0 32.0 
101.0 32.0 
101.0 32.0 
101.0 32.0 
101.0 32.0 
101.0 32.0 
102.0 31.0 
101.0 32.0 
101.0 32.0 
101.0 32.0 
102.0 31.0 
101.0 32.0 
101.0 32.0 
101.0 32.0 
101.0 32.0 
102.0 31.0 
101.0 32.0 
101.0 32.0 
101.0 32.0 
101.0 32.0 
101.0 32.0 
101.0 32.0 
101.0 32.0 
101.0 32.0 
102.0 31.0 
101.0 32.0 
101.0 32.0 
101.0 32.0 
101.0 32.0 
101.0 32.0 
102.0 31.0 
101.0 32.0 
102.0 31.0 
101.0 32.0 
101.0 32.0 
101.0 32.0 
101.0 32.0 
101.0 32.0 
101.0 32.0 
101.0 32.0 
101.0 32.0 
101.0 32.0 
101.0 32.0 
120.0 29.0 
120.0 29.0 
101.0 33.0 
101.0 33.0 
103.0 31.0 
119.0 30.0 
102.0 32.0 
119.0 30.0 
119.0 30.0 
119.0 30.0 
119.0 30.0 
119.0 30.0 
119.0 30.0 
119.0 30.0 
101.0 33.0 
101.0 33.0 
