155.0 64.0 
183.0 57.0 
213.0 53.0 
169.0 59.0 
157.0 65.0 
203.0 57.0 
203.0 57.0 
202.0 58.0 
218.0 55.0 
216.0 56.0 
192.0 59.0 
174.0 61.0 
159.0 87.0 
158.0 115.0 
161.0 66.0 
222.0 55.0 
219.0 58.0 
219.0 58.0 
219.0 58.0 
219.0 58.0 
219.0 58.0 
219.0 58.0 
194.0 59.0 
176.0 63.0 
187.0 62.0 
192.0 61.0 
163.0 69.0 
165.0 66.0 
161.0 80.0 
164.0 67.0 
164.0 67.0 
164.0 67.0 
223.0 56.0 
197.0 59.0 
194.0 60.0 
180.0 63.0 
179.0 65.0 
178.0 66.0 
161.0 82.0 
165.0 68.0 
165.0 68.0 
164.0 70.0 
176.0 67.0 
224.0 56.0 
224.0 56.0 
224.0 56.0 
201.0 60.0 
198.0 63.0 
198.0 63.0 
180.0 66.0 
163.0 84.0 
166.0 69.0 
168.0 68.0 
164.0 82.0 
165.0 71.0 
228.0 57.0 
225.0 58.0 
225.0 58.0 
206.0 60.0 
206.0 60.0 
206.0 60.0 
206.0 60.0 
202.0 62.0 
199.0 65.0 
200.0 63.0 
182.0 66.0 
182.0 66.0 
163.0 91.0 
173.0 68.0 
165.0 72.0 
229.0 57.0 
225.0 59.0 
225.0 59.0 
225.0 59.0 
227.0 58.0 
208.0 61.0 
208.0 61.0 
220.0 60.0 
202.0 63.0 
183.0 66.0 
183.0 66.0 
163.0 102.0 
173.0 70.0 
182.0 68.0 
174.0 69.0 
182.0 68.0 
167.0 72.0 
165.0 73.0 
243.0 57.0 
238.0 58.0 
227.0 59.0 
213.0 61.0 
207.0 64.0 
204.0 65.0 
208.0 63.0 
208.0 63.0 
163.0 111.0 
232.0 59.0 
165.0 80.0 
205.0 65.0 
