1706.0 604.0 
1780.0 554.0 
1695.0 609.0 
1726.0 584.0 
1763.0 555.0 
1807.0 544.0 
1692.0 610.0 
1727.0 578.0 
1794.0 553.0 
1763.0 555.0 
1684.0 614.0 
1695.0 609.0 
1810.0 537.0 
1805.0 549.0 
1711.0 591.0 
1794.0 553.0 
1747.0 571.0 
1687.0 612.0 
1684.0 614.0 
1763.0 555.0 
1736.0 575.0 
1714.0 587.0 
1706.0 604.0 
1701.0 606.0 
1760.0 556.0 
1749.0 566.0 
1810.0 537.0 
1782.0 554.0 
1782.0 554.0 
1728.0 586.0 
1728.0 586.0 
1807.0 549.0 
1805.0 550.0 
1805.0 550.0 
1807.0 549.0 
1711.0 595.0 
1748.0 571.0 
1687.0 617.0 
1687.0 617.0 
1687.0 617.0 
1686.0 618.0 
1695.0 614.0 
1688.0 616.0 
1691.0 615.0 
1764.0 555.0 
1736.0 577.0 
1725.0 587.0 
1714.0 591.0 
1703.0 606.0 
1702.0 613.0 
1702.0 613.0 
1702.0 613.0 
1762.0 557.0 
1750.0 568.0 
1752.0 567.0 
1824.0 540.0 
1816.0 545.0 
1817.0 544.0 
1826.0 538.0 
1824.0 540.0 
1817.0 544.0 
1827.0 537.0 
1824.0 540.0 
1827.0 537.0 
1735.0 586.0 
1810.0 549.0 
1713.0 603.0 
1687.0 618.0 
1687.0 618.0 
1764.0 556.0 
1806.0 555.0 
1740.0 577.0 
1728.0 590.0 
1734.0 587.0 
1728.0 590.0 
1714.0 594.0 
1725.0 592.0 
1703.0 607.0 
1753.0 567.0 
1818.0 547.0 
1818.0 547.0 
1826.0 544.0 
1827.0 541.0 
1827.0 541.0 
1698.0 618.0 
1698.0 618.0 
1837.0 541.0 
1837.0 541.0 
1784.0 556.0 
1714.0 596.0 
1809.0 555.0 
1767.0 557.0 
1823.0 547.0 
1742.0 586.0 
1706.0 610.0 
1761.0 575.0 
1747.0 578.0 
1762.0 568.0 
1811.0 550.0 
1751.0 577.0 
