220.0 88.0 
242.0 77.0 
213.0 89.0 
230.0 84.0 
200.0 110.0 
231.0 82.0 
240.0 79.0 
260.0 77.0 
214.0 96.0 
211.0 129.0 
233.0 86.0 
231.0 87.0 
241.0 82.0 
263.0 79.0 
217.0 106.0 
219.0 98.0 
215.0 134.0 
239.0 86.0 
239.0 86.0 
236.0 90.0 
238.0 88.0 
236.0 90.0 
238.0 88.0 
234.0 91.0 
217.0 121.0 
222.0 114.0 
228.0 106.0 
231.0 98.0 
229.0 100.0 
247.0 87.0 
254.0 86.0 
238.0 90.0 
235.0 94.0 
237.0 91.0 
236.0 93.0 
217.0 134.0 
224.0 115.0 
222.0 126.0 
232.0 99.0 
234.0 98.0 
229.0 104.0 
248.0 88.0 
258.0 86.0 
254.0 87.0 
239.0 91.0 
239.0 91.0 
239.0 91.0 
239.0 91.0 
237.0 95.0 
217.0 145.0 
225.0 124.0 
226.0 115.0 
223.0 127.0 
236.0 99.0 
234.0 102.0 
233.0 104.0 
233.0 104.0 
233.0 104.0 
249.0 88.0 
258.0 87.0 
240.0 91.0 
240.0 91.0 
239.0 94.0 
222.0 156.0 
227.0 124.0 
228.0 117.0 
224.0 137.0 
226.0 132.0 
223.0 138.0 
238.0 99.0 
238.0 99.0 
235.0 102.0 
234.0 111.0 
233.0 115.0 
253.0 88.0 
253.0 88.0 
253.0 88.0 
253.0 88.0 
252.0 90.0 
271.0 87.0 
240.0 92.0 
239.0 96.0 
232.0 125.0 
232.0 125.0 
232.0 125.0 
229.0 132.0 
223.0 145.0 
227.0 138.0 
235.0 106.0 
238.0 102.0 
238.0 102.0 
235.0 106.0 
236.0 105.0 
276.0 90.0 
240.0 95.0 
242.0 92.0 
229.0 136.0 
284.0 90.0 
270.0 92.0 
247.0 93.0 
