11.0 23.0 
24.0 11.0 
12.0 15.0 
30.0 10.0 
22.0 13.0 
12.0 15.0 
11.0 26.0 
11.0 26.0 
25.0 12.0 
13.0 15.0 
12.0 19.0 
11.0 28.0 
28.0 12.0 
28.0 12.0 
25.0 13.0 
13.0 16.0 
13.0 16.0 
13.0 16.0 
13.0 16.0 
13.0 16.0 
20.0 15.0 
20.0 15.0 
13.0 16.0 
12.0 23.0 
12.0 23.0 
11.0 29.0 
32.0 14.0 
33.0 13.0 
33.0 13.0 
33.0 13.0 
21.0 15.0 
21.0 15.0 
13.0 22.0 
18.0 16.0 
16.0 18.0 
13.0 22.0 
12.0 24.0 
11.0 30.0 
35.0 13.0 
22.0 15.0 
19.0 16.0 
18.0 19.0 
17.0 21.0 
17.0 21.0 
17.0 21.0 
13.0 24.0 
37.0 13.0 
37.0 13.0 
37.0 13.0 
37.0 13.0 
24.0 15.0 
22.0 17.0 
19.0 18.0 
22.0 17.0 
18.0 20.0 
18.0 20.0 
15.0 24.0 
13.0 25.0 
15.0 24.0 
13.0 25.0 
38.0 14.0 
27.0 15.0 
20.0 19.0 
20.0 19.0 
23.0 17.0 
18.0 21.0 
19.0 20.0 
14.0 25.0 
13.0 29.0 
29.0 15.0 
27.0 16.0 
29.0 15.0 
29.0 15.0 
21.0 19.0 
23.0 18.0 
24.0 17.0 
18.0 22.0 
20.0 20.0 
15.0 25.0 
14.0 26.0 
13.0 32.0 
38.0 15.0 
38.0 15.0 
14.0 35.0 
28.0 16.0 
15.0 27.0 
18.0 24.0 
21.0 20.0 
16.0 25.0 
25.0 17.0 
19.0 22.0 
22.0 19.0 
25.0 17.0 
22.0 19.0 
19.0 22.0 
15.0 27.0 
38.0 15.0 
38.0 15.0 
25.0 17.0 
19.0 22.0 
