42.0 17.0 
27.0 28.0 
45.0 15.0 
34.0 19.0 
33.0 25.0 
27.0 28.0 
42.0 17.0 
36.0 18.0 
66.0 15.0 
66.0 15.0 
35.0 22.0 
34.0 25.0 
32.0 33.0 
28.0 36.0 
32.0 33.0 
36.0 21.0 
40.0 18.0 
35.0 26.0 
35.0 26.0 
31.0 36.0 
37.0 21.0 
37.0 21.0 
37.0 21.0 
41.0 18.0 
35.0 33.0 
36.0 30.0 
35.0 33.0 
34.0 36.0 
37.0 29.0 
38.0 26.0 
37.0 29.0 
37.0 29.0 
39.0 21.0 
42.0 18.0 
37.0 30.0 
37.0 30.0 
37.0 30.0 
37.0 30.0 
37.0 30.0 
37.0 30.0 
39.0 22.0 
43.0 19.0 
43.0 19.0 
43.0 19.0 
42.0 21.0 
42.0 21.0 
42.0 21.0 
49.0 18.0 
37.0 34.0 
38.0 33.0 
37.0 34.0 
39.0 25.0 
40.0 22.0 
44.0 19.0 
52.0 18.0 
37.0 49.0 
39.0 31.0 
40.0 23.0 
51.0 19.0 
44.0 20.0 
63.0 18.0 
39.0 35.0 
39.0 35.0 
40.0 24.0 
53.0 20.0 
45.0 21.0 
45.0 21.0 
44.0 23.0 
68.0 19.0 
68.0 19.0 
39.0 36.0 
39.0 36.0 
41.0 25.0 
40.0 32.0 
48.0 21.0 
45.0 22.0 
75.0 20.0 
75.0 20.0 
39.0 38.0 
39.0 38.0 
39.0 38.0 
43.0 25.0 
43.0 25.0 
41.0 26.0 
43.0 25.0 
43.0 25.0 
40.0 33.0 
49.0 21.0 
49.0 21.0 
49.0 21.0 
46.0 22.0 
46.0 22.0 
46.0 22.0 
46.0 22.0 
39.0 39.0 
41.0 27.0 
43.0 26.0 
51.0 21.0 
47.0 22.0 
39.0 41.0 
