5942.0 1346.0 
6001.0 1325.0 
6479.0 1202.0 
6330.0 1418.0 
6190.0 1425.0 
6490.0 1203.0 
7487.0 1280.0 
6523.0 1397.0 
6846.0 1336.0 
6536.0 1369.0 
8656.0 1248.0 
7487.0 1280.0 
7123.0 1340.0 
6619.0 1444.0 
6912.0 1400.0 
6564.0 1600.0 
6854.0 1421.0 
7570.0 1320.0 
8745.0 1284.0 
6706.0 1572.0 
7295.0 1423.0 
7172.0 1494.0 
6993.0 1506.0 
7059.0 1498.0 
7718.0 1399.0 
8090.0 1334.0 
8077.0 1370.0 
6753.0 1601.0 
6942.0 1573.0 
7354.0 1478.0 
7380.0 1426.0 
7070.0 1514.0 
8524.0 1362.0 
8086.0 1423.0 
6839.0 1693.0 
6871.0 1679.0 
6963.0 1624.0 
7402.0 1478.0 
7881.0 1458.0 
7071.0 1565.0 
7157.0 1530.0 
7277.0 1523.0 
9527.0 1365.0 
8693.0 1452.0 
9242.0 1451.0 
6994.0 1684.0 
7004.0 1660.0 
7797.0 1505.0 
7528.0 1513.0 
7429.0 1518.0 
7929.0 1471.0 
8105.0 1468.0 
8503.0 1463.0 
8503.0 1463.0 
7080.0 1597.0 
7173.0 1531.0 
7223.0 1530.0 
10365.0 1409.0 
9676.0 1426.0 
7064.0 1759.0 
7840.0 1512.0 
7861.0 1505.0 
8100.0 1485.0 
8099.0 1492.0 
8176.0 1481.0 
7116.0 1690.0 
7157.0 1632.0 
7468.0 1556.0 
7537.0 1540.0 
7252.0 1586.0 
10351.0 1428.0 
9938.0 1474.0 
7963.0 1529.0 
8863.0 1483.0 
8848.0 1506.0 
8200.0 1507.0 
7239.0 1635.0 
7159.0 1736.0 
7224.0 1654.0 
7590.0 1563.0 
7378.0 1619.0 
7561.0 1604.0 
7555.0 1612.0 
11083.0 1459.0 
10354.0 1482.0 
9126.0 1503.0 
10339.0 1483.0 
8445.0 1508.0 
7335.0 1762.0 
7230.0 1774.0 
7903.0 1583.0 
7944.0 1564.0 
7624.0 1598.0 
7406.0 1698.0 
7418.0 1651.0 
11118.0 1468.0 
10482.0 1485.0 
7384.0 1787.0 
9408.0 1509.0 
10347.0 1503.0 
