2280.0 625.0 
2069.0 678.0 
2165.0 640.0 
2311.0 600.0 
2258.0 635.0 
2057.0 693.0 
2278.0 632.0 
2288.0 613.0 
2092.0 644.0 
2300.0 612.0 
2278.0 632.0 
2258.0 635.0 
2345.0 593.0 
2053.0 703.0 
2196.0 640.0 
2170.0 642.0 
2321.0 604.0 
2329.0 602.0 
2321.0 604.0 
2072.0 695.0 
2070.0 697.0 
2066.0 700.0 
2291.0 623.0 
2098.0 673.0 
2146.0 649.0 
2106.0 672.0 
2116.0 671.0 
2096.0 681.0 
2106.0 672.0 
2121.0 664.0 
2310.0 619.0 
2278.0 636.0 
2260.0 637.0 
2433.0 601.0 
2247.0 640.0 
2247.0 640.0 
2172.0 644.0 
2344.0 603.0 
2365.0 602.0 
2344.0 603.0 
2330.0 605.0 
2089.0 697.0 
2066.0 709.0 
2076.0 701.0 
2066.0 709.0 
2307.0 631.0 
2299.0 632.0 
2098.0 674.0 
2159.0 651.0 
2154.0 662.0 
2155.0 660.0 
2097.0 682.0 
2097.0 682.0 
2097.0 682.0 
2108.0 673.0 
2129.0 667.0 
2132.0 665.0 
2129.0 667.0 
2121.0 669.0 
2317.0 620.0 
2317.0 620.0 
2313.0 628.0 
2176.0 647.0 
2176.0 647.0 
2388.0 602.0 
2366.0 608.0 
2365.0 611.0 
2336.0 614.0 
2366.0 608.0 
2077.0 702.0 
2078.0 701.0 
2304.0 633.0 
2103.0 674.0 
2156.0 664.0 
2173.0 660.0 
2102.0 685.0 
2102.0 685.0 
2102.0 685.0 
2101.0 689.0 
2101.0 689.0 
2101.0 689.0 
2098.0 693.0 
2130.0 670.0 
2135.0 669.0 
2317.0 628.0 
2317.0 628.0 
2553.0 603.0 
2077.0 742.0 
2316.0 639.0 
2515.0 604.0 
2190.0 648.0 
2395.0 605.0 
2085.0 712.0 
2098.0 709.0 
2103.0 685.0 
2343.0 627.0 
2321.0 631.0 
2389.0 612.0 
2362.0 614.0 
2349.0 617.0 
