411.0 132.0 
304.0 136.0 
299.0 161.0 
345.0 138.0 
330.0 148.0 
344.0 140.0 
353.0 136.0 
318.0 153.0 
342.0 147.0 
309.0 155.0 
331.0 148.0 
349.0 141.0 
346.0 145.0 
363.0 137.0 
386.0 136.0 
320.0 164.0 
332.0 148.0 
350.0 143.0 
366.0 137.0 
436.0 136.0 
329.0 167.0 
329.0 167.0 
325.0 169.0 
325.0 169.0 
342.0 151.0 
342.0 151.0 
332.0 157.0 
346.0 149.0 
356.0 144.0 
352.0 148.0 
382.0 138.0 
415.0 137.0 
329.0 168.0 
343.0 156.0 
342.0 161.0 
338.0 167.0 
348.0 150.0 
358.0 145.0 
359.0 144.0 
387.0 142.0 
404.0 138.0 
336.0 168.0 
330.0 173.0 
336.0 168.0 
345.0 165.0 
348.0 160.0 
349.0 150.0 
364.0 147.0 
379.0 145.0 
394.0 143.0 
419.0 142.0 
430.0 139.0 
342.0 171.0 
341.0 174.0 
336.0 177.0 
348.0 165.0 
350.0 156.0 
350.0 156.0 
369.0 148.0 
368.0 150.0 
368.0 150.0 
381.0 146.0 
381.0 146.0 
393.0 145.0 
433.0 141.0 
433.0 141.0 
433.0 141.0 
347.0 172.0 
346.0 176.0 
346.0 176.0 
339.0 179.0 
338.0 204.0 
352.0 165.0 
356.0 156.0 
373.0 149.0 
378.0 148.0 
370.0 152.0 
371.0 150.0 
472.0 145.0 
351.0 177.0 
340.0 179.0 
354.0 166.0 
357.0 156.0 
377.0 149.0 
392.0 148.0 
346.0 184.0 
363.0 160.0 
358.0 170.0 
388.0 149.0 
381.0 153.0 
379.0 157.0 
383.0 151.0 
405.0 148.0 
405.0 148.0 
349.0 187.0 
444.0 148.0 
350.0 203.0 
396.0 149.0 
356.0 188.0 
383.0 152.0 
