633.0 338.0 
997.0 308.0 
2055.0 277.0 
2229.0 275.0 
2346.0 258.0 
923.0 309.0 
758.0 332.0 
1832.0 286.0 
849.0 327.0 
582.0 339.0 
581.0 376.0 
1277.0 293.0 
2174.0 282.0 
2332.0 281.0 
924.0 312.0 
1268.0 309.0 
770.0 333.0 
848.0 332.0 
1898.0 289.0 
1957.0 287.0 
740.0 347.0 
602.0 354.0 
594.0 376.0 
1889.0 293.0 
1889.0 293.0 
1361.0 295.0 
1889.0 293.0 
2337.0 282.0 
963.0 319.0 
950.0 329.0 
963.0 319.0 
895.0 343.0 
855.0 344.0 
1919.0 291.0 
2126.0 287.0 
1959.0 289.0 
2106.0 288.0 
834.0 347.0 
745.0 351.0 
621.0 365.0 
621.0 365.0 
633.0 357.0 
658.0 355.0 
605.0 375.0 
604.0 396.0 
1862.0 300.0 
1772.0 304.0 
1438.0 315.0 
1427.0 318.0 
1490.0 308.0 
2337.0 283.0 
953.0 334.0 
1041.0 328.0 
1141.0 325.0 
1141.0 325.0 
1041.0 328.0 
1016.0 330.0 
1193.0 320.0 
868.0 346.0 
1978.0 293.0 
1973.0 296.0 
2258.0 288.0 
831.0 352.0 
638.0 368.0 
680.0 365.0 
755.0 356.0 
618.0 375.0 
1849.0 307.0 
1468.0 319.0 
1576.0 316.0 
1576.0 316.0 
1781.0 308.0 
1619.0 313.0 
955.0 337.0 
1187.0 327.0 
1175.0 329.0 
1090.0 334.0 
1145.0 332.0 
1203.0 320.0 
896.0 346.0 
882.0 350.0 
2034.0 294.0 
2024.0 299.0 
1980.0 302.0 
1977.0 306.0 
2348.0 293.0 
663.0 368.0 
661.0 370.0 
685.0 366.0 
770.0 357.0 
815.0 356.0 
618.0 391.0 
631.0 375.0 
620.0 377.0 
1825.0 308.0 
1689.0 317.0 
1820.0 316.0 
1641.0 318.0 
2228.0 294.0 
624.0 420.0 
