2010.0 234.0 
496.0 347.0 
1657.0 241.0 
982.0 277.0 
2072.0 222.0 
527.0 312.0 
2015.0 228.0 
685.0 285.0 
1264.0 257.0 
501.0 341.0 
497.0 344.0 
594.0 293.0 
522.0 334.0 
1040.0 268.0 
2073.0 218.0 
982.0 277.0 
1051.0 262.0 
1372.0 255.0 
1835.0 241.0 
1824.0 248.0 
550.0 323.0 
550.0 323.0 
547.0 325.0 
2023.0 228.0 
2019.0 231.0 
792.0 291.0 
863.0 288.0 
514.0 342.0 
508.0 345.0 
497.0 367.0 
498.0 350.0 
636.0 294.0 
601.0 297.0 
636.0 294.0 
524.0 336.0 
523.0 339.0 
2091.0 222.0 
993.0 283.0 
1179.0 271.0 
1141.0 280.0 
1163.0 278.0 
1323.0 262.0 
1231.0 266.0 
1179.0 271.0 
1524.0 256.0 
1524.0 256.0 
1822.0 255.0 
1904.0 245.0 
1838.0 246.0 
1835.0 252.0 
568.0 324.0 
575.0 323.0 
559.0 328.0 
549.0 334.0 
549.0 334.0 
2024.0 243.0 
2034.0 234.0 
851.0 293.0 
851.0 293.0 
919.0 288.0 
509.0 348.0 
505.0 354.0 
501.0 388.0 
501.0 388.0 
627.0 300.0 
627.0 300.0 
602.0 311.0 
687.0 295.0 
537.0 338.0 
523.0 340.0 
2150.0 222.0 
2149.0 231.0 
1050.0 285.0 
1050.0 285.0 
1002.0 287.0 
1050.0 285.0 
1469.0 262.0 
1234.0 267.0 
1198.0 281.0 
1188.0 282.0 
1188.0 282.0 
1198.0 281.0 
1706.0 257.0 
1530.0 260.0 
1544.0 258.0 
509.0 391.0 
2189.0 230.0 
1636.0 263.0 
511.0 354.0 
1298.0 267.0 
804.0 299.0 
1003.0 291.0 
584.0 331.0 
1221.0 286.0 
625.0 316.0 
2054.0 239.0 
1994.0 245.0 
636.0 307.0 
794.0 304.0 
1884.0 249.0 
