353.0 280.0 
357.0 261.0 
389.0 245.0 
1114.0 157.0 
389.0 245.0 
469.0 212.0 
900.0 172.0 
1033.0 160.0 
469.0 212.0 
936.0 168.0 
1761.0 132.0 
469.0 212.0 
900.0 172.0 
479.0 209.0 
485.0 204.0 
776.0 181.0 
393.0 244.0 
936.0 168.0 
489.0 201.0 
1787.0 128.0 
378.0 256.0 
1598.0 140.0 
1294.0 150.0 
1376.0 144.0 
1598.0 140.0 
1763.0 131.0 
1114.0 157.0 
489.0 201.0 
554.0 192.0 
1033.0 160.0 
1006.0 163.0 
566.0 189.0 
1136.0 155.0 
489.0 201.0 
1294.0 150.0 
925.0 170.0 
434.0 219.0 
838.0 179.0 
1787.0 128.0 
776.0 181.0 
455.0 213.0 
809.0 180.0 
357.0 261.0 
1033.0 160.0 
1652.0 133.0 
566.0 189.0 
1297.0 147.0 
500.0 193.0 
689.0 183.0 
718.0 182.0 
1790.0 127.0 
610.0 188.0 
397.0 243.0 
1780.0 130.0 
1807.0 125.0 
1136.0 155.0 
842.0 175.0 
482.0 208.0 
900.0 172.0 
434.0 219.0 
838.0 179.0 
1074.0 158.0 
357.0 281.0 
1811.0 128.0 
1406.0 144.0 
397.0 245.0 
1600.0 141.0 
369.0 262.0 
431.0 244.0 
376.0 261.0 
1297.0 151.0 
435.0 227.0 
503.0 193.0 
1676.0 134.0 
1142.0 155.0 
445.0 221.0 
1761.0 133.0 
707.0 186.0 
1653.0 139.0 
613.0 189.0 
810.0 181.0 
464.0 213.0 
1009.0 164.0 
613.0 189.0 
1347.0 148.0 
499.0 201.0 
1060.0 161.0 
842.0 176.0 
464.0 213.0 
901.0 173.0 
958.0 168.0 
1784.0 130.0 
1379.0 147.0 
927.0 170.0 
1297.0 151.0 
865.0 175.0 
771.0 183.0 
1600.0 141.0 
1033.0 162.0 
755.0 184.0 
