321.0 255.0 
1778.0 117.0 
321.0 255.0 
1778.0 117.0 
368.0 229.0 
372.0 197.0 
1206.0 138.0 
1071.0 141.0 
438.0 187.0 
343.0 232.0 
341.0 245.0 
1319.0 135.0 
1555.0 126.0 
1424.0 129.0 
1025.0 145.0 
548.0 180.0 
1319.0 135.0 
882.0 152.0 
1713.0 119.0 
330.0 246.0 
375.0 193.0 
1401.0 132.0 
1626.0 124.0 
830.0 157.0 
830.0 157.0 
1562.0 125.0 
984.0 146.0 
469.0 181.0 
648.0 169.0 
1770.0 118.0 
648.0 169.0 
788.0 161.0 
590.0 173.0 
882.0 152.0 
450.0 184.0 
942.0 150.0 
1648.0 122.0 
375.0 193.0 
976.0 149.0 
703.0 166.0 
1692.0 121.0 
569.0 176.0 
788.0 161.0 
600.0 172.0 
942.0 150.0 
1417.0 130.0 
703.0 166.0 
569.0 176.0 
727.0 164.0 
757.0 163.0 
457.0 182.0 
1401.0 132.0 
372.0 197.0 
600.0 172.0 
757.0 163.0 
1424.0 129.0 
1555.0 126.0 
368.0 229.0 
343.0 232.0 
726.0 165.0 
1692.0 121.0 
548.0 180.0 
1643.0 123.0 
469.0 181.0 
330.0 246.0 
976.0 149.0 
1643.0 123.0 
341.0 245.0 
726.0 165.0 
1319.0 135.0 
1555.0 126.0 
882.0 152.0 
375.0 193.0 
1424.0 129.0 
1401.0 132.0 
703.0 166.0 
372.0 197.0 
757.0 163.0 
368.0 229.0 
600.0 172.0 
548.0 180.0 
330.0 246.0 
1643.0 123.0 
341.0 245.0 
726.0 165.0 
1319.0 135.0 
1555.0 126.0 
703.0 166.0 
375.0 193.0 
757.0 163.0 
600.0 172.0 
368.0 229.0 
548.0 180.0 
726.0 165.0 
1319.0 135.0 
548.0 180.0 
600.0 172.0 
368.0 229.0 
375.0 193.0 
726.0 165.0 
