77.0 44.0 
122.0 32.0 
77.0 44.0 
122.0 32.0 
116.0 34.0 
98.0 35.0 
86.0 37.0 
98.0 35.0 
82.0 39.0 
80.0 42.0 
86.0 37.0 
116.0 34.0 
82.0 39.0 
80.0 42.0 
122.0 32.0 
77.0 44.0 
116.0 34.0 
82.0 39.0 
80.0 42.0 
122.0 32.0 
77.0 44.0 
82.0 39.0 
80.0 42.0 
122.0 32.0 
77.0 44.0 
82.0 39.0 
80.0 42.0 
122.0 32.0 
77.0 44.0 
82.0 39.0 
80.0 42.0 
122.0 32.0 
77.0 44.0 
82.0 39.0 
80.0 42.0 
122.0 32.0 
77.0 44.0 
82.0 39.0 
80.0 42.0 
77.0 44.0 
80.0 42.0 
80.0 42.0 
80.0 42.0 
77.0 44.0 
80.0 42.0 
80.0 42.0 
80.0 42.0 
77.0 44.0 
80.0 42.0 
80.0 42.0 
77.0 44.0 
77.0 44.0 
80.0 42.0 
77.0 44.0 
80.0 42.0 
82.0 39.0 
82.0 39.0 
77.0 44.0 
80.0 42.0 
80.0 42.0 
122.0 32.0 
122.0 32.0 
80.0 42.0 
82.0 39.0 
80.0 42.0 
80.0 42.0 
77.0 44.0 
77.0 44.0 
77.0 44.0 
77.0 44.0 
122.0 32.0 
122.0 32.0 
82.0 39.0 
77.0 44.0 
82.0 39.0 
82.0 39.0 
80.0 42.0 
122.0 32.0 
82.0 39.0 
82.0 39.0 
77.0 44.0 
122.0 32.0 
80.0 42.0 
122.0 32.0 
80.0 42.0 
77.0 44.0 
80.0 42.0 
80.0 42.0 
82.0 39.0 
82.0 39.0 
80.0 42.0 
80.0 42.0 
80.0 42.0 
122.0 32.0 
77.0 44.0 
77.0 44.0 
82.0 39.0 
122.0 32.0 
82.0 39.0 
80.0 42.0 
