74.0 57.0 
87.0 59.0 
77.0 67.0 
94.0 61.0 
79.0 70.0 
89.0 69.0 
95.0 68.0 
104.0 64.0 
145.0 62.0 
96.0 80.0 
98.0 75.0 
107.0 68.0 
107.0 68.0 
119.0 67.0 
120.0 65.0 
99.0 88.0 
100.0 76.0 
107.0 69.0 
111.0 68.0 
101.0 78.0 
101.0 78.0 
107.0 75.0 
108.0 72.0 
119.0 68.0 
119.0 68.0 
103.0 78.0 
101.0 79.0 
107.0 77.0 
116.0 74.0 
120.0 73.0 
122.0 68.0 
101.0 82.0 
110.0 78.0 
117.0 74.0 
117.0 74.0 
123.0 70.0 
105.0 83.0 
108.0 82.0 
102.0 84.0 
112.0 80.0 
111.0 81.0 
121.0 79.0 
139.0 71.0 
132.0 74.0 
139.0 71.0 
125.0 75.0 
103.0 99.0 
109.0 84.0 
104.0 86.0 
103.0 99.0 
120.0 80.0 
116.0 81.0 
128.0 75.0 
112.0 84.0 
111.0 85.0 
107.0 89.0 
105.0 94.0 
110.0 87.0 
127.0 80.0 
127.0 80.0 
116.0 83.0 
116.0 83.0 
117.0 81.0 
131.0 76.0 
115.0 85.0 
130.0 80.0 
122.0 81.0 
120.0 82.0 
133.0 79.0 
139.0 76.0 
133.0 79.0 
134.0 77.0 
116.0 86.0 
118.0 85.0 
115.0 88.0 
128.0 83.0 
123.0 84.0 
179.0 76.0 
134.0 78.0 
147.0 77.0 
118.0 87.0 
116.0 93.0 
125.0 84.0 
134.0 82.0 
138.0 79.0 
158.0 78.0 
121.0 91.0 
124.0 88.0 
123.0 89.0 
121.0 91.0 
131.0 85.0 
133.0 84.0 
136.0 82.0 
156.0 79.0 
141.0 80.0 
121.0 95.0 
147.0 82.0 
126.0 93.0 
134.0 84.0 
138.0 83.0 
