30.0 13.0 
56.0 12.0 
30.0 13.0 
56.0 12.0 
40.0 13.0 
31.0 16.0 
51.0 14.0 
50.0 15.0 
61.0 13.0 
50.0 15.0 
31.0 17.0 
37.0 16.0 
37.0 16.0 
37.0 16.0 
55.0 14.0 
51.0 15.0 
51.0 15.0 
33.0 17.0 
31.0 21.0 
38.0 16.0 
63.0 14.0 
63.0 14.0 
53.0 15.0 
53.0 15.0 
53.0 15.0 
34.0 20.0 
38.0 17.0 
44.0 16.0 
44.0 16.0 
44.0 16.0 
54.0 15.0 
37.0 20.0 
35.0 21.0 
37.0 20.0 
37.0 20.0 
35.0 21.0 
35.0 21.0 
42.0 17.0 
42.0 17.0 
38.0 19.0 
42.0 17.0 
42.0 17.0 
48.0 16.0 
48.0 16.0 
48.0 16.0 
48.0 16.0 
55.0 15.0 
55.0 15.0 
36.0 23.0 
39.0 20.0 
41.0 19.0 
41.0 19.0 
43.0 17.0 
49.0 16.0 
57.0 15.0 
38.0 23.0 
38.0 23.0 
39.0 21.0 
39.0 21.0 
42.0 19.0 
42.0 19.0 
42.0 19.0 
42.0 19.0 
42.0 19.0 
46.0 17.0 
46.0 17.0 
43.0 18.0 
53.0 16.0 
58.0 15.0 
41.0 21.0 
40.0 24.0 
50.0 17.0 
50.0 17.0 
45.0 18.0 
43.0 20.0 
43.0 20.0 
43.0 20.0 
43.0 20.0 
43.0 20.0 
43.0 20.0 
43.0 20.0 
43.0 20.0 
55.0 16.0 
55.0 16.0 
55.0 16.0 
55.0 16.0 
66.0 15.0 
42.0 21.0 
41.0 23.0 
46.0 18.0 
46.0 18.0 
45.0 19.0 
45.0 19.0 
46.0 18.0 
56.0 17.0 
56.0 17.0 
60.0 16.0 
60.0 16.0 
41.0 24.0 
61.0 16.0 
