221.0 101.0 
224.0 98.0 
287.0 77.0 
294.0 75.0 
287.0 77.0 
224.0 98.0 
229.0 81.0 
229.0 81.0 
204.0 109.0 
218.0 106.0 
224.0 102.0 
245.0 81.0 
240.0 83.0 
245.0 81.0 
229.0 84.0 
219.0 107.0 
278.0 81.0 
253.0 83.0 
231.0 100.0 
231.0 100.0 
241.0 84.0 
241.0 84.0 
235.0 85.0 
219.0 109.0 
283.0 82.0 
283.0 82.0 
266.0 83.0 
238.0 98.0 
235.0 99.0 
247.0 91.0 
245.0 92.0 
248.0 88.0 
235.0 99.0 
247.0 91.0 
239.0 93.0 
220.0 109.0 
220.0 109.0 
267.0 85.0 
276.0 83.0 
254.0 88.0 
235.0 102.0 
253.0 91.0 
240.0 98.0 
246.0 96.0 
247.0 93.0 
246.0 96.0 
224.0 111.0 
220.0 117.0 
224.0 111.0 
233.0 109.0 
274.0 87.0 
278.0 83.0 
258.0 90.0 
264.0 88.0 
254.0 91.0 
244.0 103.0 
244.0 103.0 
244.0 103.0 
242.0 104.0 
244.0 103.0 
251.0 94.0 
247.0 96.0 
246.0 98.0 
224.0 112.0 
224.0 112.0 
236.0 109.0 
286.0 83.0 
286.0 83.0 
283.0 85.0 
268.0 88.0 
267.0 89.0 
257.0 93.0 
242.0 108.0 
245.0 105.0 
251.0 96.0 
246.0 104.0 
247.0 99.0 
246.0 104.0 
247.0 99.0 
225.0 112.0 
225.0 112.0 
225.0 112.0 
239.0 109.0 
239.0 109.0 
289.0 83.0 
289.0 83.0 
227.0 118.0 
227.0 118.0 
247.0 100.0 
236.0 114.0 
245.0 108.0 
278.0 88.0 
231.0 115.0 
241.0 110.0 
257.0 95.0 
267.0 92.0 
284.0 86.0 
272.0 91.0 
286.0 85.0 
250.0 99.0 
