679.0 360.0 
1960.0 302.0 
1246.0 340.0 
1664.0 312.0 
808.0 350.0 
679.0 360.0 
1400.0 348.0 
1807.0 318.0 
1211.0 355.0 
684.0 441.0 
753.0 377.0 
1164.0 366.0 
897.0 370.0 
812.0 372.0 
737.0 436.0 
1942.0 324.0 
1858.0 361.0 
1246.0 365.0 
1624.0 363.0 
753.0 383.0 
792.0 378.0 
1067.0 373.0 
949.0 377.0 
2005.0 325.0 
1969.0 362.0 
1299.0 367.0 
785.0 401.0 
778.0 407.0 
841.0 387.0 
1247.0 375.0 
972.0 380.0 
1178.0 378.0 
2016.0 326.0 
1537.0 372.0 
1700.0 367.0 
809.0 402.0 
863.0 392.0 
877.0 388.0 
984.0 384.0 
1396.0 378.0 
1295.0 382.0 
1298.0 379.0 
2028.0 340.0 
1797.0 370.0 
1709.0 377.0 
835.0 415.0 
844.0 404.0 
839.0 405.0 
865.0 401.0 
912.0 389.0 
1002.0 386.0 
1554.0 378.0 
1297.0 384.0 
1404.0 381.0 
1360.0 382.0 
1406.0 379.0 
2262.0 340.0 
2039.0 360.0 
2052.0 352.0 
1822.0 373.0 
1804.0 374.0 
848.0 407.0 
883.0 406.0 
933.0 389.0 
1617.0 378.0 
1351.0 386.0 
1549.0 379.0 
1478.0 383.0 
2063.0 354.0 
848.0 447.0 
852.0 420.0 
901.0 413.0 
939.0 389.0 
1943.0 381.0 
1565.0 386.0 
2155.0 355.0 
2318.0 354.0 
2318.0 354.0 
854.0 435.0 
858.0 421.0 
905.0 415.0 
927.0 414.0 
950.0 412.0 
987.0 389.0 
2005.0 381.0 
1970.0 384.0 
1683.0 387.0 
2168.0 372.0 
866.0 459.0 
2021.0 385.0 
1131.0 389.0 
867.0 439.0 
1020.0 405.0 
1078.0 400.0 
870.0 429.0 
1083.0 394.0 
948.0 415.0 
921.0 419.0 
1010.0 412.0 
892.0 426.0 
