1968.0 239.0 
515.0 317.0 
2081.0 222.0 
502.0 325.0 
2019.0 231.0 
1556.0 259.0 
2079.0 230.0 
713.0 266.0 
1947.0 256.0 
1979.0 235.0 
640.0 306.0 
555.0 317.0 
513.0 325.0 
1821.0 259.0 
1783.0 260.0 
1748.0 264.0 
864.0 305.0 
1384.0 277.0 
877.0 294.0 
977.0 291.0 
934.0 292.0 
1384.0 277.0 
1507.0 274.0 
1318.0 288.0 
1543.0 270.0 
988.0 289.0 
1608.0 268.0 
1967.0 258.0 
1976.0 256.0 
2001.0 241.0 
778.0 307.0 
758.0 311.0 
758.0 311.0 
577.0 320.0 
553.0 340.0 
545.0 359.0 
545.0 359.0 
542.0 379.0 
557.0 326.0 
1835.0 262.0 
888.0 296.0 
880.0 303.0 
1435.0 283.0 
1382.0 288.0 
1085.0 290.0 
1061.0 292.0 
1762.0 272.0 
1615.0 275.0 
1669.0 273.0 
1834.0 269.0 
1987.0 260.0 
2216.0 250.0 
2216.0 250.0 
2216.0 250.0 
2112.0 252.0 
2216.0 250.0 
2245.0 246.0 
813.0 307.0 
809.0 312.0 
800.0 316.0 
807.0 314.0 
660.0 321.0 
616.0 323.0 
721.0 320.0 
545.0 407.0 
548.0 382.0 
545.0 407.0 
558.0 332.0 
599.0 326.0 
557.0 343.0 
1981.0 262.0 
894.0 302.0 
999.0 298.0 
1047.0 297.0 
1542.0 283.0 
1424.0 288.0 
1308.0 292.0 
1120.0 295.0 
1773.0 272.0 
1664.0 276.0 
1624.0 281.0 
1913.0 270.0 
2148.0 255.0 
2339.0 254.0 
846.0 310.0 
552.0 397.0 
2180.0 256.0 
561.0 359.0 
1575.0 286.0 
1321.0 293.0 
1927.0 270.0 
2090.0 263.0 
1109.0 302.0 
799.0 321.0 
2008.0 267.0 
710.0 326.0 
584.0 346.0 
1007.0 303.0 
1248.0 300.0 
855.0 316.0 
