53.0 20.0 
45.0 24.0 
45.0 24.0 
53.0 20.0 
45.0 24.0 
45.0 24.0 
46.0 21.0 
45.0 24.0 
53.0 20.0 
53.0 20.0 
45.0 24.0 
46.0 21.0 
45.0 24.0 
45.0 24.0 
45.0 24.0 
46.0 21.0 
45.0 24.0 
45.0 24.0 
45.0 24.0 
53.0 20.0 
53.0 20.0 
45.0 24.0 
45.0 24.0 
53.0 20.0 
45.0 24.0 
45.0 24.0 
48.0 21.0 
48.0 21.0 
48.0 21.0 
48.0 21.0 
48.0 21.0 
57.0 20.0 
57.0 20.0 
45.0 25.0 
46.0 24.0 
45.0 25.0 
54.0 21.0 
46.0 25.0 
46.0 25.0 
50.0 22.0 
48.0 23.0 
48.0 23.0 
47.0 24.0 
47.0 24.0 
47.0 24.0 
47.0 24.0 
47.0 24.0 
47.0 24.0 
47.0 24.0 
47.0 24.0 
47.0 24.0 
47.0 24.0 
47.0 24.0 
47.0 24.0 
47.0 24.0 
47.0 24.0 
47.0 24.0 
47.0 24.0 
47.0 24.0 
47.0 24.0 
47.0 24.0 
47.0 24.0 
47.0 24.0 
47.0 24.0 
47.0 24.0 
47.0 24.0 
47.0 24.0 
47.0 24.0 
47.0 24.0 
47.0 24.0 
47.0 24.0 
47.0 24.0 
47.0 24.0 
47.0 24.0 
47.0 24.0 
47.0 24.0 
47.0 24.0 
47.0 24.0 
47.0 24.0 
47.0 24.0 
47.0 24.0 
47.0 24.0 
47.0 24.0 
47.0 24.0 
47.0 24.0 
47.0 24.0 
47.0 24.0 
47.0 24.0 
47.0 24.0 
47.0 24.0 
47.0 24.0 
47.0 24.0 
47.0 24.0 
47.0 24.0 
47.0 24.0 
47.0 24.0 
47.0 24.0 
47.0 24.0 
47.0 24.0 
47.0 24.0 
