303.0 210.0 
1848.0 93.0 
1848.0 93.0 
303.0 210.0 
1377.0 111.0 
1495.0 108.0 
869.0 131.0 
1346.0 116.0 
1649.0 100.0 
550.0 151.0 
498.0 158.0 
1556.0 106.0 
979.0 129.0 
376.0 173.0 
372.0 183.0 
742.0 141.0 
831.0 135.0 
621.0 149.0 
1163.0 121.0 
1798.0 95.0 
330.0 205.0 
422.0 161.0 
811.0 139.0 
711.0 142.0 
1033.0 125.0 
324.0 208.0 
631.0 147.0 
1728.0 99.0 
1618.0 105.0 
343.0 193.0 
1233.0 119.0 
1276.0 117.0 
1742.0 96.0 
1100.0 123.0 
519.0 156.0 
413.0 163.0 
814.0 137.0 
674.0 146.0 
1256.0 118.0 
1033.0 125.0 
1100.0 123.0 
400.0 169.0 
355.0 190.0 
337.0 201.0 
361.0 187.0 
342.0 197.0 
337.0 201.0 
376.0 173.0 
372.0 183.0 
1620.0 104.0 
412.0 166.0 
342.0 197.0 
1730.0 98.0 
523.0 154.0 
1139.0 122.0 
994.0 127.0 
352.0 191.0 
411.0 167.0 
361.0 187.0 
400.0 169.0 
687.0 144.0 
1233.0 119.0 
422.0 161.0 
523.0 154.0 
1620.0 104.0 
990.0 128.0 
1825.0 94.0 
687.0 144.0 
1139.0 122.0 
1825.0 94.0 
1276.0 117.0 
994.0 127.0 
811.0 139.0 
674.0 146.0 
1742.0 96.0 
1728.0 99.0 
1033.0 125.0 
376.0 173.0 
342.0 197.0 
361.0 187.0 
400.0 169.0 
994.0 127.0 
811.0 139.0 
1742.0 96.0 
1728.0 99.0 
674.0 146.0 
687.0 144.0 
811.0 139.0 
811.0 139.0 
1728.0 99.0 
1728.0 99.0 
1728.0 99.0 
1728.0 99.0 
342.0 197.0 
1728.0 99.0 
1728.0 99.0 
400.0 169.0 
1728.0 99.0 
342.0 197.0 
1620.0 104.0 
