1923.0 612.0 
1912.0 614.0 
1928.0 608.0 
1861.0 657.0 
1891.0 617.0 
1936.0 596.0 
1881.0 633.0 
1840.0 683.0 
1782.0 692.0 
2045.0 574.0 
1983.0 590.0 
1923.0 612.0 
1891.0 617.0 
1941.0 592.0 
2049.0 559.0 
1864.0 652.0 
1854.0 660.0 
1891.0 617.0 
1936.0 596.0 
1885.0 638.0 
1846.0 683.0 
1806.0 727.0 
1796.0 763.0 
1806.0 727.0 
1808.0 698.0 
1986.0 591.0 
1986.0 591.0 
1985.0 592.0 
2081.0 560.0 
2072.0 577.0 
2169.0 559.0 
2072.0 577.0 
2069.0 585.0 
1855.0 668.0 
1867.0 662.0 
1866.0 664.0 
1865.0 666.0 
1855.0 668.0 
1897.0 620.0 
1897.0 620.0 
1892.0 625.0 
1919.0 619.0 
1971.0 607.0 
1978.0 603.0 
1939.0 611.0 
1886.0 652.0 
1851.0 693.0 
1854.0 688.0 
1854.0 688.0 
1804.0 772.0 
1804.0 772.0 
1807.0 759.0 
1806.0 764.0 
1813.0 698.0 
1813.0 698.0 
1809.0 739.0 
2054.0 595.0 
1997.0 602.0 
2007.0 596.0 
2139.0 563.0 
2094.0 575.0 
1869.0 663.0 
1859.0 677.0 
1863.0 668.0 
1855.0 683.0 
1915.0 620.0 
1910.0 639.0 
1893.0 642.0 
1910.0 639.0 
1971.0 609.0 
1979.0 604.0 
1949.0 611.0 
1813.0 768.0 
1813.0 768.0 
2189.0 570.0 
2015.0 597.0 
1814.0 756.0 
2099.0 590.0 
1816.0 704.0 
2104.0 583.0 
1870.0 668.0 
1918.0 636.0 
1951.0 618.0 
1981.0 604.0 
2152.0 572.0 
1931.0 622.0 
1890.0 653.0 
1904.0 647.0 
2152.0 572.0 
1866.0 680.0 
1981.0 604.0 
1828.0 701.0 
1864.0 690.0 
1944.0 620.0 
1894.0 651.0 
1848.0 700.0 
1860.0 693.0 
1857.0 696.0 
1856.0 699.0 
1848.0 700.0 
