60.0 38.0 
76.0 33.0 
60.0 38.0 
64.0 35.0 
94.0 32.0 
64.0 35.0 
60.0 38.0 
60.0 38.0 
64.0 35.0 
97.0 32.0 
97.0 32.0 
60.0 39.0 
60.0 39.0 
95.0 33.0 
64.0 36.0 
77.0 34.0 
77.0 34.0 
64.0 36.0 
97.0 32.0 
60.0 39.0 
60.0 39.0 
60.0 39.0 
60.0 39.0 
60.0 39.0 
60.0 39.0 
60.0 39.0 
60.0 39.0 
60.0 39.0 
60.0 39.0 
60.0 39.0 
60.0 39.0 
60.0 39.0 
60.0 39.0 
60.0 39.0 
60.0 39.0 
60.0 39.0 
60.0 39.0 
60.0 39.0 
60.0 39.0 
60.0 39.0 
60.0 39.0 
60.0 39.0 
60.0 39.0 
60.0 39.0 
60.0 39.0 
60.0 39.0 
60.0 39.0 
60.0 39.0 
60.0 39.0 
60.0 39.0 
60.0 39.0 
60.0 39.0 
60.0 39.0 
60.0 39.0 
60.0 39.0 
60.0 39.0 
60.0 39.0 
60.0 39.0 
60.0 39.0 
60.0 39.0 
60.0 39.0 
60.0 39.0 
60.0 39.0 
60.0 39.0 
60.0 39.0 
60.0 39.0 
60.0 39.0 
60.0 39.0 
60.0 39.0 
60.0 39.0 
60.0 39.0 
60.0 39.0 
60.0 39.0 
60.0 39.0 
60.0 39.0 
60.0 39.0 
60.0 39.0 
60.0 39.0 
60.0 39.0 
60.0 39.0 
60.0 39.0 
60.0 39.0 
60.0 39.0 
60.0 39.0 
60.0 39.0 
60.0 39.0 
60.0 39.0 
60.0 39.0 
60.0 39.0 
60.0 39.0 
60.0 39.0 
60.0 39.0 
60.0 39.0 
60.0 39.0 
60.0 39.0 
60.0 39.0 
60.0 39.0 
60.0 39.0 
60.0 39.0 
60.0 39.0 
