78.0 39.0 
78.0 39.0 
83.0 36.0 
78.0 39.0 
62.0 42.0 
78.0 39.0 
72.0 40.0 
99.0 34.0 
85.0 37.0 
65.0 42.0 
79.0 39.0 
73.0 40.0 
102.0 35.0 
102.0 35.0 
100.0 36.0 
87.0 37.0 
65.0 44.0 
65.0 44.0 
65.0 44.0 
66.0 42.0 
81.0 39.0 
73.0 41.0 
75.0 40.0 
73.0 41.0 
103.0 35.0 
103.0 35.0 
103.0 35.0 
103.0 35.0 
103.0 35.0 
103.0 35.0 
102.0 36.0 
102.0 36.0 
102.0 36.0 
102.0 36.0 
102.0 36.0 
89.0 38.0 
89.0 38.0 
92.0 37.0 
65.0 45.0 
66.0 43.0 
66.0 43.0 
67.0 42.0 
66.0 43.0 
67.0 42.0 
82.0 39.0 
77.0 40.0 
77.0 40.0 
74.0 41.0 
104.0 35.0 
104.0 35.0 
104.0 35.0 
103.0 36.0 
103.0 36.0 
103.0 36.0 
90.0 38.0 
93.0 37.0 
66.0 44.0 
68.0 42.0 
67.0 43.0 
67.0 43.0 
85.0 39.0 
85.0 39.0 
78.0 40.0 
75.0 41.0 
75.0 41.0 
104.0 36.0 
104.0 36.0 
104.0 36.0 
104.0 36.0 
104.0 36.0 
104.0 36.0 
104.0 36.0 
104.0 36.0 
104.0 36.0 
104.0 36.0 
104.0 36.0 
104.0 36.0 
104.0 36.0 
104.0 36.0 
104.0 36.0 
104.0 36.0 
67.0 44.0 
67.0 44.0 
105.0 36.0 
105.0 36.0 
86.0 39.0 
95.0 37.0 
72.0 42.0 
76.0 41.0 
76.0 41.0 
91.0 38.0 
91.0 38.0 
70.0 43.0 
70.0 43.0 
67.0 44.0 
67.0 44.0 
67.0 44.0 
67.0 44.0 
67.0 44.0 
67.0 44.0 
