2418.0 586.0 
2340.0 640.0 
2486.0 565.0 
1977.0 705.0 
2349.0 634.0 
1951.0 737.0 
2351.0 600.0 
1995.0 691.0 
2432.0 572.0 
2020.0 653.0 
2522.0 570.0 
1978.0 724.0 
2350.0 635.0 
1967.0 782.0 
1967.0 782.0 
1967.0 782.0 
1965.0 788.0 
1970.0 755.0 
2363.0 603.0 
2019.0 702.0 
2446.0 577.0 
2436.0 587.0 
2499.0 574.0 
2061.0 696.0 
2072.0 656.0 
1999.0 731.0 
1979.0 776.0 
1991.0 768.0 
1978.0 789.0 
2435.0 613.0 
2375.0 641.0 
2410.0 618.0 
2384.0 631.0 
2039.0 709.0 
2493.0 579.0 
2493.0 579.0 
2440.0 597.0 
2457.0 594.0 
2503.0 576.0 
2518.0 575.0 
2066.0 705.0 
2078.0 686.0 
2091.0 677.0 
2117.0 662.0 
2076.0 688.0 
2001.0 733.0 
2027.0 731.0 
1997.0 784.0 
1988.0 790.0 
2382.0 660.0 
2425.0 623.0 
2439.0 619.0 
2394.0 631.0 
2388.0 650.0 
2391.0 640.0 
2394.0 631.0 
2042.0 711.0 
2448.0 610.0 
2444.0 612.0 
2463.0 595.0 
2503.0 580.0 
2511.0 578.0 
2503.0 580.0 
2503.0 580.0 
2511.0 578.0 
2523.0 577.0 
2696.0 575.0 
2069.0 709.0 
2119.0 677.0 
2198.0 662.0 
2169.0 667.0 
2089.0 688.0 
2083.0 693.0 
2089.0 688.0 
1998.0 788.0 
2696.0 577.0 
2696.0 577.0 
2514.0 578.0 
2008.0 739.0 
2231.0 672.0 
2354.0 662.0 
2129.0 680.0 
2446.0 619.0 
2047.0 711.0 
2468.0 601.0 
2219.0 675.0 
2391.0 650.0 
2033.0 731.0 
2092.0 706.0 
2511.0 587.0 
2119.0 692.0 
2432.0 634.0 
2102.0 698.0 
2354.0 662.0 
2397.0 642.0 
2488.0 597.0 
2432.0 634.0 
2488.0 597.0 
2026.0 737.0 
2397.0 642.0 
