51.0 29.0 
93.0 39.0 
58.0 42.0 
67.0 44.0 
73.0 42.0 
68.0 47.0 
67.0 51.0 
76.0 45.0 
70.0 48.0 
73.0 47.0 
69.0 57.0 
83.0 45.0 
80.0 46.0 
71.0 50.0 
71.0 50.0 
70.0 53.0 
123.0 45.0 
84.0 47.0 
82.0 49.0 
73.0 50.0 
125.0 45.0 
125.0 45.0 
86.0 48.0 
75.0 52.0 
78.0 50.0 
75.0 52.0 
75.0 52.0 
81.0 50.0 
76.0 52.0 
84.0 50.0 
78.0 52.0 
76.0 54.0 
84.0 51.0 
84.0 51.0 
89.0 50.0 
79.0 52.0 
79.0 52.0 
79.0 52.0 
79.0 52.0 
79.0 52.0 
79.0 52.0 
79.0 52.0 
77.0 54.0 
88.0 51.0 
99.0 50.0 
84.0 52.0 
78.0 54.0 
78.0 54.0 
78.0 54.0 
78.0 54.0 
77.0 61.0 
78.0 54.0 
133.0 50.0 
88.0 52.0 
84.0 53.0 
77.0 62.0 
80.0 54.0 
78.0 58.0 
93.0 52.0 
85.0 53.0 
82.0 55.0 
83.0 54.0 
80.0 56.0 
87.0 53.0 
87.0 53.0 
86.0 54.0 
83.0 55.0 
80.0 58.0 
90.0 53.0 
90.0 53.0 
88.0 54.0 
84.0 56.0 
81.0 59.0 
94.0 53.0 
89.0 55.0 
90.0 54.0 
85.0 57.0 
82.0 62.0 
81.0 66.0 
81.0 66.0 
100.0 53.0 
89.0 56.0 
90.0 55.0 
91.0 54.0 
86.0 57.0 
86.0 57.0 
84.0 62.0 
82.0 65.0 
92.0 55.0 
93.0 54.0 
87.0 58.0 
89.0 57.0 
84.0 64.0 
86.0 63.0 
94.0 54.0 
94.0 54.0 
85.0 66.0 
85.0 66.0 
88.0 60.0 
91.0 57.0 
