1770.0 489.0 
1847.0 478.0 
1848.0 477.0 
1787.0 483.0 
1770.0 489.0 
1722.0 505.0 
1765.0 496.0 
1769.0 490.0 
1770.0 489.0 
1765.0 496.0 
1847.0 478.0 
1847.0 478.0 
1722.0 505.0 
1787.0 483.0 
1705.0 511.0 
1848.0 477.0 
1780.0 484.0 
1770.0 489.0 
1765.0 496.0 
1860.0 468.0 
1849.0 473.0 
1768.0 492.0 
1769.0 490.0 
1726.0 506.0 
1726.0 506.0 
1726.0 506.0 
1726.0 506.0 
1726.0 506.0 
1726.0 506.0 
1706.0 518.0 
1706.0 518.0 
1706.0 518.0 
1706.0 518.0 
1706.0 518.0 
1710.0 514.0 
1706.0 518.0 
1706.0 518.0 
1706.0 518.0 
1711.0 512.0 
1710.0 514.0 
1706.0 518.0 
1710.0 514.0 
1706.0 518.0 
1706.0 518.0 
1706.0 518.0 
1710.0 514.0 
1716.0 511.0 
1706.0 518.0 
1706.0 518.0 
1706.0 518.0 
1706.0 518.0 
1711.0 512.0 
1711.0 512.0 
1710.0 514.0 
1706.0 518.0 
1706.0 518.0 
1706.0 518.0 
1706.0 518.0 
1706.0 518.0 
1781.0 484.0 
1774.0 489.0 
1774.0 489.0 
1774.0 489.0 
1865.0 468.0 
1865.0 468.0 
1865.0 468.0 
1864.0 470.0 
1849.0 476.0 
1849.0 476.0 
1863.0 473.0 
1849.0 476.0 
1849.0 476.0 
1854.0 474.0 
1769.0 491.0 
1769.0 491.0 
1769.0 491.0 
1770.0 490.0 
1769.0 491.0 
1770.0 490.0 
1707.0 518.0 
1707.0 518.0 
1865.0 470.0 
1865.0 470.0 
1769.0 492.0 
1785.0 484.0 
1849.0 477.0 
1727.0 506.0 
1727.0 506.0 
1775.0 489.0 
1785.0 484.0 
1864.0 471.0 
1849.0 477.0 
1716.0 512.0 
1711.0 513.0 
1716.0 512.0 
1854.0 475.0 
1854.0 475.0 
1853.0 476.0 
1770.0 491.0 
1770.0 491.0 
