183.0 93.0 
191.0 91.0 
210.0 88.0 
213.0 83.0 
203.0 89.0 
210.0 88.0 
191.0 91.0 
189.0 92.0 
210.0 88.0 
155.0 102.0 
183.0 93.0 
239.0 86.0 
212.0 90.0 
212.0 90.0 
232.0 89.0 
210.0 92.0 
163.0 109.0 
163.0 109.0 
178.0 106.0 
184.0 95.0 
198.0 93.0 
252.0 87.0 
242.0 88.0 
234.0 91.0 
234.0 91.0 
234.0 91.0 
234.0 91.0 
219.0 92.0 
169.0 113.0 
169.0 113.0 
177.0 112.0 
164.0 125.0 
169.0 113.0 
179.0 107.0 
189.0 96.0 
193.0 95.0 
184.0 105.0 
199.0 94.0 
242.0 89.0 
245.0 88.0 
245.0 88.0 
239.0 91.0 
223.0 92.0 
223.0 92.0 
219.0 93.0 
164.0 127.0 
173.0 115.0 
174.0 114.0 
181.0 113.0 
181.0 113.0 
181.0 113.0 
190.0 103.0 
192.0 96.0 
191.0 100.0 
188.0 105.0 
188.0 105.0 
188.0 105.0 
186.0 108.0 
204.0 94.0 
252.0 88.0 
252.0 88.0 
252.0 88.0 
252.0 88.0 
243.0 91.0 
231.0 92.0 
231.0 92.0 
222.0 93.0 
222.0 93.0 
168.0 127.0 
168.0 127.0 
168.0 127.0 
167.0 133.0 
177.0 115.0 
185.0 113.0 
181.0 114.0 
197.0 96.0 
197.0 96.0 
196.0 100.0 
192.0 101.0 
192.0 101.0 
188.0 107.0 
191.0 105.0 
213.0 94.0 
205.0 95.0 
244.0 91.0 
244.0 91.0 
168.0 128.0 
168.0 128.0 
178.0 127.0 
198.0 100.0 
179.0 118.0 
193.0 106.0 
223.0 93.0 
204.0 97.0 
217.0 94.0 
187.0 115.0 
188.0 109.0 
208.0 95.0 
189.0 108.0 
223.0 93.0 
