38.0 22.0 
38.0 22.0 
38.0 22.0 
38.0 22.0 
38.0 22.0 
38.0 22.0 
38.0 22.0 
53.0 21.0 
38.0 22.0 
53.0 21.0 
53.0 21.0 
42.0 22.0 
42.0 22.0 
38.0 23.0 
42.0 22.0 
42.0 22.0 
38.0 23.0 
42.0 22.0 
42.0 22.0 
42.0 22.0 
38.0 23.0 
42.0 22.0 
38.0 25.0 
39.0 23.0 
38.0 25.0 
38.0 25.0 
44.0 22.0 
44.0 22.0 
39.0 24.0 
39.0 24.0 
39.0 24.0 
39.0 24.0 
39.0 24.0 
39.0 24.0 
39.0 24.0 
39.0 24.0 
39.0 24.0 
40.0 23.0 
38.0 80.0 
38.0 80.0 
38.0 80.0 
38.0 80.0 
38.0 80.0 
38.0 80.0 
38.0 80.0 
38.0 80.0 
38.0 80.0 
51.0 22.0 
39.0 25.0 
48.0 23.0 
40.0 24.0 
38.0 99.0 
38.0 99.0 
55.0 22.0 
39.0 27.0 
39.0 27.0 
51.0 23.0 
40.0 25.0 
40.0 25.0 
40.0 25.0 
40.0 25.0 
40.0 25.0 
40.0 25.0 
43.0 24.0 
43.0 24.0 
43.0 24.0 
58.0 22.0 
58.0 22.0 
39.0 30.0 
39.0 30.0 
56.0 23.0 
56.0 23.0 
56.0 23.0 
56.0 23.0 
56.0 23.0 
56.0 23.0 
41.0 25.0 
40.0 28.0 
46.0 24.0 
46.0 24.0 
46.0 24.0 
46.0 24.0 
60.0 22.0 
60.0 22.0 
60.0 22.0 
60.0 22.0 
60.0 22.0 
60.0 22.0 
60.0 22.0 
60.0 22.0 
60.0 22.0 
60.0 22.0 
60.0 22.0 
60.0 22.0 
60.0 22.0 
39.0 101.0 
61.0 22.0 
40.0 31.0 
47.0 24.0 
57.0 23.0 
