213.0 161.0 
215.0 89.0 
215.0 89.0 
213.0 161.0 
222.0 121.0 
221.0 139.0 
228.0 92.0 
222.0 121.0 
232.0 107.0 
228.0 112.0 
271.0 99.0 
263.0 105.0 
266.0 104.0 
225.0 127.0 
242.0 108.0 
230.0 121.0 
233.0 118.0 
288.0 99.0 
269.0 105.0 
274.0 104.0 
269.0 105.0 
228.0 127.0 
263.0 111.0 
257.0 113.0 
257.0 113.0 
257.0 113.0 
257.0 113.0 
263.0 111.0 
234.0 118.0 
233.0 120.0 
303.0 100.0 
303.0 100.0 
271.0 105.0 
269.0 110.0 
231.0 138.0 
231.0 138.0 
259.0 116.0 
266.0 115.0 
233.0 121.0 
242.0 120.0 
271.0 106.0 
271.0 106.0 
271.0 106.0 
271.0 106.0 
271.0 106.0 
271.0 106.0 
271.0 106.0 
271.0 106.0 
270.0 111.0 
232.0 159.0 
232.0 159.0 
268.0 116.0 
241.0 123.0 
241.0 123.0 
240.0 129.0 
234.0 136.0 
257.0 121.0 
257.0 121.0 
257.0 121.0 
263.0 120.0 
277.0 106.0 
273.0 108.0 
271.0 113.0 
233.0 176.0 
233.0 176.0 
269.0 116.0 
269.0 116.0 
256.0 123.0 
246.0 126.0 
242.0 130.0 
242.0 130.0 
241.0 142.0 
236.0 144.0 
241.0 142.0 
261.0 122.0 
280.0 106.0 
280.0 106.0 
275.0 108.0 
274.0 114.0 
236.0 153.0 
287.0 106.0 
287.0 106.0 
259.0 123.0 
270.0 121.0 
276.0 113.0 
274.0 120.0 
282.0 108.0 
250.0 132.0 
243.0 136.0 
240.0 150.0 
277.0 109.0 
241.0 147.0 
254.0 128.0 
254.0 128.0 
242.0 143.0 
247.0 133.0 
244.0 134.0 
242.0 143.0 
287.0 106.0 
287.0 106.0 
