176.0 74.0 
177.0 73.0 
179.0 62.0 
177.0 76.0 
183.0 72.0 
184.0 71.0 
181.0 73.0 
193.0 69.0 
181.0 73.0 
181.0 73.0 
178.0 86.0 
180.0 77.0 
179.0 80.0 
187.0 71.0 
185.0 72.0 
206.0 70.0 
206.0 70.0 
209.0 69.0 
183.0 73.0 
183.0 73.0 
181.0 74.0 
183.0 73.0 
191.0 71.0 
190.0 72.0 
182.0 77.0 
181.0 88.0 
189.0 76.0 
215.0 71.0 
215.0 71.0 
198.0 72.0 
191.0 73.0 
184.0 77.0 
183.0 81.0 
233.0 71.0 
201.0 72.0 
191.0 74.0 
184.0 78.0 
186.0 77.0 
186.0 77.0 
207.0 72.0 
192.0 74.0 
191.0 76.0 
192.0 74.0 
184.0 81.0 
184.0 81.0 
185.0 79.0 
189.0 77.0 
209.0 73.0 
210.0 72.0 
210.0 72.0 
195.0 74.0 
194.0 76.0 
194.0 76.0 
194.0 76.0 
194.0 76.0 
188.0 82.0 
187.0 87.0 
186.0 88.0 
190.0 77.0 
189.0 80.0 
227.0 72.0 
210.0 73.0 
197.0 75.0 
198.0 74.0 
188.0 87.0 
186.0 89.0 
192.0 77.0 
190.0 80.0 
189.0 82.0 
189.0 82.0 
229.0 72.0 
226.0 73.0 
205.0 74.0 
199.0 75.0 
199.0 75.0 
199.0 75.0 
199.0 75.0 
198.0 76.0 
188.0 89.0 
188.0 89.0 
187.0 92.0 
192.0 79.0 
194.0 77.0 
191.0 80.0 
189.0 86.0 
190.0 83.0 
190.0 83.0 
190.0 83.0 
190.0 83.0 
190.0 83.0 
234.0 73.0 
234.0 73.0 
190.0 86.0 
190.0 86.0 
208.0 74.0 
192.0 82.0 
201.0 75.0 
193.0 79.0 
196.0 77.0 
196.0 77.0 
