192.0 68.0 
201.0 67.0 
170.0 75.0 
185.0 71.0 
160.0 86.0 
190.0 69.0 
201.0 67.0 
177.0 76.0 
175.0 77.0 
166.0 101.0 
169.0 93.0 
190.0 74.0 
191.0 73.0 
208.0 69.0 
205.0 72.0 
205.0 72.0 
214.0 67.0 
177.0 80.0 
177.0 80.0 
182.0 79.0 
182.0 79.0 
173.0 94.0 
176.0 93.0 
176.0 93.0 
170.0 102.0 
172.0 95.0 
190.0 77.0 
199.0 73.0 
195.0 75.0 
212.0 71.0 
212.0 71.0 
218.0 70.0 
218.0 70.0 
219.0 69.0 
180.0 81.0 
177.0 83.0 
183.0 80.0 
176.0 94.0 
174.0 97.0 
192.0 78.0 
190.0 79.0 
190.0 79.0 
190.0 79.0 
205.0 73.0 
218.0 71.0 
178.0 83.0 
188.0 80.0 
188.0 80.0 
175.0 99.0 
174.0 110.0 
174.0 110.0 
175.0 99.0 
176.0 97.0 
195.0 78.0 
205.0 74.0 
206.0 73.0 
220.0 71.0 
220.0 71.0 
220.0 71.0 
220.0 71.0 
179.0 84.0 
178.0 86.0 
188.0 82.0 
191.0 81.0 
194.0 80.0 
176.0 107.0 
204.0 78.0 
207.0 73.0 
220.0 72.0 
222.0 71.0 
184.0 84.0 
178.0 104.0 
178.0 104.0 
179.0 88.0 
181.0 86.0 
188.0 83.0 
192.0 81.0 
191.0 82.0 
192.0 81.0 
208.0 73.0 
207.0 75.0 
208.0 73.0 
224.0 72.0 
185.0 84.0 
178.0 105.0 
180.0 89.0 
179.0 96.0 
180.0 89.0 
184.0 87.0 
189.0 83.0 
198.0 81.0 
198.0 81.0 
207.0 77.0 
209.0 74.0 
208.0 76.0 
226.0 72.0 
226.0 72.0 
226.0 72.0 
179.0 98.0 
179.0 98.0 
