328.0 160.0 
343.0 121.0 
318.0 162.0 
333.0 134.0 
333.0 162.0 
389.0 141.0 
337.0 143.0 
389.0 141.0 
336.0 164.0 
348.0 158.0 
370.0 152.0 
376.0 151.0 
430.0 141.0 
404.0 146.0 
337.0 169.0 
356.0 163.0 
356.0 163.0 
356.0 163.0 
380.0 157.0 
384.0 155.0 
420.0 148.0 
341.0 169.0 
363.0 164.0 
363.0 164.0 
395.0 158.0 
387.0 162.0 
359.0 170.0 
357.0 182.0 
349.0 185.0 
370.0 165.0 
370.0 165.0 
370.0 165.0 
370.0 165.0 
370.0 165.0 
405.0 158.0 
361.0 181.0 
357.0 183.0 
357.0 183.0 
357.0 183.0 
351.0 185.0 
394.0 166.0 
370.0 176.0 
374.0 168.0 
406.0 160.0 
414.0 159.0 
367.0 181.0 
357.0 184.0 
353.0 198.0 
377.0 174.0 
387.0 171.0 
392.0 168.0 
407.0 161.0 
407.0 161.0 
407.0 161.0 
407.0 161.0 
415.0 159.0 
359.0 189.0 
359.0 189.0 
376.0 186.0 
356.0 214.0 
386.0 179.0 
401.0 169.0 
408.0 162.0 
372.0 191.0 
365.0 193.0 
382.0 187.0 
364.0 219.0 
388.0 183.0 
391.0 179.0 
401.0 176.0 
405.0 169.0 
408.0 163.0 
411.0 162.0 
372.0 195.0 
392.0 180.0 
392.0 180.0 
393.0 179.0 
404.0 176.0 
406.0 170.0 
411.0 163.0 
414.0 162.0 
411.0 163.0 
383.0 195.0 
372.0 196.0 
383.0 195.0 
395.0 181.0 
395.0 181.0 
401.0 180.0 
407.0 173.0 
406.0 179.0 
406.0 179.0 
406.0 179.0 
415.0 162.0 
415.0 162.0 
415.0 162.0 
415.0 162.0 
374.0 202.0 
455.0 162.0 
395.0 193.0 
418.0 167.0 
