28.0 7.0 
16.0 10.0 
28.0 8.0 
18.0 13.0 
21.0 11.0 
32.0 9.0 
20.0 13.0 
20.0 13.0 
18.0 14.0 
21.0 12.0 
26.0 11.0 
26.0 11.0 
21.0 14.0 
22.0 12.0 
31.0 11.0 
28.0 12.0 
28.0 12.0 
24.0 13.0 
28.0 12.0 
34.0 11.0 
34.0 11.0 
34.0 11.0 
26.0 13.0 
26.0 13.0 
26.0 13.0 
24.0 14.0 
26.0 13.0 
26.0 13.0 
32.0 12.0 
32.0 12.0 
44.0 11.0 
25.0 14.0 
28.0 13.0 
28.0 13.0 
28.0 13.0 
28.0 13.0 
28.0 13.0 
40.0 12.0 
54.0 11.0 
26.0 14.0 
26.0 14.0 
25.0 16.0 
26.0 14.0 
30.0 13.0 
30.0 13.0 
30.0 13.0 
30.0 13.0 
43.0 12.0 
26.0 17.0 
27.0 14.0 
26.0 17.0 
31.0 13.0 
44.0 12.0 
28.0 14.0 
27.0 17.0 
32.0 13.0 
46.0 12.0 
28.0 15.0 
30.0 14.0 
30.0 14.0 
30.0 14.0 
28.0 15.0 
34.0 13.0 
34.0 13.0 
34.0 13.0 
34.0 13.0 
34.0 13.0 
34.0 13.0 
49.0 12.0 
31.0 14.0 
29.0 15.0 
29.0 15.0 
35.0 13.0 
35.0 13.0 
35.0 13.0 
35.0 13.0 
32.0 14.0 
32.0 14.0 
32.0 14.0 
32.0 14.0 
32.0 14.0 
32.0 14.0 
30.0 15.0 
29.0 16.0 
30.0 15.0 
30.0 15.0 
29.0 16.0 
37.0 13.0 
37.0 13.0 
37.0 13.0 
37.0 13.0 
37.0 13.0 
37.0 13.0 
37.0 13.0 
29.0 17.0 
29.0 17.0 
39.0 13.0 
31.0 15.0 
34.0 14.0 
34.0 14.0 
