98.0 29.0 
99.0 33.0 
99.0 33.0 
133.0 39.0 
111.0 43.0 
106.0 54.0 
123.0 40.0 
122.0 41.0 
109.0 44.0 
125.0 43.0 
139.0 41.0 
115.0 61.0 
116.0 57.0 
122.0 48.0 
120.0 53.0 
115.0 61.0 
134.0 43.0 
134.0 43.0 
151.0 41.0 
119.0 58.0 
127.0 51.0 
122.0 57.0 
125.0 54.0 
135.0 43.0 
120.0 59.0 
129.0 51.0 
135.0 47.0 
149.0 44.0 
141.0 46.0 
149.0 44.0 
144.0 45.0 
125.0 59.0 
131.0 52.0 
135.0 49.0 
156.0 44.0 
148.0 47.0 
127.0 59.0 
132.0 58.0 
132.0 58.0 
134.0 56.0 
138.0 51.0 
140.0 50.0 
157.0 46.0 
149.0 48.0 
130.0 64.0 
134.0 59.0 
134.0 59.0 
135.0 58.0 
138.0 56.0 
143.0 50.0 
140.0 52.0 
167.0 46.0 
152.0 49.0 
132.0 66.0 
136.0 58.0 
139.0 56.0 
144.0 50.0 
142.0 52.0 
140.0 55.0 
158.0 49.0 
158.0 49.0 
133.0 66.0 
136.0 59.0 
139.0 57.0 
147.0 51.0 
150.0 50.0 
142.0 54.0 
134.0 70.0 
137.0 61.0 
137.0 61.0 
139.0 58.0 
149.0 51.0 
151.0 50.0 
144.0 57.0 
147.0 54.0 
144.0 57.0 
138.0 62.0 
141.0 58.0 
139.0 59.0 
151.0 52.0 
165.0 51.0 
147.0 55.0 
150.0 54.0 
140.0 64.0 
142.0 59.0 
142.0 59.0 
141.0 62.0 
156.0 53.0 
170.0 51.0 
165.0 52.0 
170.0 51.0 
148.0 55.0 
144.0 59.0 
143.0 62.0 
142.0 66.0 
157.0 54.0 
165.0 53.0 
150.0 55.0 
142.0 68.0 
171.0 53.0 
