432.0 204.0 
471.0 189.0 
471.0 189.0 
324.0 227.0 
432.0 204.0 
1569.0 135.0 
471.0 189.0 
505.0 188.0 
439.0 203.0 
324.0 227.0 
1693.0 121.0 
1019.0 151.0 
394.0 212.0 
344.0 224.0 
1445.0 138.0 
344.0 224.0 
577.0 183.0 
324.0 227.0 
1643.0 129.0 
922.0 158.0 
1569.0 135.0 
1445.0 138.0 
945.0 152.0 
577.0 183.0 
813.0 171.0 
1683.0 128.0 
1192.0 146.0 
1318.0 143.0 
1685.0 127.0 
394.0 212.0 
1383.0 142.0 
743.0 172.0 
629.0 179.0 
903.0 166.0 
516.0 184.0 
319.0 243.0 
944.0 156.0 
432.0 211.0 
434.0 209.0 
432.0 211.0 
478.0 197.0 
478.0 197.0 
459.0 205.0 
460.0 203.0 
1826.0 123.0 
1814.0 126.0 
2009.0 122.0 
332.0 242.0 
353.0 233.0 
368.0 228.0 
346.0 235.0 
363.0 229.0 
346.0 235.0 
1654.0 133.0 
1552.0 139.0 
948.0 153.0 
948.0 153.0 
1016.0 152.0 
1254.0 149.0 
1302.0 146.0 
1302.0 146.0 
1351.0 143.0 
1351.0 143.0 
1351.0 143.0 
1351.0 143.0 
1334.0 145.0 
1351.0 143.0 
1689.0 131.0 
1689.0 131.0 
1705.0 130.0 
1705.0 130.0 
404.0 220.0 
400.0 224.0 
400.0 224.0 
404.0 220.0 
760.0 174.0 
776.0 173.0 
749.0 176.0 
744.0 177.0 
760.0 174.0 
845.0 172.0 
644.0 179.0 
644.0 179.0 
918.0 169.0 
912.0 171.0 
912.0 171.0 
912.0 171.0 
940.0 168.0 
542.0 184.0 
534.0 196.0 
534.0 196.0 
323.0 246.0 
2012.0 124.0 
325.0 246.0 
325.0 246.0 
1000.0 159.0 
1837.0 131.0 
479.0 217.0 
1679.0 137.0 
1317.0 149.0 
