569.0 206.0 
406.0 230.0 
1799.0 145.0 
579.0 203.0 
1012.0 178.0 
874.0 190.0 
876.0 183.0 
569.0 206.0 
1012.0 178.0 
1882.0 142.0 
441.0 225.0 
833.0 194.0 
1535.0 152.0 
549.0 210.0 
579.0 203.0 
874.0 190.0 
1799.0 145.0 
1020.0 175.0 
1786.0 148.0 
487.0 217.0 
876.0 183.0 
833.0 194.0 
1126.0 173.0 
986.0 179.0 
549.0 210.0 
579.0 203.0 
336.0 245.0 
474.0 219.0 
1268.0 163.0 
336.0 245.0 
1467.0 155.0 
1199.0 166.0 
687.0 196.0 
1049.0 174.0 
833.0 194.0 
1303.0 160.0 
627.0 201.0 
474.0 219.0 
1535.0 152.0 
435.0 240.0 
435.0 240.0 
435.0 240.0 
2081.0 144.0 
446.0 238.0 
446.0 238.0 
2042.0 145.0 
1870.0 146.0 
1870.0 146.0 
1801.0 148.0 
521.0 218.0 
963.0 187.0 
963.0 187.0 
876.0 188.0 
964.0 184.0 
1152.0 173.0 
1027.0 183.0 
1027.0 183.0 
1027.0 183.0 
559.0 210.0 
601.0 208.0 
585.0 209.0 
346.0 277.0 
354.0 270.0 
359.0 252.0 
420.0 249.0 
359.0 252.0 
352.0 274.0 
1493.0 158.0 
1526.0 156.0 
1481.0 159.0 
1243.0 170.0 
1243.0 170.0 
1243.0 170.0 
1228.0 171.0 
1243.0 170.0 
1243.0 170.0 
1302.0 167.0 
820.0 198.0 
1054.0 176.0 
836.0 196.0 
1345.0 161.0 
1345.0 161.0 
1320.0 166.0 
677.0 202.0 
677.0 202.0 
635.0 204.0 
629.0 206.0 
500.0 220.0 
481.0 236.0 
485.0 227.0 
1701.0 154.0 
1833.0 152.0 
348.0 279.0 
348.0 279.0 
1561.0 158.0 
895.0 188.0 
386.0 275.0 
1086.0 176.0 
1064.0 182.0 
1367.0 163.0 
