116.0 45.0 
113.0 47.0 
116.0 45.0 
132.0 43.0 
118.0 44.0 
113.0 47.0 
113.0 47.0 
112.0 50.0 
114.0 46.0 
134.0 43.0 
134.0 43.0 
134.0 43.0 
134.0 43.0 
134.0 43.0 
118.0 45.0 
118.0 45.0 
118.0 45.0 
118.0 45.0 
118.0 45.0 
118.0 45.0 
118.0 45.0 
118.0 45.0 
118.0 45.0 
133.0 44.0 
118.0 45.0 
118.0 45.0 
113.0 48.0 
116.0 46.0 
116.0 46.0 
115.0 47.0 
116.0 46.0 
116.0 46.0 
116.0 46.0 
115.0 47.0 
115.0 47.0 
116.0 46.0 
116.0 46.0 
116.0 46.0 
116.0 46.0 
134.0 44.0 
134.0 44.0 
134.0 44.0 
120.0 45.0 
120.0 45.0 
120.0 45.0 
120.0 45.0 
114.0 48.0 
113.0 49.0 
114.0 48.0 
113.0 49.0 
113.0 49.0 
113.0 49.0 
117.0 46.0 
117.0 46.0 
117.0 46.0 
116.0 47.0 
116.0 47.0 
117.0 46.0 
116.0 47.0 
116.0 47.0 
135.0 44.0 
113.0 50.0 
132.0 45.0 
118.0 46.0 
115.0 48.0 
117.0 47.0 
115.0 48.0 
114.0 49.0 
114.0 49.0 
118.0 46.0 
117.0 47.0 
115.0 48.0 
115.0 48.0 
115.0 48.0 
115.0 48.0 
115.0 48.0 
115.0 48.0 
115.0 48.0 
115.0 48.0 
115.0 48.0 
115.0 48.0 
115.0 48.0 
115.0 48.0 
115.0 48.0 
114.0 49.0 
114.0 49.0 
114.0 49.0 
118.0 46.0 
118.0 46.0 
118.0 46.0 
118.0 46.0 
118.0 46.0 
118.0 46.0 
118.0 46.0 
118.0 46.0 
118.0 46.0 
118.0 46.0 
118.0 46.0 
118.0 46.0 
118.0 46.0 
