255.0 116.0 
269.0 115.0 
265.0 142.0 
270.0 123.0 
283.0 118.0 
268.0 149.0 
267.0 153.0 
274.0 125.0 
270.0 139.0 
288.0 118.0 
284.0 121.0 
267.0 158.0 
274.0 127.0 
280.0 126.0 
270.0 149.0 
272.0 144.0 
300.0 120.0 
297.0 122.0 
285.0 124.0 
283.0 127.0 
275.0 148.0 
277.0 146.0 
286.0 124.0 
283.0 145.0 
275.0 151.0 
278.0 147.0 
292.0 124.0 
289.0 134.0 
278.0 157.0 
279.0 148.0 
313.0 128.0 
296.0 129.0 
332.0 127.0 
279.0 153.0 
280.0 151.0 
303.0 130.0 
296.0 140.0 
303.0 130.0 
331.0 129.0 
331.0 129.0 
334.0 127.0 
286.0 151.0 
281.0 156.0 
301.0 149.0 
308.0 130.0 
305.0 141.0 
334.0 128.0 
293.0 153.0 
287.0 159.0 
282.0 167.0 
284.0 160.0 
323.0 132.0 
318.0 133.0 
314.0 134.0 
308.0 138.0 
324.0 131.0 
371.0 129.0 
371.0 129.0 
305.0 155.0 
301.0 158.0 
292.0 159.0 
291.0 162.0 
285.0 163.0 
318.0 135.0 
308.0 152.0 
308.0 152.0 
309.0 140.0 
334.0 131.0 
334.0 131.0 
306.0 155.0 
289.0 163.0 
318.0 136.0 
315.0 140.0 
311.0 141.0 
378.0 133.0 
340.0 135.0 
306.0 161.0 
294.0 163.0 
289.0 168.0 
322.0 136.0 
311.0 145.0 
319.0 141.0 
314.0 143.0 
361.0 135.0 
361.0 135.0 
361.0 135.0 
310.0 161.0 
307.0 162.0 
310.0 161.0 
296.0 164.0 
289.0 170.0 
289.0 170.0 
289.0 170.0 
338.0 136.0 
325.0 138.0 
313.0 150.0 
322.0 142.0 
375.0 135.0 
292.0 179.0 
292.0 179.0 
