55.0 37.0 
48.0 40.0 
59.0 37.0 
59.0 37.0 
50.0 40.0 
60.0 39.0 
62.0 38.0 
51.0 53.0 
52.0 48.0 
54.0 40.0 
78.0 38.0 
52.0 52.0 
52.0 52.0 
55.0 41.0 
61.0 40.0 
57.0 41.0 
55.0 49.0 
64.0 40.0 
57.0 45.0 
59.0 41.0 
57.0 45.0 
63.0 41.0 
59.0 42.0 
57.0 46.0 
86.0 41.0 
86.0 41.0 
59.0 43.0 
62.0 42.0 
59.0 43.0 
57.0 47.0 
66.0 42.0 
60.0 43.0 
59.0 46.0 
60.0 43.0 
60.0 43.0 
60.0 43.0 
60.0 43.0 
57.0 50.0 
57.0 50.0 
58.0 47.0 
57.0 50.0 
57.0 50.0 
57.0 50.0 
70.0 42.0 
60.0 45.0 
62.0 44.0 
62.0 44.0 
63.0 43.0 
58.0 50.0 
58.0 50.0 
57.0 52.0 
79.0 42.0 
60.0 49.0 
60.0 49.0 
61.0 47.0 
62.0 46.0 
65.0 43.0 
63.0 45.0 
63.0 45.0 
59.0 50.0 
58.0 52.0 
91.0 42.0 
61.0 48.0 
62.0 47.0 
62.0 47.0 
66.0 43.0 
66.0 43.0 
66.0 43.0 
66.0 43.0 
63.0 46.0 
64.0 45.0 
64.0 45.0 
60.0 52.0 
58.0 60.0 
61.0 49.0 
61.0 49.0 
62.0 48.0 
70.0 44.0 
81.0 43.0 
70.0 44.0 
64.0 46.0 
66.0 45.0 
61.0 50.0 
63.0 49.0 
63.0 49.0 
71.0 44.0 
71.0 44.0 
71.0 44.0 
65.0 46.0 
65.0 46.0 
65.0 46.0 
65.0 46.0 
65.0 46.0 
65.0 46.0 
67.0 45.0 
61.0 51.0 
76.0 44.0 
76.0 44.0 
69.0 45.0 
64.0 50.0 
