1800.0 496.0 
1756.0 508.0 
1800.0 496.0 
1756.0 508.0 
1770.0 505.0 
1770.0 505.0 
1800.0 496.0 
1756.0 508.0 
1756.0 508.0 
1800.0 496.0 
1800.0 496.0 
1800.0 496.0 
1800.0 496.0 
1800.0 496.0 
1800.0 496.0 
1776.0 502.0 
1800.0 496.0 
1800.0 496.0 
1800.0 496.0 
1800.0 496.0 
1770.0 505.0 
1675.0 544.0 
1770.0 505.0 
1800.0 496.0 
1789.0 497.0 
1756.0 508.0 
1800.0 496.0 
1800.0 496.0 
1770.0 505.0 
1756.0 508.0 
1772.0 503.0 
1706.0 518.0 
1789.0 497.0 
1849.0 489.0 
1776.0 502.0 
1800.0 496.0 
1756.0 508.0 
1755.0 511.0 
1800.0 496.0 
1800.0 496.0 
1833.0 494.0 
1691.0 539.0 
1758.0 506.0 
1733.0 515.0 
1849.0 489.0 
1867.0 483.0 
1730.0 516.0 
1833.0 494.0 
1800.0 496.0 
1789.0 497.0 
1758.0 506.0 
1867.0 483.0 
1800.0 496.0 
1672.0 545.0 
1800.0 496.0 
1800.0 496.0 
1756.0 508.0 
1706.0 518.0 
1800.0 496.0 
1755.0 511.0 
1789.0 497.0 
1868.0 484.0 
1673.0 546.0 
1673.0 546.0 
1711.0 535.0 
1714.0 521.0 
1850.0 490.0 
1797.0 497.0 
1833.0 496.0 
1730.0 517.0 
1691.0 540.0 
1701.0 539.0 
1756.0 513.0 
1759.0 507.0 
1773.0 504.0 
1683.0 545.0 
1844.0 494.0 
1741.0 516.0 
1782.0 502.0 
1782.0 502.0 
1741.0 516.0 
1797.0 497.0 
1714.0 521.0 
1759.0 507.0 
1756.0 513.0 
1836.0 495.0 
1683.0 545.0 
1779.0 503.0 
1844.0 494.0 
1779.0 503.0 
1836.0 495.0 
1782.0 502.0 
1779.0 503.0 
1741.0 516.0 
1741.0 516.0 
1741.0 516.0 
1741.0 516.0 
1741.0 516.0 
1741.0 516.0 
1741.0 516.0 
