69.0 25.0 
72.0 23.0 
72.0 23.0 
69.0 25.0 
69.0 25.0 
69.0 25.0 
72.0 23.0 
69.0 25.0 
72.0 23.0 
69.0 25.0 
78.0 21.0 
72.0 23.0 
69.0 25.0 
69.0 25.0 
72.0 23.0 
72.0 23.0 
69.0 25.0 
69.0 25.0 
69.0 25.0 
69.0 25.0 
72.0 23.0 
72.0 23.0 
80.0 22.0 
98.0 21.0 
80.0 22.0 
80.0 22.0 
80.0 22.0 
80.0 22.0 
80.0 22.0 
70.0 26.0 
70.0 26.0 
70.0 26.0 
70.0 26.0 
70.0 26.0 
70.0 26.0 
70.0 26.0 
70.0 26.0 
70.0 26.0 
70.0 26.0 
70.0 26.0 
70.0 26.0 
70.0 26.0 
70.0 26.0 
70.0 26.0 
70.0 26.0 
70.0 26.0 
72.0 24.0 
72.0 24.0 
90.0 22.0 
90.0 22.0 
70.0 27.0 
70.0 27.0 
73.0 24.0 
80.0 23.0 
80.0 23.0 
71.0 26.0 
71.0 26.0 
73.0 24.0 
90.0 22.0 
90.0 22.0 
90.0 22.0 
90.0 22.0 
90.0 22.0 
90.0 22.0 
90.0 22.0 
90.0 22.0 
90.0 22.0 
90.0 22.0 
80.0 23.0 
80.0 23.0 
90.0 22.0 
90.0 22.0 
90.0 22.0 
90.0 22.0 
90.0 22.0 
80.0 23.0 
90.0 22.0 
90.0 22.0 
90.0 22.0 
90.0 22.0 
90.0 22.0 
90.0 22.0 
90.0 22.0 
70.0 27.0 
71.0 26.0 
71.0 26.0 
71.0 26.0 
71.0 26.0 
71.0 26.0 
71.0 26.0 
71.0 26.0 
71.0 26.0 
71.0 26.0 
71.0 26.0 
71.0 26.0 
71.0 26.0 
71.0 26.0 
71.0 26.0 
71.0 26.0 
71.0 26.0 
