251.0 186.0 
1383.0 91.0 
243.0 207.0 
279.0 154.0 
1378.0 93.0 
1085.0 101.0 
255.0 184.0 
245.0 190.0 
740.0 116.0 
391.0 142.0 
915.0 106.0 
581.0 125.0 
637.0 123.0 
672.0 121.0 
398.0 141.0 
406.0 140.0 
1517.0 86.0 
1166.0 98.0 
312.0 146.0 
577.0 127.0 
524.0 132.0 
277.0 163.0 
714.0 117.0 
841.0 111.0 
321.0 143.0 
1020.0 103.0 
414.0 139.0 
257.0 181.0 
1490.0 87.0 
858.0 108.0 
784.0 113.0 
894.0 107.0 
274.0 166.0 
266.0 176.0 
265.0 177.0 
554.0 130.0 
584.0 124.0 
843.0 109.0 
495.0 134.0 
283.0 151.0 
291.0 149.0 
676.0 118.0 
1598.0 84.0 
1566.0 85.0 
1615.0 82.0 
818.0 112.0 
1001.0 104.0 
570.0 128.0 
1055.0 102.0 
757.0 115.0 
1599.0 83.0 
498.0 133.0 
1266.0 94.0 
530.0 131.0 
294.0 148.0 
1401.0 89.0 
1137.0 99.0 
1244.0 96.0 
424.0 135.0 
