122.0 36.0 
122.0 36.0 
122.0 36.0 
122.0 36.0 
122.0 36.0 
122.0 36.0 
122.0 36.0 
116.0 38.0 
122.0 36.0 
122.0 36.0 
116.0 39.0 
116.0 39.0 
122.0 37.0 
122.0 37.0 
117.0 39.0 
117.0 39.0 
117.0 39.0 
116.0 40.0 
123.0 37.0 
123.0 37.0 
123.0 37.0 
123.0 37.0 
123.0 37.0 
123.0 37.0 
123.0 37.0 
123.0 37.0 
123.0 37.0 
123.0 37.0 
123.0 37.0 
123.0 37.0 
117.0 40.0 
125.0 37.0 
125.0 37.0 
123.0 38.0 
123.0 38.0 
123.0 38.0 
123.0 38.0 
123.0 38.0 
123.0 38.0 
125.0 37.0 
123.0 38.0 
123.0 38.0 
123.0 38.0 
125.0 37.0 
123.0 38.0 
123.0 38.0 
123.0 38.0 
123.0 38.0 
123.0 38.0 
123.0 38.0 
125.0 37.0 
123.0 38.0 
123.0 38.0 
125.0 37.0 
123.0 38.0 
125.0 37.0 
123.0 38.0 
123.0 38.0 
123.0 38.0 
123.0 38.0 
123.0 38.0 
125.0 37.0 
123.0 38.0 
123.0 38.0 
123.0 38.0 
125.0 37.0 
123.0 38.0 
123.0 38.0 
123.0 38.0 
125.0 37.0 
123.0 38.0 
123.0 38.0 
123.0 38.0 
123.0 38.0 
123.0 38.0 
123.0 38.0 
125.0 37.0 
123.0 38.0 
123.0 38.0 
125.0 37.0 
123.0 38.0 
123.0 38.0 
125.0 37.0 
123.0 38.0 
123.0 38.0 
123.0 38.0 
125.0 37.0 
123.0 38.0 
125.0 37.0 
125.0 37.0 
123.0 38.0 
123.0 38.0 
123.0 38.0 
123.0 38.0 
123.0 38.0 
123.0 38.0 
123.0 38.0 
123.0 38.0 
123.0 38.0 
123.0 38.0 
