99.0 30.0 
93.0 32.0 
99.0 30.0 
93.0 32.0 
99.0 30.0 
93.0 32.0 
99.0 30.0 
93.0 32.0 
99.0 30.0 
93.0 32.0 
99.0 30.0 
99.0 30.0 
93.0 32.0 
93.0 32.0 
93.0 32.0 
93.0 32.0 
93.0 32.0 
93.0 32.0 
93.0 32.0 
93.0 32.0 
93.0 32.0 
93.0 32.0 
93.0 32.0 
93.0 32.0 
93.0 32.0 
99.0 30.0 
93.0 32.0 
99.0 30.0 
93.0 32.0 
93.0 32.0 
93.0 32.0 
93.0 32.0 
93.0 32.0 
93.0 32.0 
93.0 32.0 
93.0 32.0 
99.0 30.0 
99.0 30.0 
93.0 32.0 
93.0 32.0 
93.0 32.0 
93.0 32.0 
93.0 32.0 
93.0 32.0 
93.0 32.0 
93.0 32.0 
99.0 30.0 
93.0 32.0 
93.0 32.0 
99.0 30.0 
93.0 32.0 
99.0 30.0 
93.0 32.0 
93.0 32.0 
93.0 32.0 
99.0 30.0 
93.0 32.0 
93.0 32.0 
93.0 32.0 
93.0 32.0 
93.0 32.0 
93.0 32.0 
93.0 32.0 
93.0 32.0 
93.0 32.0 
93.0 32.0 
99.0 30.0 
93.0 32.0 
93.0 32.0 
93.0 32.0 
99.0 30.0 
93.0 32.0 
93.0 32.0 
93.0 32.0 
93.0 32.0 
93.0 32.0 
93.0 32.0 
93.0 32.0 
93.0 32.0 
93.0 32.0 
93.0 32.0 
93.0 32.0 
99.0 30.0 
93.0 32.0 
93.0 32.0 
93.0 32.0 
99.0 30.0 
93.0 32.0 
99.0 30.0 
93.0 32.0 
93.0 32.0 
93.0 32.0 
93.0 32.0 
93.0 32.0 
93.0 32.0 
93.0 32.0 
93.0 32.0 
93.0 32.0 
99.0 30.0 
93.0 32.0 
