2839.0 1045.0 
3025.0 915.0 
3623.0 852.0 
2942.0 925.0 
3124.0 890.0 
2883.0 998.0 
2914.0 991.0 
3536.0 855.0 
3038.0 910.0 
2937.0 966.0 
3159.0 878.0 
2928.0 982.0 
2731.0 1048.0 
2863.0 1002.0 
2852.0 1012.0 
3473.0 867.0 
3176.0 872.0 
2886.0 993.0 
2952.0 958.0 
3593.0 863.0 
3040.0 914.0 
2940.0 977.0 
2811.0 1053.0 
2811.0 1053.0 
2755.0 1054.0 
2740.0 1182.0 
2859.0 1022.0 
3518.0 870.0 
3181.0 880.0 
3360.0 875.0 
2925.0 1005.0 
2925.0 1005.0 
3015.0 971.0 
3015.0 971.0 
3615.0 865.0 
3068.0 915.0 
3068.0 915.0 
2978.0 998.0 
2767.0 1119.0 
2788.0 1092.0 
2846.0 1062.0 
2789.0 1070.0 
2865.0 1025.0 
3213.0 895.0 
3275.0 892.0 
3199.0 913.0 
3426.0 886.0 
3534.0 880.0 
3447.0 885.0 
3415.0 891.0 
2930.0 1016.0 
3060.0 975.0 
3051.0 980.0 
3036.0 982.0 
3709.0 873.0 
3647.0 876.0 
3627.0 877.0 
3072.0 944.0 
3143.0 938.0 
3008.0 1006.0 
2768.0 1176.0 
2781.0 1122.0 
2775.0 1156.0 
2798.0 1070.0 
2896.0 1039.0 
2896.0 1039.0 
2886.0 1050.0 
2907.0 1029.0 
2907.0 1029.0 
3283.0 909.0 
3377.0 900.0 
3377.0 900.0 
3256.0 916.0 
3217.0 923.0 
3241.0 918.0 
3436.0 886.0 
3436.0 886.0 
3549.0 882.0 
2962.0 1016.0 
2955.0 1020.0 
2932.0 1021.0 
3761.0 879.0 
2786.0 1188.0 
2802.0 1080.0 
2794.0 1174.0 
3641.0 884.0 
3532.0 888.0 
3351.0 909.0 
3073.0 983.0 
3022.0 1007.0 
2892.0 1064.0 
2910.0 1040.0 
3442.0 890.0 
3197.0 942.0 
2998.0 1019.0 
3219.0 923.0 
3295.0 910.0 
3114.0 946.0 
3442.0 890.0 
3159.0 945.0 
