1845.0 239.0 
703.0 272.0 
1016.0 263.0 
630.0 290.0 
463.0 331.0 
463.0 331.0 
1449.0 257.0 
1829.0 240.0 
506.0 292.0 
1907.0 220.0 
1157.0 259.0 
1895.0 233.0 
1463.0 250.0 
703.0 272.0 
1086.0 270.0 
474.0 400.0 
1846.0 240.0 
1832.0 246.0 
1846.0 240.0 
525.0 300.0 
624.0 299.0 
525.0 300.0 
525.0 300.0 
694.0 297.0 
512.0 357.0 
516.0 344.0 
1977.0 230.0 
2056.0 225.0 
1977.0 230.0 
1441.0 262.0 
1174.0 266.0 
1934.0 233.0 
1487.0 253.0 
717.0 288.0 
770.0 272.0 
484.0 428.0 
506.0 409.0 
1914.0 240.0 
1846.0 251.0 
1906.0 246.0 
536.0 329.0 
550.0 309.0 
569.0 301.0 
2100.0 231.0 
2105.0 230.0 
1212.0 267.0 
1998.0 239.0 
2098.0 236.0 
1529.0 254.0 
1526.0 255.0 
1512.0 265.0 
1837.0 253.0 
767.0 292.0 
724.0 296.0 
794.0 282.0 
1002.0 281.0 
1016.0 272.0 
1996.0 243.0 
1851.0 251.0 
1950.0 247.0 
1950.0 247.0 
538.0 400.0 
551.0 325.0 
551.0 325.0 
550.0 387.0 
640.0 302.0 
622.0 313.0 
621.0 323.0 
606.0 324.0 
2117.0 230.0 
1323.0 268.0 
2087.0 239.0 
2034.0 242.0 
2087.0 239.0 
1757.0 255.0 
1709.0 260.0 
1608.0 264.0 
807.0 286.0 
1064.0 282.0 
1094.0 278.0 
1139.0 272.0 
538.0 418.0 
2215.0 238.0 
559.0 365.0 
2113.0 246.0 
568.0 332.0 
558.0 397.0 
934.0 287.0 
1814.0 255.0 
1601.0 269.0 
1235.0 275.0 
1170.0 286.0 
1365.0 270.0 
690.0 302.0 
843.0 299.0 
1939.0 251.0 
1953.0 249.0 
1210.0 285.0 
1709.0 265.0 
897.0 289.0 
