106.0 32.0 
90.0 41.0 
108.0 35.0 
120.0 34.0 
100.0 48.0 
102.0 43.0 
119.0 37.0 
111.0 42.0 
119.0 37.0 
113.0 39.0 
131.0 35.0 
109.0 44.0 
105.0 46.0 
102.0 50.0 
121.0 38.0 
113.0 42.0 
113.0 42.0 
111.0 46.0 
109.0 47.0 
107.0 55.0 
122.0 41.0 
123.0 38.0 
115.0 43.0 
112.0 46.0 
126.0 38.0 
125.0 43.0 
112.0 47.0 
127.0 39.0 
118.0 47.0 
114.0 48.0 
113.0 55.0 
118.0 47.0 
137.0 39.0 
130.0 41.0 
131.0 40.0 
128.0 43.0 
115.0 50.0 
123.0 48.0 
123.0 48.0 
123.0 48.0 
140.0 39.0 
132.0 40.0 
130.0 46.0 
131.0 45.0 
117.0 50.0 
115.0 51.0 
124.0 48.0 
124.0 48.0 
146.0 39.0 
133.0 43.0 
133.0 43.0 
137.0 42.0 
130.0 47.0 
119.0 50.0 
116.0 59.0 
135.0 44.0 
138.0 42.0 
137.0 43.0 
134.0 49.0 
120.0 56.0 
124.0 51.0 
130.0 50.0 
123.0 53.0 
116.0 60.0 
135.0 45.0 
140.0 42.0 
140.0 42.0 
140.0 42.0 
122.0 57.0 
122.0 57.0 
128.0 51.0 
125.0 53.0 
118.0 62.0 
118.0 62.0 
118.0 62.0 
118.0 62.0 
137.0 47.0 
136.0 49.0 
139.0 46.0 
143.0 42.0 
140.0 43.0 
123.0 57.0 
122.0 60.0 
129.0 51.0 
125.0 54.0 
137.0 48.0 
138.0 47.0 
144.0 42.0 
141.0 45.0 
142.0 43.0 
123.0 58.0 
132.0 51.0 
129.0 54.0 
125.0 55.0 
153.0 42.0 
153.0 42.0 
124.0 62.0 
125.0 58.0 
142.0 44.0 
129.0 55.0 
