92.0 58.0 
119.0 44.0 
196.0 37.0 
99.0 50.0 
61.0 67.0 
59.0 70.0 
84.0 59.0 
107.0 48.0 
108.0 45.0 
81.0 60.0 
66.0 61.0 
60.0 69.0 
135.0 39.0 
130.0 43.0 
255.0 38.0 
102.0 53.0 
100.0 56.0 
65.0 68.0 
96.0 59.0 
112.0 46.0 
111.0 50.0 
111.0 50.0 
128.0 45.0 
79.0 61.0 
76.0 65.0 
71.0 67.0 
63.0 73.0 
136.0 42.0 
169.0 39.0 
104.0 54.0 
100.0 57.0 
102.0 56.0 
66.0 68.0 
124.0 47.0 
115.0 50.0 
114.0 53.0 
87.0 61.0 
82.0 64.0 
84.0 63.0 
81.0 65.0 
154.0 42.0 
141.0 45.0 
149.0 44.0 
202.0 41.0 
109.0 55.0 
109.0 55.0 
109.0 55.0 
111.0 54.0 
111.0 54.0 
100.0 59.0 
103.0 56.0 
67.0 70.0 
67.0 70.0 
67.0 70.0 
67.0 70.0 
68.0 68.0 
67.0 70.0 
126.0 47.0 
124.0 48.0 
126.0 47.0 
116.0 52.0 
122.0 51.0 
91.0 62.0 
92.0 61.0 
88.0 63.0 
83.0 65.0 
83.0 65.0 
199.0 42.0 
153.0 44.0 
112.0 54.0 
106.0 56.0 
104.0 59.0 
78.0 69.0 
80.0 68.0 
69.0 70.0 
131.0 48.0 
129.0 49.0 
139.0 47.0 
118.0 52.0 
116.0 53.0 
124.0 51.0 
93.0 61.0 
91.0 64.0 
87.0 66.0 
202.0 42.0 
160.0 44.0 
69.0 71.0 
207.0 42.0 
207.0 42.0 
161.0 45.0 
203.0 43.0 
149.0 47.0 
118.0 53.0 
83.0 68.0 
108.0 56.0 
94.0 63.0 
134.0 48.0 
73.0 70.0 
130.0 49.0 
106.0 57.0 
