1913.0 713.0 
1855.0 744.0 
1928.0 662.0 
1873.0 741.0 
1929.0 648.0 
1852.0 776.0 
1915.0 705.0 
2028.0 624.0 
1889.0 714.0 
1865.0 742.0 
2233.0 608.0 
1876.0 721.0 
1927.0 666.0 
1865.0 742.0 
2002.0 631.0 
1974.0 645.0 
1919.0 703.0 
1861.0 748.0 
1858.0 768.0 
1932.0 653.0 
1929.0 663.0 
1929.0 663.0 
1929.0 663.0 
1930.0 657.0 
1929.0 663.0 
2045.0 625.0 
1914.0 717.0 
2273.0 615.0 
2241.0 624.0 
1884.0 723.0 
1913.0 721.0 
1913.0 721.0 
1913.0 721.0 
1866.0 742.0 
2029.0 641.0 
1979.0 650.0 
1987.0 648.0 
2007.0 646.0 
1996.0 647.0 
1923.0 715.0 
1923.0 715.0 
1859.0 771.0 
1953.0 656.0 
1943.0 660.0 
1929.0 713.0 
1930.0 664.0 
1930.0 664.0 
2160.0 627.0 
2160.0 627.0 
2061.0 630.0 
2160.0 627.0 
2160.0 627.0 
2058.0 634.0 
1919.0 720.0 
1919.0 720.0 
1922.0 718.0 
2392.0 623.0 
2270.0 625.0 
2270.0 625.0 
2254.0 626.0 
1899.0 726.0 
1899.0 726.0 
1885.0 728.0 
1899.0 726.0 
1866.0 748.0 
2040.0 642.0 
2022.0 646.0 
2020.0 648.0 
2008.0 649.0 
2006.0 653.0 
1923.0 716.0 
1928.0 715.0 
1983.0 658.0 
1988.0 657.0 
1935.0 671.0 
1934.0 697.0 
1941.0 668.0 
1944.0 665.0 
1939.0 670.0 
1934.0 697.0 
2063.0 632.0 
2124.0 630.0 
2239.0 627.0 
2239.0 627.0 
1921.0 725.0 
1922.0 719.0 
2257.0 626.0 
1887.0 728.0 
1871.0 749.0 
1866.0 751.0 
2048.0 645.0 
2039.0 646.0 
2039.0 646.0 
2019.0 651.0 
2030.0 650.0 
2015.0 655.0 
2009.0 656.0 
1925.0 718.0 
1931.0 716.0 
1931.0 716.0 
