15.0 6.0 
10.0 15.0 
11.0 13.0 
12.0 7.0 
17.0 5.0 
11.0 15.0 
13.0 10.0 
14.0 9.0 
13.0 10.0 
15.0 8.0 
23.0 6.0 
20.0 7.0 
11.0 20.0 
14.0 10.0 
14.0 10.0 
14.0 10.0 
13.0 11.0 
19.0 8.0 
19.0 8.0 
15.0 9.0 
19.0 8.0 
15.0 9.0 
15.0 9.0 
19.0 8.0 
15.0 9.0 
19.0 8.0 
27.0 6.0 
27.0 6.0 
25.0 7.0 
12.0 23.0 
13.0 13.0 
14.0 11.0 
13.0 13.0 
17.0 10.0 
17.0 10.0 
21.0 8.0 
19.0 9.0 
35.0 6.0 
35.0 6.0 
35.0 6.0 
35.0 6.0 
35.0 6.0 
35.0 6.0 
35.0 6.0 
35.0 6.0 
35.0 6.0 
28.0 7.0 
12.0 33.0 
15.0 12.0 
13.0 18.0 
14.0 13.0 
17.0 11.0 
17.0 11.0 
18.0 10.0 
24.0 8.0 
20.0 9.0 
20.0 9.0 
20.0 9.0 
43.0 6.0 
33.0 7.0 
16.0 12.0 
13.0 25.0 
13.0 25.0 
13.0 25.0 
14.0 16.0 
15.0 13.0 
15.0 13.0 
14.0 16.0 
18.0 11.0 
18.0 11.0 
31.0 8.0 
23.0 9.0 
21.0 10.0 
21.0 10.0 
34.0 7.0 
13.0 30.0 
15.0 14.0 
14.0 17.0 
19.0 12.0 
18.0 13.0 
18.0 13.0 
19.0 12.0 
18.0 13.0 
33.0 8.0 
33.0 8.0 
33.0 8.0 
33.0 8.0 
28.0 9.0 
28.0 9.0 
22.0 10.0 
21.0 11.0 
21.0 11.0 
22.0 10.0 
35.0 7.0 
35.0 7.0 
13.0 32.0 
37.0 7.0 
14.0 20.0 
31.0 9.0 
23.0 10.0 
