119.0 44.0 
126.0 42.0 
110.0 53.0 
119.0 51.0 
130.0 49.0 
138.0 48.0 
126.0 61.0 
125.0 63.0 
132.0 57.0 
142.0 53.0 
137.0 60.0 
135.0 63.0 
138.0 59.0 
136.0 61.0 
139.0 57.0 
144.0 56.0 
145.0 55.0 
146.0 53.0 
138.0 62.0 
138.0 62.0 
142.0 61.0 
145.0 59.0 
152.0 53.0 
142.0 63.0 
142.0 63.0 
147.0 59.0 
145.0 60.0 
167.0 55.0 
151.0 59.0 
145.0 81.0 
148.0 60.0 
183.0 57.0 
179.0 59.0 
179.0 59.0 
149.0 66.0 
172.0 60.0 
151.0 62.0 
204.0 59.0 
150.0 70.0 
183.0 61.0 
153.0 62.0 
219.0 60.0 
184.0 61.0 
158.0 63.0 
179.0 62.0 
154.0 65.0 
202.0 61.0 
161.0 63.0 
180.0 62.0 
156.0 77.0 
157.0 66.0 
162.0 64.0 
195.0 62.0 
180.0 63.0 
159.0 66.0 
158.0 81.0 
170.0 64.0 
170.0 64.0 
160.0 73.0 
162.0 69.0 
166.0 66.0 
160.0 73.0 
166.0 66.0 
183.0 64.0 
163.0 69.0 
160.0 76.0 
170.0 66.0 
190.0 64.0 
167.0 70.0 
162.0 77.0 
173.0 67.0 
170.0 68.0 
192.0 64.0 
192.0 64.0 
168.0 70.0 
167.0 80.0 
164.0 86.0 
181.0 67.0 
171.0 69.0 
171.0 69.0 
177.0 68.0 
199.0 66.0 
170.0 75.0 
170.0 75.0 
185.0 67.0 
173.0 69.0 
206.0 66.0 
171.0 78.0 
174.0 77.0 
175.0 69.0 
218.0 68.0 
171.0 81.0 
179.0 69.0 
175.0 70.0 
222.0 68.0 
173.0 82.0 
173.0 82.0 
180.0 69.0 
175.0 72.0 
195.0 69.0 
