1710.0 426.0 
1458.0 501.0 
1710.0 426.0 
1677.0 427.0 
1599.0 454.0 
1501.0 487.0 
1661.0 439.0 
1634.0 441.0 
1618.0 446.0 
1541.0 474.0 
1576.0 461.0 
1618.0 446.0 
1467.0 499.0 
1474.0 496.0 
1483.0 494.0 
1667.0 433.0 
1526.0 480.0 
1589.0 460.0 
1667.0 433.0 
1483.0 494.0 
1558.0 468.0 
1634.0 441.0 
1526.0 480.0 
1576.0 461.0 
1558.0 468.0 
1592.0 456.0 
1510.0 485.0 
1517.0 482.0 
1557.0 469.0 
1542.0 473.0 
1542.0 473.0 
1557.0 469.0 
1517.0 482.0 
1510.0 485.0 
1661.0 439.0 
1592.0 456.0 
1589.0 460.0 
1710.0 426.0 
1618.0 446.0 
1542.0 473.0 
1667.0 433.0 
1634.0 441.0 
1526.0 480.0 
1576.0 461.0 
1558.0 468.0 
1661.0 439.0 
1483.0 494.0 
1592.0 456.0 
1589.0 460.0 
1710.0 426.0 
1558.0 468.0 
1542.0 473.0 
1618.0 446.0 
1483.0 494.0 
1634.0 441.0 
1667.0 433.0 
1576.0 461.0 
1592.0 456.0 
1589.0 460.0 
1710.0 426.0 
1558.0 468.0 
1618.0 446.0 
1634.0 441.0 
1667.0 433.0 
1576.0 461.0 
1592.0 456.0 
1589.0 460.0 
1710.0 426.0 
1634.0 441.0 
1667.0 433.0 
1558.0 468.0 
1618.0 446.0 
1576.0 461.0 
1592.0 456.0 
1589.0 460.0 
1634.0 441.0 
1634.0 441.0 
1710.0 426.0 
1634.0 441.0 
1667.0 433.0 
1634.0 441.0 
1710.0 426.0 
1634.0 441.0 
1710.0 426.0 
1634.0 441.0 
1667.0 433.0 
1634.0 441.0 
1634.0 441.0 
1710.0 426.0 
1710.0 426.0 
1710.0 426.0 
1558.0 468.0 
1667.0 433.0 
1634.0 441.0 
1667.0 433.0 
1667.0 433.0 
1618.0 446.0 
1667.0 433.0 
1510.0 485.0 
1542.0 473.0 
