1491.0 514.0 
1684.0 455.0 
1649.0 459.0 
1649.0 459.0 
1491.0 514.0 
1537.0 504.0 
1537.0 504.0 
1651.0 457.0 
1491.0 514.0 
1502.0 506.0 
1538.0 503.0 
1649.0 459.0 
1651.0 457.0 
1537.0 504.0 
1649.0 459.0 
1491.0 514.0 
1537.0 504.0 
1724.0 442.0 
1681.0 456.0 
1626.0 472.0 
1651.0 457.0 
1502.0 506.0 
1610.0 473.0 
1607.0 476.0 
1538.0 503.0 
1692.0 444.0 
1724.0 442.0 
1649.0 459.0 
1631.0 471.0 
1539.0 499.0 
1575.0 485.0 
1494.0 513.0 
1572.0 490.0 
1502.0 506.0 
1724.0 442.0 
1541.0 498.0 
1682.0 456.0 
1654.0 457.0 
1618.0 473.0 
1611.0 474.0 
1610.0 477.0 
1610.0 477.0 
1610.0 477.0 
1538.0 505.0 
1692.0 445.0 
1700.0 444.0 
1692.0 445.0 
1700.0 444.0 
1700.0 444.0 
1692.0 445.0 
1700.0 444.0 
1649.0 463.0 
1650.0 460.0 
1652.0 459.0 
1649.0 463.0 
1642.0 471.0 
1634.0 472.0 
1539.0 503.0 
1539.0 503.0 
1575.0 486.0 
1494.0 514.0 
1494.0 514.0 
1499.0 513.0 
1494.0 514.0 
1572.0 491.0 
1572.0 491.0 
1533.0 509.0 
1507.0 512.0 
1533.0 509.0 
1507.0 512.0 
1533.0 509.0 
1724.0 443.0 
1724.0 443.0 
1724.0 443.0 
1546.0 498.0 
1541.0 500.0 
1541.0 500.0 
1546.0 498.0 
1494.0 515.0 
1494.0 515.0 
1734.0 444.0 
1734.0 444.0 
1575.0 488.0 
1626.0 473.0 
1526.0 512.0 
1581.0 486.0 
1695.0 445.0 
1687.0 456.0 
1546.0 499.0 
1610.0 478.0 
1653.0 459.0 
1650.0 464.0 
1546.0 499.0 
1650.0 464.0 
1692.0 448.0 
1679.0 457.0 
1610.0 478.0 
1540.0 504.0 
1503.0 513.0 
1540.0 504.0 
