2286.0 628.0 
2386.0 616.0 
2071.0 669.0 
2090.0 631.0 
2311.0 620.0 
2033.0 671.0 
2409.0 619.0 
2162.0 655.0 
2175.0 650.0 
2152.0 660.0 
2252.0 635.0 
2175.0 650.0 
2090.0 664.0 
2141.0 662.0 
2181.0 637.0 
2175.0 650.0 
2375.0 622.0 
2371.0 628.0 
2371.0 628.0 
2352.0 634.0 
2056.0 674.0 
2083.0 671.0 
2056.0 674.0 
2083.0 671.0 
2056.0 674.0 
2044.0 715.0 
2260.0 636.0 
2291.0 635.0 
2138.0 664.0 
2120.0 667.0 
2215.0 645.0 
2254.0 637.0 
2231.0 642.0 
2215.0 645.0 
2194.0 648.0 
2176.0 656.0 
2184.0 650.0 
2395.0 622.0 
2384.0 623.0 
2354.0 634.0 
2084.0 673.0 
2090.0 671.0 
2070.0 696.0 
2072.0 676.0 
2070.0 696.0 
2063.0 720.0 
2063.0 720.0 
2142.0 665.0 
2139.0 667.0 
2338.0 638.0 
2303.0 639.0 
2338.0 638.0 
2303.0 639.0 
2303.0 639.0 
2301.0 643.0 
2296.0 645.0 
2296.0 645.0 
2202.0 648.0 
2198.0 652.0 
2187.0 661.0 
2441.0 623.0 
2406.0 624.0 
2384.0 625.0 
2366.0 636.0 
2379.0 634.0 
2119.0 672.0 
2092.0 673.0 
2092.0 673.0 
2089.0 678.0 
2076.0 681.0 
2161.0 667.0 
2316.0 642.0 
2357.0 640.0 
2313.0 646.0 
2243.0 649.0 
2282.0 648.0 
2199.0 656.0 
2230.0 652.0 
2192.0 665.0 
2391.0 626.0 
2387.0 632.0 
2387.0 632.0 
2370.0 636.0 
2385.0 635.0 
2093.0 673.0 
2090.0 682.0 
2080.0 713.0 
2443.0 626.0 
2443.0 626.0 
2084.0 758.0 
2084.0 758.0 
2090.0 698.0 
2163.0 672.0 
2212.0 656.0 
2274.0 654.0 
2120.0 674.0 
2195.0 665.0 
2284.0 650.0 
2095.0 683.0 
2322.0 647.0 
