17.0 8.0 
17.0 8.0 
17.0 8.0 
17.0 8.0 
17.0 19.0 
17.0 19.0 
17.0 19.0 
17.0 19.0 
17.0 19.0 
19.0 8.0 
18.0 9.0 
17.0 19.0 
18.0 9.0 
17.0 19.0 
20.0 9.0 
20.0 9.0 
20.0 9.0 
20.0 9.0 
20.0 9.0 
20.0 9.0 
18.0 13.0 
20.0 9.0 
20.0 9.0 
20.0 9.0 
20.0 9.0 
20.0 9.0 
20.0 9.0 
20.0 9.0 
20.0 9.0 
20.0 9.0 
20.0 9.0 
18.0 13.0 
20.0 9.0 
20.0 9.0 
20.0 9.0 
20.0 9.0 
17.0 20.0 
18.0 18.0 
18.0 18.0 
20.0 10.0 
20.0 10.0 
19.0 17.0 
19.0 17.0 
19.0 17.0 
20.0 10.0 
20.0 10.0 
20.0 10.0 
20.0 10.0 
20.0 10.0 
20.0 10.0 
20.0 10.0 
20.0 10.0 
20.0 10.0 
20.0 10.0 
20.0 10.0 
20.0 10.0 
20.0 10.0 
20.0 10.0 
20.0 10.0 
20.0 10.0 
20.0 10.0 
20.0 10.0 
20.0 10.0 
20.0 10.0 
20.0 10.0 
20.0 10.0 
20.0 10.0 
20.0 10.0 
20.0 10.0 
20.0 10.0 
20.0 10.0 
20.0 10.0 
20.0 10.0 
20.0 10.0 
20.0 10.0 
20.0 10.0 
20.0 10.0 
20.0 10.0 
20.0 10.0 
20.0 10.0 
20.0 10.0 
20.0 10.0 
20.0 10.0 
20.0 10.0 
20.0 10.0 
20.0 10.0 
20.0 10.0 
20.0 10.0 
20.0 10.0 
20.0 10.0 
20.0 10.0 
20.0 10.0 
20.0 10.0 
20.0 10.0 
20.0 10.0 
20.0 10.0 
20.0 10.0 
20.0 10.0 
20.0 10.0 
20.0 10.0 
