1754.0 459.0 
1776.0 439.0 
1844.0 419.0 
1754.0 459.0 
1636.0 550.0 
1648.0 508.0 
1827.0 427.0 
1754.0 459.0 
1754.0 459.0 
1636.0 550.0 
1827.0 427.0 
1813.0 428.0 
1711.0 466.0 
1827.0 427.0 
1754.0 459.0 
1636.0 550.0 
1666.0 489.0 
1792.0 434.0 
1737.0 462.0 
1636.0 550.0 
1807.0 432.0 
1792.0 434.0 
1711.0 466.0 
1754.0 459.0 
1754.0 459.0 
1809.0 431.0 
1776.0 439.0 
1663.0 496.0 
1776.0 439.0 
1884.0 414.0 
1636.0 550.0 
1729.0 463.0 
1758.0 442.0 
1857.0 422.0 
1857.0 422.0 
1852.0 424.0 
1649.0 509.0 
1826.0 428.0 
1828.0 427.0 
1667.0 490.0 
1715.0 476.0 
1715.0 476.0 
1725.0 467.0 
1716.0 469.0 
1754.0 460.0 
1825.0 432.0 
1825.0 432.0 
1810.0 433.0 
1664.0 496.0 
1664.0 496.0 
1664.0 496.0 
1664.0 496.0 
1777.0 441.0 
1884.0 418.0 
1884.0 418.0 
1884.0 418.0 
1884.0 418.0 
1884.0 418.0 
1884.0 418.0 
1884.0 418.0 
1886.0 414.0 
1640.0 551.0 
1640.0 551.0 
1736.0 463.0 
1736.0 463.0 
1767.0 454.0 
1764.0 457.0 
1771.0 450.0 
1888.0 415.0 
1643.0 551.0 
1643.0 551.0 
1649.0 513.0 
1812.0 433.0 
1684.0 491.0 
1715.0 477.0 
1792.0 442.0 
1836.0 429.0 
1856.0 424.0 
1758.0 461.0 
1884.0 419.0 
1837.0 427.0 
1729.0 467.0 
1856.0 424.0 
1738.0 463.0 
1664.0 503.0 
1649.0 513.0 
1784.0 448.0 
1664.0 503.0 
1768.0 455.0 
1772.0 450.0 
1722.0 470.0 
1671.0 499.0 
1782.0 449.0 
1721.0 473.0 
1768.0 455.0 
1680.0 498.0 
1758.0 461.0 
1716.0 475.0 
1738.0 463.0 
1885.0 418.0 
