2283.0 657.0 
2583.0 599.0 
2206.0 675.0 
2711.0 583.0 
2223.0 672.0 
2500.0 605.0 
2583.0 599.0 
2163.0 696.0 
2187.0 691.0 
2244.0 664.0 
2294.0 646.0 
2118.0 700.0 
2313.0 632.0 
2291.0 657.0 
2222.0 689.0 
2751.0 598.0 
2751.0 598.0 
2768.0 592.0 
2751.0 598.0 
2751.0 598.0 
2763.0 596.0 
2770.0 583.0 
2234.0 677.0 
2544.0 609.0 
2509.0 624.0 
2529.0 618.0 
2544.0 609.0 
2725.0 602.0 
2734.0 600.0 
2679.0 606.0 
2205.0 695.0 
2205.0 695.0 
2205.0 695.0 
2276.0 671.0 
2268.0 672.0 
2265.0 674.0 
2301.0 647.0 
2140.0 738.0 
2195.0 700.0 
2134.0 743.0 
2170.0 711.0 
2149.0 725.0 
2160.0 713.0 
2371.0 637.0 
2376.0 633.0 
2362.0 641.0 
2295.0 663.0 
2768.0 598.0 
2795.0 587.0 
2794.0 596.0 
2240.0 690.0 
2256.0 685.0 
2261.0 677.0 
2521.0 624.0 
2533.0 622.0 
2533.0 622.0 
2552.0 611.0 
2671.0 610.0 
2732.0 602.0 
2726.0 603.0 
2755.0 600.0 
2755.0 600.0 
2278.0 671.0 
2273.0 672.0 
2267.0 676.0 
2312.0 652.0 
2317.0 650.0 
2304.0 657.0 
2144.0 739.0 
2144.0 739.0 
2201.0 704.0 
2236.0 701.0 
2196.0 708.0 
2151.0 730.0 
2160.0 719.0 
2373.0 638.0 
2403.0 636.0 
2372.0 648.0 
2802.0 588.0 
2154.0 749.0 
2154.0 749.0 
2598.0 614.0 
2729.0 604.0 
2173.0 721.0 
2512.0 636.0 
2159.0 732.0 
2407.0 637.0 
2202.0 704.0 
2785.0 598.0 
2257.0 686.0 
2552.0 616.0 
2243.0 703.0 
2296.0 669.0 
2757.0 603.0 
2525.0 628.0 
2305.0 659.0 
2535.0 622.0 
2386.0 641.0 
2291.0 676.0 
2356.0 650.0 
