53.0 33.0 
54.0 27.0 
53.0 33.0 
54.0 27.0 
54.0 27.0 
53.0 34.0 
53.0 34.0 
53.0 34.0 
53.0 34.0 
54.0 28.0 
53.0 45.0 
54.0 34.0 
54.0 34.0 
54.0 34.0 
54.0 34.0 
54.0 34.0 
54.0 34.0 
54.0 34.0 
54.0 34.0 
54.0 34.0 
54.0 34.0 
55.0 28.0 
54.0 34.0 
54.0 34.0 
54.0 34.0 
54.0 34.0 
54.0 34.0 
54.0 34.0 
54.0 34.0 
54.0 34.0 
54.0 34.0 
54.0 34.0 
55.0 28.0 
55.0 28.0 
54.0 34.0 
54.0 34.0 
54.0 34.0 
54.0 34.0 
54.0 34.0 
58.0 28.0 
58.0 28.0 
55.0 29.0 
54.0 35.0 
54.0 35.0 
54.0 35.0 
54.0 35.0 
54.0 35.0 
60.0 28.0 
56.0 29.0 
54.0 36.0 
65.0 28.0 
57.0 29.0 
56.0 30.0 
54.0 38.0 
55.0 36.0 
55.0 36.0 
69.0 28.0 
69.0 28.0 
69.0 28.0 
69.0 28.0 
69.0 28.0 
69.0 28.0 
69.0 28.0 
69.0 28.0 
69.0 28.0 
69.0 28.0 
58.0 29.0 
58.0 29.0 
58.0 29.0 
56.0 34.0 
56.0 34.0 
54.0 40.0 
74.0 28.0 
74.0 28.0 
74.0 28.0 
74.0 28.0 
74.0 28.0 
74.0 28.0 
74.0 28.0 
74.0 28.0 
59.0 29.0 
56.0 35.0 
56.0 35.0 
54.0 45.0 
54.0 45.0 
54.0 45.0 
54.0 45.0 
76.0 28.0 
76.0 28.0 
54.0 46.0 
54.0 46.0 
60.0 29.0 
56.0 36.0 
59.0 30.0 
58.0 35.0 
58.0 35.0 
76.0 28.0 
76.0 28.0 
76.0 28.0 
76.0 28.0 
