119.0 38.0 
100.0 45.0 
100.0 45.0 
119.0 38.0 
117.0 39.0 
111.0 40.0 
109.0 41.0 
105.0 42.0 
111.0 40.0 
102.0 44.0 
105.0 42.0 
109.0 41.0 
103.0 43.0 
117.0 39.0 
103.0 43.0 
102.0 44.0 
119.0 38.0 
100.0 45.0 
111.0 40.0 
105.0 42.0 
117.0 39.0 
109.0 41.0 
103.0 43.0 
119.0 38.0 
100.0 45.0 
111.0 40.0 
105.0 42.0 
109.0 41.0 
117.0 39.0 
103.0 43.0 
119.0 38.0 
100.0 45.0 
103.0 43.0 
111.0 40.0 
105.0 42.0 
109.0 41.0 
117.0 39.0 
119.0 38.0 
100.0 45.0 
103.0 43.0 
111.0 40.0 
105.0 42.0 
117.0 39.0 
109.0 41.0 
100.0 45.0 
119.0 38.0 
103.0 43.0 
111.0 40.0 
105.0 42.0 
117.0 39.0 
109.0 41.0 
119.0 38.0 
100.0 45.0 
103.0 43.0 
111.0 40.0 
105.0 42.0 
117.0 39.0 
109.0 41.0 
119.0 38.0 
100.0 45.0 
103.0 43.0 
111.0 40.0 
105.0 42.0 
109.0 41.0 
117.0 39.0 
119.0 38.0 
100.0 45.0 
103.0 43.0 
111.0 40.0 
105.0 42.0 
117.0 39.0 
109.0 41.0 
119.0 38.0 
100.0 45.0 
103.0 43.0 
111.0 40.0 
105.0 42.0 
109.0 41.0 
117.0 39.0 
100.0 45.0 
119.0 38.0 
103.0 43.0 
111.0 40.0 
105.0 42.0 
117.0 39.0 
109.0 41.0 
100.0 45.0 
119.0 38.0 
103.0 43.0 
111.0 40.0 
105.0 42.0 
117.0 39.0 
109.0 41.0 
100.0 45.0 
119.0 38.0 
103.0 43.0 
111.0 40.0 
105.0 42.0 
117.0 39.0 
109.0 41.0 
