410.0 210.0 
1772.0 126.0 
392.0 219.0 
715.0 173.0 
410.0 210.0 
794.0 169.0 
421.0 187.0 
1417.0 141.0 
827.0 167.0 
742.0 171.0 
1828.0 121.0 
1679.0 130.0 
703.0 174.0 
1418.0 140.0 
410.0 210.0 
1417.0 141.0 
794.0 169.0 
827.0 167.0 
414.0 205.0 
410.0 210.0 
988.0 157.0 
938.0 163.0 
410.0 210.0 
703.0 174.0 
742.0 171.0 
1504.0 134.0 
695.0 178.0 
333.0 222.0 
938.0 163.0 
742.0 171.0 
794.0 169.0 
1417.0 141.0 
333.0 222.0 
703.0 174.0 
405.0 218.0 
1417.0 141.0 
1013.0 156.0 
333.0 222.0 
1208.0 147.0 
1367.0 144.0 
1417.0 141.0 
988.0 157.0 
1752.0 128.0 
1679.0 130.0 
308.0 267.0 
586.0 181.0 
1208.0 147.0 
882.0 166.0 
1367.0 144.0 
477.0 185.0 
1179.0 148.0 
1726.0 129.0 
315.0 235.0 
1598.0 131.0 
1208.0 147.0 
1775.0 123.0 
794.0 169.0 
1759.0 127.0 
938.0 163.0 
1775.0 123.0 
333.0 222.0 
1027.0 150.0 
695.0 178.0 
1598.0 131.0 
308.0 267.0 
794.0 169.0 
622.0 179.0 
586.0 181.0 
1782.0 123.0 
310.0 271.0 
334.0 225.0 
399.0 220.0 
1602.0 133.0 
1260.0 147.0 
433.0 187.0 
315.0 268.0 
594.0 185.0 
1392.0 146.0 
622.0 180.0 
713.0 176.0 
316.0 250.0 
1520.0 135.0 
909.0 166.0 
418.0 207.0 
422.0 192.0 
419.0 206.0 
1715.0 130.0 
319.0 239.0 
1014.0 158.0 
1771.0 127.0 
990.0 162.0 
319.0 239.0 
1429.0 143.0 
1429.0 143.0 
1077.0 157.0 
1520.0 135.0 
316.0 250.0 
829.0 169.0 
1179.0 149.0 
817.0 172.0 
