1378.0 331.0 
1015.0 339.0 
1378.0 331.0 
1015.0 339.0 
895.0 355.0 
1378.0 331.0 
671.0 369.0 
916.0 354.0 
747.0 359.0 
1378.0 331.0 
1521.0 330.0 
1694.0 303.0 
667.0 413.0 
659.0 432.0 
882.0 356.0 
959.0 342.0 
1190.0 341.0 
696.0 376.0 
782.0 367.0 
818.0 366.0 
1395.0 338.0 
1839.0 332.0 
1839.0 332.0 
2084.0 309.0 
1916.0 317.0 
1927.0 311.0 
889.0 364.0 
934.0 357.0 
908.0 362.0 
1085.0 356.0 
1211.0 345.0 
1339.0 341.0 
723.0 392.0 
780.0 384.0 
701.0 420.0 
702.0 398.0 
731.0 385.0 
786.0 370.0 
1909.0 334.0 
2066.0 314.0 
1975.0 328.0 
2034.0 315.0 
1028.0 359.0 
923.0 363.0 
920.0 369.0 
1094.0 358.0 
1385.0 348.0 
1507.0 347.0 
716.0 432.0 
704.0 441.0 
723.0 426.0 
733.0 420.0 
733.0 420.0 
736.0 390.0 
891.0 375.0 
891.0 375.0 
813.0 377.0 
2014.0 338.0 
2101.0 330.0 
926.0 364.0 
1217.0 360.0 
1199.0 362.0 
1428.0 348.0 
1424.0 355.0 
705.0 470.0 
709.0 458.0 
791.0 390.0 
737.0 442.0 
741.0 424.0 
745.0 391.0 
831.0 384.0 
869.0 378.0 
2103.0 342.0 
2319.0 330.0 
994.0 366.0 
989.0 373.0 
992.0 372.0 
989.0 373.0 
986.0 376.0 
1132.0 365.0 
1229.0 361.0 
1559.0 351.0 
1433.0 359.0 
768.0 402.0 
768.0 402.0 
762.0 452.0 
845.0 390.0 
838.0 393.0 
852.0 385.0 
858.0 384.0 
894.0 379.0 
946.0 378.0 
2479.0 349.0 
2900.0 344.0 
1004.0 368.0 
1007.0 366.0 
993.0 377.0 
993.0 377.0 
769.0 410.0 
2561.0 351.0 
