421.0 353.0 
1899.0 210.0 
1899.0 210.0 
1066.0 245.0 
1987.0 198.0 
1169.0 238.0 
1785.0 212.0 
1899.0 210.0 
494.0 283.0 
557.0 259.0 
1926.0 205.0 
1379.0 229.0 
1320.0 232.0 
1929.0 204.0 
1185.0 237.0 
515.0 268.0 
1166.0 242.0 
1561.0 219.0 
1734.0 215.0 
458.0 312.0 
751.0 254.0 
1485.0 224.0 
910.0 250.0 
443.0 359.0 
447.0 354.0 
422.0 394.0 
2095.0 198.0 
501.0 291.0 
498.0 302.0 
725.0 259.0 
2049.0 205.0 
2026.0 207.0 
1996.0 209.0 
1402.0 237.0 
1356.0 241.0 
558.0 280.0 
666.0 273.0 
1230.0 243.0 
1651.0 219.0 
1848.0 217.0 
460.0 318.0 
1510.0 225.0 
977.0 252.0 
949.0 253.0 
977.0 252.0 
1039.0 250.0 
927.0 254.0 
455.0 358.0 
502.0 298.0 
513.0 293.0 
500.0 317.0 
905.0 259.0 
853.0 267.0 
751.0 270.0 
736.0 271.0 
2066.0 205.0 
2066.0 205.0 
2066.0 205.0 
2066.0 205.0 
2037.0 208.0 
2033.0 209.0 
567.0 280.0 
688.0 274.0 
1292.0 245.0 
1702.0 220.0 
1905.0 217.0 
463.0 327.0 
462.0 350.0 
1642.0 230.0 
1570.0 233.0 
1542.0 234.0 
1108.0 250.0 
1106.0 253.0 
1106.0 253.0 
930.0 255.0 
1090.0 254.0 
2111.0 209.0 
2111.0 209.0 
465.0 352.0 
1880.0 221.0 
505.0 313.0 
473.0 329.0 
2058.0 214.0 
1589.0 242.0 
1391.0 245.0 
1659.0 230.0 
584.0 281.0 
549.0 295.0 
1171.0 251.0 
1306.0 246.0 
472.0 342.0 
521.0 301.0 
919.0 261.0 
870.0 271.0 
1785.0 225.0 
678.0 280.0 
1718.0 226.0 
744.0 273.0 
817.0 272.0 
723.0 277.0 
