1244.0 121.0 
1244.0 121.0 
922.0 135.0 
653.0 150.0 
891.0 139.0 
824.0 141.0 
326.0 178.0 
891.0 139.0 
326.0 178.0 
1244.0 121.0 
1244.0 121.0 
918.0 136.0 
1605.0 107.0 
653.0 150.0 
277.0 186.0 
812.0 142.0 
326.0 178.0 
359.0 170.0 
932.0 132.0 
1244.0 121.0 
1268.0 120.0 
1514.0 110.0 
828.0 140.0 
273.0 190.0 
1479.0 114.0 
445.0 164.0 
981.0 131.0 
922.0 135.0 
783.0 143.0 
981.0 131.0 
1174.0 122.0 
398.0 165.0 
1244.0 121.0 
912.0 137.0 
1092.0 125.0 
479.0 160.0 
1268.0 120.0 
1570.0 108.0 
981.0 131.0 
1409.0 115.0 
298.0 179.0 
1627.0 105.0 
722.0 146.0 
704.0 149.0 
587.0 151.0 
362.0 166.0 
344.0 171.0 
1057.0 127.0 
828.0 140.0 
1479.0 114.0 
1330.0 116.0 
500.0 159.0 
250.0 196.0 
1524.0 109.0 
1632.0 105.0 
255.0 233.0 
257.0 200.0 
837.0 140.0 
500.0 160.0 
1334.0 118.0 
982.0 132.0 
1258.0 121.0 
931.0 137.0 
783.0 146.0 
672.0 150.0 
1094.0 125.0 
1522.0 113.0 
1178.0 124.0 
606.0 159.0 
447.0 164.0 
277.0 190.0 
626.0 151.0 
1070.0 128.0 
1564.0 109.0 
1203.0 122.0 
257.0 200.0 
348.0 173.0 
618.0 158.0 
1478.0 115.0 
1583.0 108.0 
932.0 133.0 
1449.0 116.0 
747.0 147.0 
1408.0 117.0 
302.0 185.0 
301.0 186.0 
747.0 147.0 
1070.0 128.0 
277.0 190.0 
327.0 178.0 
320.0 180.0 
361.0 171.0 
1628.0 106.0 
417.0 165.0 
376.0 166.0 
1408.0 117.0 
363.0 169.0 
367.0 167.0 
327.0 178.0 
417.0 165.0 
