2830.0 657.0 
2432.0 692.0 
2404.0 722.0 
2511.0 690.0 
2541.0 682.0 
2634.0 672.0 
3027.0 654.0 
2387.0 733.0 
2712.0 660.0 
2634.0 672.0 
2361.0 758.0 
2505.0 714.0 
2505.0 714.0 
2517.0 703.0 
2553.0 687.0 
3038.0 655.0 
3038.0 655.0 
3038.0 655.0 
2394.0 738.0 
2807.0 665.0 
2784.0 671.0 
2763.0 678.0 
2763.0 678.0 
2760.0 686.0 
2509.0 728.0 
2519.0 717.0 
2560.0 689.0 
2710.0 688.0 
2553.0 708.0 
3315.0 663.0 
2399.0 739.0 
2395.0 758.0 
2850.0 666.0 
2818.0 673.0 
2514.0 728.0 
2528.0 725.0 
2637.0 703.0 
2637.0 703.0 
2637.0 703.0 
2637.0 703.0 
2640.0 697.0 
2640.0 697.0 
2637.0 703.0 
2751.0 688.0 
2713.0 695.0 
2555.0 715.0 
2599.0 712.0 
2630.0 709.0 
2408.0 751.0 
2489.0 743.0 
2399.0 754.0 
2414.0 744.0 
2408.0 751.0 
2396.0 829.0 
3320.0 667.0 
3320.0 667.0 
2828.0 678.0 
2860.0 673.0 
2540.0 727.0 
2531.0 736.0 
2648.0 699.0 
2710.0 697.0 
2637.0 704.0 
2637.0 704.0 
2758.0 694.0 
2758.0 694.0 
2758.0 694.0 
2779.0 689.0 
2720.0 696.0 
2567.0 715.0 
2526.0 743.0 
2463.0 745.0 
2417.0 754.0 
2417.0 754.0 
2417.0 754.0 
2408.0 762.0 
2424.0 753.0 
2401.0 833.0 
3200.0 673.0 
2916.0 688.0 
2544.0 732.0 
2550.0 727.0 
2650.0 702.0 
2713.0 697.0 
2649.0 709.0 
2811.0 692.0 
2811.0 692.0 
2785.0 693.0 
2823.0 690.0 
2844.0 689.0 
2567.0 717.0 
2472.0 747.0 
2420.0 754.0 
2417.0 758.0 
3249.0 682.0 
3250.0 678.0 
2418.0 849.0 
3263.0 678.0 
2824.0 693.0 
3260.0 682.0 
