141.0 67.0 
111.0 88.0 
111.0 88.0 
112.0 70.0 
165.0 59.0 
156.0 63.0 
233.0 55.0 
229.0 58.0 
109.0 93.0 
121.0 92.0 
137.0 76.0 
181.0 60.0 
157.0 64.0 
174.0 63.0 
174.0 63.0 
241.0 59.0 
127.0 92.0 
216.0 60.0 
200.0 62.0 
160.0 81.0 
164.0 65.0 
189.0 64.0 
220.0 61.0 
232.0 60.0 
209.0 62.0 
163.0 84.0 
164.0 69.0 
164.0 69.0 
179.0 66.0 
199.0 64.0 
242.0 60.0 
230.0 62.0 
163.0 95.0 
165.0 69.0 
186.0 67.0 
181.0 68.0 
192.0 66.0 
200.0 65.0 
201.0 64.0 
237.0 63.0 
237.0 63.0 
237.0 63.0 
166.0 72.0 
165.0 78.0 
171.0 71.0 
196.0 66.0 
195.0 67.0 
212.0 65.0 
269.0 64.0 
167.0 86.0 
166.0 96.0 
179.0 71.0 
176.0 75.0 
175.0 78.0 
201.0 67.0 
197.0 69.0 
236.0 65.0 
181.0 71.0 
179.0 73.0 
175.0 79.0 
206.0 69.0 
256.0 68.0 
273.0 66.0 
182.0 71.0 
179.0 88.0 
178.0 89.0 
179.0 88.0 
237.0 69.0 
229.0 70.0 
291.0 68.0 
183.0 74.0 
190.0 71.0 
189.0 73.0 
178.0 96.0 
180.0 89.0 
179.0 92.0 
249.0 69.0 
183.0 88.0 
209.0 71.0 
200.0 73.0 
194.0 74.0 
191.0 83.0 
182.0 93.0 
182.0 93.0 
255.0 70.0 
244.0 71.0 
230.0 72.0 
211.0 73.0 
195.0 76.0 
192.0 91.0 
187.0 98.0 
251.0 71.0 
251.0 71.0 
191.0 99.0 
191.0 99.0 
193.0 97.0 
199.0 77.0 
219.0 75.0 
243.0 73.0 
200.0 76.0 
