64.0 46.0 
64.0 46.0 
119.0 27.0 
73.0 42.0 
69.0 43.0 
51.0 51.0 
98.0 33.0 
64.0 46.0 
50.0 53.0 
75.0 41.0 
113.0 28.0 
96.0 34.0 
103.0 30.0 
51.0 51.0 
65.0 44.0 
51.0 51.0 
103.0 30.0 
98.0 33.0 
98.0 33.0 
75.0 41.0 
56.0 47.0 
48.0 55.0 
83.0 38.0 
49.0 54.0 
99.0 32.0 
85.0 36.0 
80.0 39.0 
119.0 27.0 
64.0 46.0 
110.0 29.0 
113.0 28.0 
103.0 30.0 
119.0 27.0 
48.0 55.0 
90.0 35.0 
56.0 47.0 
98.0 33.0 
103.0 30.0 
101.0 31.0 
96.0 34.0 
64.0 46.0 
74.0 42.0 
74.0 42.0 
71.0 43.0 
67.0 44.0 
51.0 53.0 
52.0 51.0 
77.0 41.0 
100.0 32.0 
87.0 37.0 
88.0 36.0 
87.0 37.0 
85.0 39.0 
85.0 39.0 
85.0 39.0 
80.0 40.0 
111.0 29.0 
111.0 29.0 
111.0 29.0 
117.0 28.0 
117.0 28.0 
117.0 28.0 
117.0 28.0 
121.0 27.0 
121.0 27.0 
121.0 27.0 
121.0 27.0 
121.0 27.0 
121.0 27.0 
49.0 57.0 
49.0 57.0 
92.0 35.0 
57.0 47.0 
57.0 47.0 
57.0 47.0 
57.0 47.0 
99.0 33.0 
107.0 30.0 
102.0 31.0 
102.0 31.0 
102.0 31.0 
102.0 31.0 
102.0 31.0 
102.0 31.0 
102.0 31.0 
102.0 31.0 
102.0 31.0 
102.0 31.0 
102.0 31.0 
102.0 31.0 
102.0 31.0 
102.0 31.0 
66.0 46.0 
66.0 46.0 
122.0 27.0 
122.0 27.0 
50.0 57.0 
50.0 57.0 
53.0 51.0 
58.0 47.0 
