136.0 53.0 
136.0 53.0 
132.0 56.0 
136.0 53.0 
136.0 55.0 
142.0 54.0 
136.0 58.0 
137.0 55.0 
137.0 55.0 
137.0 55.0 
140.0 55.0 
140.0 55.0 
137.0 56.0 
137.0 56.0 
137.0 56.0 
140.0 55.0 
137.0 56.0 
137.0 56.0 
137.0 56.0 
137.0 56.0 
137.0 56.0 
143.0 55.0 
138.0 56.0 
138.0 56.0 
137.0 58.0 
144.0 55.0 
144.0 55.0 
144.0 55.0 
138.0 57.0 
139.0 56.0 
138.0 57.0 
139.0 56.0 
137.0 59.0 
138.0 58.0 
138.0 58.0 
142.0 56.0 
139.0 57.0 
139.0 57.0 
139.0 57.0 
139.0 57.0 
139.0 57.0 
139.0 57.0 
142.0 56.0 
142.0 56.0 
139.0 57.0 
137.0 60.0 
137.0 60.0 
138.0 59.0 
138.0 59.0 
138.0 59.0 
138.0 59.0 
138.0 59.0 
138.0 59.0 
143.0 56.0 
143.0 56.0 
143.0 56.0 
143.0 56.0 
139.0 58.0 
139.0 58.0 
139.0 58.0 
140.0 57.0 
139.0 58.0 
138.0 61.0 
144.0 56.0 
144.0 56.0 
144.0 56.0 
141.0 57.0 
141.0 57.0 
141.0 57.0 
139.0 59.0 
139.0 59.0 
140.0 58.0 
139.0 59.0 
140.0 58.0 
139.0 59.0 
139.0 59.0 
140.0 58.0 
139.0 59.0 
140.0 58.0 
140.0 58.0 
139.0 59.0 
140.0 58.0 
139.0 59.0 
140.0 58.0 
140.0 58.0 
139.0 59.0 
139.0 59.0 
138.0 62.0 
138.0 62.0 
147.0 56.0 
139.0 60.0 
141.0 58.0 
144.0 57.0 
144.0 57.0 
141.0 58.0 
138.0 62.0 
144.0 57.0 
144.0 57.0 
144.0 57.0 
144.0 57.0 
