102.0 68.0 
104.0 53.0 
105.0 48.0 
98.0 70.0 
124.0 49.0 
105.0 50.0 
104.0 70.0 
103.0 74.0 
110.0 54.0 
146.0 50.0 
107.0 62.0 
106.0 63.0 
103.0 77.0 
104.0 76.0 
113.0 60.0 
128.0 55.0 
118.0 56.0 
111.0 61.0 
113.0 60.0 
179.0 51.0 
179.0 51.0 
104.0 78.0 
121.0 59.0 
124.0 57.0 
124.0 57.0 
111.0 62.0 
119.0 60.0 
117.0 61.0 
105.0 80.0 
107.0 79.0 
104.0 88.0 
107.0 79.0 
122.0 59.0 
122.0 59.0 
124.0 58.0 
124.0 58.0 
124.0 58.0 
129.0 57.0 
124.0 58.0 
112.0 71.0 
114.0 63.0 
112.0 71.0 
111.0 73.0 
112.0 71.0 
118.0 61.0 
118.0 61.0 
105.0 91.0 
107.0 81.0 
139.0 57.0 
129.0 58.0 
129.0 58.0 
124.0 60.0 
129.0 58.0 
129.0 58.0 
125.0 59.0 
129.0 58.0 
114.0 69.0 
116.0 68.0 
119.0 64.0 
123.0 63.0 
105.0 92.0 
109.0 83.0 
176.0 57.0 
127.0 59.0 
127.0 59.0 
125.0 61.0 
127.0 59.0 
114.0 70.0 
117.0 68.0 
120.0 64.0 
119.0 65.0 
107.0 94.0 
111.0 91.0 
184.0 57.0 
181.0 58.0 
125.0 63.0 
129.0 59.0 
129.0 59.0 
114.0 71.0 
116.0 70.0 
121.0 64.0 
121.0 64.0 
112.0 93.0 
112.0 93.0 
112.0 93.0 
188.0 57.0 
127.0 63.0 
130.0 59.0 
115.0 71.0 
114.0 74.0 
119.0 70.0 
121.0 65.0 
125.0 64.0 
113.0 95.0 
113.0 95.0 
113.0 95.0 
113.0 95.0 
132.0 59.0 
113.0 98.0 
115.0 81.0 
