1827.0 521.0 
1934.0 495.0 
1800.0 531.0 
1827.0 521.0 
1677.0 605.0 
1702.0 580.0 
1677.0 605.0 
1800.0 531.0 
1766.0 539.0 
1733.0 542.0 
1829.0 518.0 
1700.0 588.0 
1854.0 515.0 
1800.0 531.0 
1855.0 511.0 
1704.0 571.0 
1951.0 493.0 
1779.0 532.0 
1671.0 616.0 
1934.0 495.0 
1700.0 588.0 
1689.0 602.0 
1677.0 605.0 
1677.0 605.0 
1894.0 508.0 
1827.0 521.0 
1827.0 521.0 
1800.0 531.0 
1899.0 501.0 
1706.0 565.0 
1770.0 541.0 
1770.0 541.0 
1770.0 541.0 
1770.0 541.0 
1770.0 541.0 
1770.0 541.0 
1734.0 553.0 
1734.0 553.0 
1734.0 553.0 
1767.0 542.0 
1735.0 545.0 
1837.0 519.0 
1837.0 519.0 
1862.0 517.0 
1862.0 517.0 
1862.0 517.0 
1862.0 517.0 
1862.0 517.0 
1705.0 581.0 
1953.0 493.0 
1792.0 532.0 
1792.0 532.0 
1783.0 537.0 
1674.0 616.0 
1674.0 616.0 
1935.0 495.0 
1696.0 603.0 
1696.0 603.0 
1696.0 603.0 
1696.0 603.0 
1696.0 603.0 
1696.0 603.0 
1696.0 603.0 
1696.0 603.0 
1696.0 603.0 
1696.0 603.0 
1696.0 603.0 
1696.0 603.0 
1680.0 606.0 
1678.0 611.0 
1678.0 611.0 
1685.0 605.0 
1680.0 606.0 
1678.0 611.0 
1685.0 605.0 
1680.0 606.0 
1832.0 524.0 
1901.0 506.0 
1929.0 501.0 
1712.0 571.0 
1708.0 577.0 
1706.0 579.0 
1731.0 565.0 
1731.0 565.0 
1723.0 566.0 
1723.0 566.0 
1731.0 565.0 
1708.0 577.0 
1674.0 623.0 
1674.0 623.0 
1945.0 495.0 
1837.0 520.0 
1693.0 606.0 
1902.0 510.0 
1834.0 526.0 
1775.0 541.0 
1906.0 506.0 
1799.0 532.0 
1705.0 590.0 
1734.0 561.0 
