1634.0 548.0 
1914.0 451.0 
1634.0 548.0 
1923.0 449.0 
1632.0 550.0 
1643.0 537.0 
1920.0 450.0 
1685.0 516.0 
1716.0 506.0 
1659.0 534.0 
1664.0 527.0 
1923.0 449.0 
1632.0 550.0 
1927.0 448.0 
1691.0 514.0 
1909.0 457.0 
1641.0 542.0 
1622.0 558.0 
1927.0 448.0 
1720.0 495.0 
1727.0 492.0 
1896.0 462.0 
1893.0 472.0 
1768.0 476.0 
1604.0 567.0 
1665.0 517.0 
1635.0 548.0 
1650.0 538.0 
1650.0 538.0 
1650.0 538.0 
1650.0 538.0 
1921.0 452.0 
1686.0 516.0 
1686.0 516.0 
1661.0 536.0 
1634.0 551.0 
1634.0 551.0 
1634.0 551.0 
1634.0 551.0 
1632.0 554.0 
1634.0 551.0 
1720.0 511.0 
1722.0 507.0 
1728.0 492.0 
1902.0 462.0 
1895.0 476.0 
1772.0 480.0 
1784.0 477.0 
1779.0 479.0 
1609.0 575.0 
1622.0 571.0 
1622.0 571.0 
1681.0 517.0 
1670.0 527.0 
1681.0 517.0 
1672.0 521.0 
1930.0 452.0 
1611.0 602.0 
1611.0 602.0 
1894.0 477.0 
1628.0 573.0 
1819.0 479.0 
1623.0 589.0 
1634.0 552.0 
1781.0 483.0 
1733.0 496.0 
1655.0 539.0 
1682.0 519.0 
1723.0 510.0 
1819.0 479.0 
1924.0 453.0 
1779.0 490.0 
1721.0 511.0 
1652.0 546.0 
1672.0 526.0 
1906.0 464.0 
1639.0 550.0 
1744.0 493.0 
1672.0 526.0 
1677.0 522.0 
1910.0 462.0 
1759.0 492.0 
1682.0 519.0 
1759.0 492.0 
1721.0 511.0 
1910.0 462.0 
1906.0 464.0 
1894.0 477.0 
1654.0 540.0 
1737.0 494.0 
1781.0 483.0 
1636.0 551.0 
1737.0 494.0 
1654.0 540.0 
1721.0 511.0 
1737.0 494.0 
1759.0 492.0 
1759.0 492.0 
1781.0 483.0 
1819.0 479.0 
