17.0 14.0 
23.0 9.0 
18.0 11.0 
17.0 14.0 
26.0 9.0 
25.0 10.0 
20.0 12.0 
20.0 12.0 
17.0 16.0 
18.0 15.0 
34.0 9.0 
21.0 12.0 
21.0 12.0 
17.0 17.0 
17.0 17.0 
17.0 17.0 
17.0 17.0 
17.0 17.0 
17.0 17.0 
17.0 17.0 
17.0 17.0 
17.0 17.0 
17.0 17.0 
17.0 17.0 
19.0 15.0 
18.0 16.0 
38.0 9.0 
29.0 12.0 
21.0 13.0 
21.0 13.0 
17.0 18.0 
17.0 18.0 
17.0 18.0 
17.0 18.0 
17.0 18.0 
19.0 16.0 
41.0 11.0 
41.0 11.0 
33.0 12.0 
23.0 14.0 
24.0 13.0 
21.0 15.0 
21.0 15.0 
21.0 15.0 
23.0 14.0 
23.0 14.0 
17.0 19.0 
20.0 16.0 
19.0 17.0 
19.0 17.0 
19.0 17.0 
19.0 17.0 
48.0 11.0 
48.0 11.0 
41.0 12.0 
41.0 12.0 
41.0 12.0 
35.0 13.0 
35.0 13.0 
35.0 13.0 
35.0 13.0 
25.0 14.0 
25.0 14.0 
25.0 14.0 
18.0 19.0 
18.0 19.0 
17.0 20.0 
17.0 20.0 
18.0 19.0 
22.0 16.0 
22.0 16.0 
20.0 17.0 
20.0 17.0 
19.0 18.0 
20.0 17.0 
20.0 17.0 
19.0 18.0 
55.0 11.0 
50.0 12.0 
36.0 13.0 
25.0 15.0 
29.0 14.0 
25.0 15.0 
17.0 22.0 
17.0 22.0 
18.0 21.0 
24.0 16.0 
21.0 17.0 
21.0 17.0 
21.0 17.0 
21.0 17.0 
21.0 17.0 
21.0 17.0 
21.0 17.0 
21.0 17.0 
20.0 18.0 
20.0 18.0 
19.0 19.0 
63.0 12.0 
17.0 23.0 
