141.0 45.0 
141.0 45.0 
146.0 43.0 
143.0 44.0 
140.0 51.0 
141.0 45.0 
141.0 45.0 
141.0 45.0 
141.0 45.0 
141.0 45.0 
148.0 43.0 
148.0 43.0 
148.0 43.0 
148.0 43.0 
148.0 43.0 
148.0 43.0 
148.0 43.0 
148.0 43.0 
148.0 43.0 
148.0 43.0 
144.0 44.0 
144.0 44.0 
144.0 44.0 
142.0 45.0 
142.0 45.0 
142.0 45.0 
141.0 48.0 
141.0 48.0 
142.0 45.0 
149.0 43.0 
149.0 43.0 
149.0 43.0 
149.0 43.0 
149.0 43.0 
149.0 43.0 
149.0 43.0 
149.0 43.0 
149.0 43.0 
149.0 43.0 
149.0 43.0 
149.0 43.0 
149.0 43.0 
149.0 43.0 
149.0 43.0 
149.0 43.0 
149.0 43.0 
149.0 43.0 
149.0 43.0 
149.0 43.0 
145.0 44.0 
145.0 44.0 
145.0 44.0 
145.0 44.0 
145.0 44.0 
143.0 45.0 
143.0 45.0 
143.0 45.0 
143.0 45.0 
142.0 48.0 
143.0 45.0 
143.0 45.0 
150.0 43.0 
150.0 43.0 
150.0 43.0 
150.0 43.0 
150.0 43.0 
150.0 43.0 
150.0 43.0 
150.0 43.0 
150.0 43.0 
147.0 44.0 
142.0 49.0 
143.0 47.0 
143.0 47.0 
144.0 45.0 
151.0 43.0 
151.0 43.0 
151.0 43.0 
151.0 43.0 
151.0 43.0 
151.0 43.0 
151.0 43.0 
151.0 43.0 
148.0 44.0 
148.0 44.0 
148.0 44.0 
148.0 44.0 
143.0 48.0 
143.0 48.0 
143.0 48.0 
143.0 48.0 
145.0 45.0 
145.0 45.0 
144.0 47.0 
145.0 45.0 
153.0 43.0 
143.0 49.0 
143.0 49.0 
146.0 45.0 
145.0 47.0 
