582.0 168.0 
537.0 170.0 
537.0 170.0 
394.0 177.0 
537.0 170.0 
347.0 181.0 
1023.0 139.0 
537.0 170.0 
537.0 170.0 
347.0 181.0 
394.0 177.0 
986.0 140.0 
1257.0 131.0 
1023.0 139.0 
1278.0 129.0 
394.0 177.0 
582.0 168.0 
1470.0 123.0 
864.0 150.0 
1525.0 119.0 
537.0 170.0 
1278.0 129.0 
537.0 170.0 
537.0 170.0 
1404.0 124.0 
347.0 181.0 
676.0 159.0 
347.0 181.0 
1525.0 119.0 
577.0 169.0 
304.0 196.0 
641.0 164.0 
341.0 182.0 
587.0 166.0 
347.0 181.0 
1470.0 123.0 
394.0 177.0 
347.0 181.0 
679.0 158.0 
282.0 218.0 
537.0 170.0 
537.0 170.0 
394.0 177.0 
895.0 145.0 
347.0 181.0 
1142.0 133.0 
970.0 142.0 
282.0 218.0 
1691.0 112.0 
831.0 151.0 
1525.0 119.0 
986.0 140.0 
616.0 165.0 
1122.0 134.0 
760.0 152.0 
282.0 218.0 
339.0 185.0 
643.0 160.0 
870.0 149.0 
1646.0 116.0 
1619.0 117.0 
983.0 141.0 
888.0 147.0 
1557.0 118.0 
288.0 207.0 
503.0 172.0 
297.0 202.0 
347.0 181.0 
282.0 218.0 
395.0 173.0 
394.0 177.0 
341.0 182.0 
1169.0 132.0 
1065.0 137.0 
1715.0 112.0 
283.0 219.0 
283.0 219.0 
1407.0 127.0 
304.0 197.0 
344.0 185.0 
1174.0 132.0 
996.0 140.0 
431.0 173.0 
587.0 167.0 
894.0 147.0 
409.0 177.0 
1494.0 123.0 
676.0 160.0 
762.0 155.0 
295.0 210.0 
884.0 149.0 
770.0 152.0 
1525.0 122.0 
1609.0 119.0 
1075.0 138.0 
1166.0 135.0 
1108.0 137.0 
1692.0 113.0 
1663.0 117.0 
641.0 165.0 
