126.0 46.0 
126.0 65.0 
142.0 53.0 
140.0 61.0 
130.0 64.0 
126.0 65.0 
147.0 57.0 
176.0 53.0 
144.0 58.0 
168.0 54.0 
141.0 62.0 
132.0 70.0 
140.0 67.0 
163.0 57.0 
144.0 61.0 
154.0 60.0 
142.0 65.0 
143.0 63.0 
194.0 57.0 
146.0 62.0 
168.0 61.0 
176.0 60.0 
150.0 68.0 
146.0 71.0 
150.0 68.0 
153.0 67.0 
158.0 66.0 
169.0 65.0 
174.0 62.0 
184.0 61.0 
150.0 70.0 
152.0 68.0 
165.0 66.0 
161.0 67.0 
174.0 64.0 
177.0 62.0 
153.0 68.0 
173.0 66.0 
166.0 67.0 
175.0 65.0 
175.0 65.0 
178.0 62.0 
154.0 75.0 
155.0 71.0 
169.0 67.0 
177.0 66.0 
179.0 64.0 
188.0 62.0 
158.0 71.0 
155.0 73.0 
174.0 68.0 
180.0 65.0 
181.0 64.0 
196.0 63.0 
172.0 71.0 
162.0 75.0 
158.0 81.0 
178.0 69.0 
176.0 70.0 
180.0 67.0 
193.0 65.0 
182.0 66.0 
220.0 63.0 
172.0 74.0 
164.0 75.0 
164.0 75.0 
161.0 82.0 
179.0 69.0 
176.0 71.0 
181.0 67.0 
191.0 66.0 
191.0 66.0 
174.0 74.0 
164.0 77.0 
173.0 75.0 
180.0 69.0 
182.0 68.0 
191.0 67.0 
179.0 74.0 
167.0 78.0 
174.0 77.0 
180.0 70.0 
191.0 68.0 
179.0 75.0 
170.0 78.0 
182.0 70.0 
180.0 71.0 
197.0 68.0 
191.0 69.0 
171.0 79.0 
180.0 72.0 
206.0 68.0 
202.0 69.0 
197.0 70.0 
179.0 83.0 
177.0 87.0 
181.0 72.0 
180.0 75.0 
204.0 69.0 
197.0 71.0 
