73.0 61.0 
85.0 57.0 
56.0 65.0 
93.0 42.0 
67.0 62.0 
137.0 41.0 
57.0 64.0 
64.0 63.0 
182.0 39.0 
165.0 40.0 
76.0 59.0 
80.0 58.0 
56.0 65.0 
204.0 36.0 
133.0 44.0 
121.0 46.0 
99.0 55.0 
134.0 43.0 
134.0 43.0 
125.0 45.0 
107.0 49.0 
121.0 46.0 
73.0 62.0 
150.0 41.0 
141.0 42.0 
70.0 63.0 
199.0 39.0 
191.0 40.0 
191.0 40.0 
78.0 61.0 
98.0 58.0 
83.0 60.0 
64.0 70.0 
67.0 69.0 
63.0 72.0 
206.0 37.0 
206.0 37.0 
206.0 37.0 
138.0 43.0 
119.0 54.0 
109.0 55.0 
120.0 52.0 
124.0 46.0 
122.0 51.0 
122.0 51.0 
151.0 41.0 
70.0 64.0 
82.0 62.0 
82.0 62.0 
100.0 59.0 
94.0 60.0 
85.0 61.0 
68.0 70.0 
63.0 73.0 
219.0 38.0 
144.0 43.0 
113.0 58.0 
118.0 56.0 
125.0 50.0 
126.0 48.0 
131.0 46.0 
123.0 51.0 
170.0 41.0 
152.0 42.0 
70.0 67.0 
80.0 64.0 
76.0 65.0 
84.0 62.0 
83.0 63.0 
105.0 59.0 
69.0 71.0 
69.0 71.0 
64.0 78.0 
67.0 76.0 
68.0 74.0 
64.0 78.0 
150.0 45.0 
150.0 45.0 
116.0 58.0 
129.0 49.0 
139.0 47.0 
125.0 51.0 
209.0 41.0 
170.0 42.0 
165.0 44.0 
72.0 67.0 
83.0 65.0 
85.0 63.0 
83.0 65.0 
84.0 64.0 
106.0 60.0 
70.0 73.0 
71.0 71.0 
69.0 78.0 
183.0 42.0 
70.0 76.0 
154.0 45.0 
170.0 43.0 
106.0 62.0 
123.0 58.0 
