1718.0 545.0 
2039.0 446.0 
1888.0 461.0 
1888.0 461.0 
1710.0 652.0 
2039.0 446.0 
1833.0 484.0 
1718.0 545.0 
1912.0 451.0 
1718.0 545.0 
2016.0 450.0 
1719.0 541.0 
1713.0 546.0 
1848.0 478.0 
1753.0 490.0 
1905.0 456.0 
1833.0 484.0 
1848.0 478.0 
1912.0 451.0 
2044.0 444.0 
1708.0 655.0 
1873.0 472.0 
1894.0 459.0 
1728.0 525.0 
1727.0 541.0 
1720.0 544.0 
1717.0 653.0 
1717.0 653.0 
1717.0 653.0 
1717.0 653.0 
1717.0 653.0 
1718.0 650.0 
1718.0 650.0 
1718.0 650.0 
1718.0 650.0 
1718.0 650.0 
1762.0 491.0 
1762.0 491.0 
1857.0 486.0 
1849.0 488.0 
1857.0 486.0 
1923.0 456.0 
1923.0 456.0 
1923.0 456.0 
1923.0 456.0 
1947.0 451.0 
1932.0 453.0 
1932.0 453.0 
2044.0 445.0 
2044.0 445.0 
2044.0 445.0 
1712.0 658.0 
1712.0 658.0 
1712.0 658.0 
1715.0 655.0 
1891.0 476.0 
1880.0 478.0 
1880.0 478.0 
1876.0 479.0 
1874.0 485.0 
1874.0 485.0 
1874.0 485.0 
1900.0 462.0 
1900.0 462.0 
1900.0 462.0 
1900.0 462.0 
1900.0 462.0 
1744.0 527.0 
2044.0 446.0 
2044.0 446.0 
1712.0 660.0 
1712.0 660.0 
1720.0 546.0 
1718.0 651.0 
1788.0 496.0 
1975.0 452.0 
1758.0 539.0 
1849.0 491.0 
1908.0 467.0 
1779.0 517.0 
1776.0 524.0 
1893.0 477.0 
1926.0 466.0 
1952.0 453.0 
1861.0 486.0 
1876.0 482.0 
1929.0 457.0 
1713.0 659.0 
1851.0 488.0 
1942.0 454.0 
1942.0 454.0 
1881.0 478.0 
1720.0 546.0 
1880.0 479.0 
1778.0 520.0 
1777.0 522.0 
1929.0 457.0 
1881.0 478.0 
1929.0 457.0 
2044.0 446.0 
