1839.0 516.0 
1799.0 528.0 
1799.0 528.0 
1799.0 528.0 
1701.0 567.0 
1799.0 528.0 
1839.0 516.0 
1825.0 522.0 
1721.0 562.0 
1825.0 522.0 
1753.0 542.0 
1753.0 542.0 
1770.0 533.0 
1817.0 523.0 
1712.0 565.0 
1690.0 572.0 
1698.0 568.0 
1832.0 519.0 
1770.0 533.0 
1834.0 518.0 
1832.0 519.0 
1839.0 516.0 
1753.0 542.0 
1654.0 580.0 
1797.0 529.0 
1721.0 562.0 
1710.0 566.0 
1793.0 531.0 
1770.0 533.0 
1812.0 524.0 
1727.0 549.0 
1690.0 572.0 
1743.0 543.0 
1722.0 550.0 
1764.0 536.0 
1740.0 548.0 
1799.0 528.0 
1698.0 568.0 
1753.0 542.0 
1825.0 522.0 
1841.0 515.0 
1793.0 531.0 
1812.0 524.0 
1682.0 573.0 
1710.0 566.0 
1721.0 562.0 
1753.0 542.0 
1712.0 565.0 
1770.0 533.0 
1753.0 542.0 
1788.0 532.0 
1753.0 542.0 
1839.0 516.0 
1812.0 524.0 
1698.0 568.0 
1712.0 565.0 
1743.0 543.0 
1839.0 516.0 
1654.0 580.0 
1770.0 533.0 
1740.0 548.0 
1770.0 533.0 
1710.0 566.0 
1768.0 535.0 
1753.0 542.0 
1799.0 528.0 
1825.0 522.0 
1795.0 530.0 
1677.0 574.0 
1721.0 562.0 
1742.0 546.0 
1753.0 542.0 
1722.0 550.0 
1793.0 531.0 
1843.0 516.0 
1843.0 516.0 
1655.0 580.0 
1655.0 580.0 
1680.0 574.0 
1716.0 566.0 
1722.0 553.0 
1698.0 571.0 
1758.0 542.0 
1789.0 532.0 
1723.0 550.0 
1683.0 573.0 
1771.0 533.0 
1807.0 529.0 
1699.0 568.0 
1738.0 549.0 
1770.0 536.0 
1833.0 519.0 
1816.0 524.0 
1813.0 527.0 
1796.0 530.0 
1770.0 536.0 
1713.0 567.0 
1833.0 519.0 
1816.0 524.0 
1746.0 543.0 
