2126.0 608.0 
2075.0 629.0 
2075.0 629.0 
2075.0 629.0 
2129.0 607.0 
2034.0 634.0 
2113.0 624.0 
2000.0 653.0 
2067.0 630.0 
2009.0 649.0 
1897.0 714.0 
1929.0 690.0 
2117.0 612.0 
2014.0 648.0 
1897.0 714.0 
2009.0 649.0 
2075.0 629.0 
1999.0 658.0 
1968.0 662.0 
2130.0 600.0 
2113.0 624.0 
2067.0 630.0 
2079.0 628.0 
1924.0 711.0 
1938.0 676.0 
2040.0 634.0 
2040.0 634.0 
1933.0 696.0 
2123.0 617.0 
2129.0 615.0 
2123.0 617.0 
1902.0 719.0 
1904.0 716.0 
1902.0 719.0 
2017.0 656.0 
2017.0 656.0 
2034.0 654.0 
2017.0 656.0 
2014.0 657.0 
2017.0 656.0 
2039.0 652.0 
1996.0 671.0 
1996.0 671.0 
1989.0 672.0 
1996.0 671.0 
1988.0 675.0 
2159.0 604.0 
2159.0 604.0 
2135.0 609.0 
2160.0 602.0 
2136.0 606.0 
2121.0 625.0 
2082.0 630.0 
1940.0 677.0 
2040.0 635.0 
1934.0 700.0 
1935.0 696.0 
1935.0 696.0 
1934.0 700.0 
1934.0 700.0 
2126.0 617.0 
1910.0 721.0 
1905.0 723.0 
1905.0 723.0 
1917.0 720.0 
1917.0 720.0 
1910.0 721.0 
1905.0 723.0 
2037.0 655.0 
2015.0 670.0 
2036.0 656.0 
2034.0 658.0 
2017.0 659.0 
1990.0 673.0 
1997.0 672.0 
1997.0 672.0 
2167.0 603.0 
2163.0 605.0 
2137.0 608.0 
2097.0 630.0 
2097.0 630.0 
2097.0 630.0 
2082.0 632.0 
1947.0 679.0 
1964.0 678.0 
1941.0 681.0 
1964.0 678.0 
1947.0 679.0 
1910.0 726.0 
1910.0 726.0 
2166.0 605.0 
2166.0 605.0 
2128.0 617.0 
1969.0 680.0 
1915.0 721.0 
2029.0 659.0 
2105.0 631.0 
1943.0 681.0 
2060.0 637.0 
1938.0 696.0 
