322.0 224.0 
374.0 200.0 
333.0 202.0 
311.0 225.0 
374.0 200.0 
333.0 202.0 
709.0 161.0 
326.0 206.0 
1504.0 121.0 
709.0 161.0 
311.0 225.0 
333.0 202.0 
311.0 225.0 
322.0 224.0 
1504.0 121.0 
311.0 225.0 
311.0 225.0 
322.0 224.0 
1511.0 120.0 
1565.0 118.0 
996.0 139.0 
374.0 200.0 
882.0 143.0 
443.0 175.0 
388.0 198.0 
374.0 200.0 
709.0 161.0 
398.0 189.0 
803.0 148.0 
1363.0 126.0 
1385.0 125.0 
1233.0 131.0 
868.0 146.0 
394.0 190.0 
388.0 198.0 
443.0 175.0 
1004.0 135.0 
672.0 162.0 
883.0 140.0 
1233.0 131.0 
660.0 164.0 
709.0 161.0 
1495.0 123.0 
709.0 161.0 
1565.0 118.0 
326.0 206.0 
1201.0 132.0 
751.0 156.0 
311.0 225.0 
1565.0 118.0 
1607.0 112.0 
593.0 167.0 
452.0 173.0 
1264.0 127.0 
394.0 190.0 
996.0 139.0 
883.0 140.0 
1679.0 111.0 
735.0 159.0 
632.0 165.0 
803.0 148.0 
1385.0 125.0 
1565.0 118.0 
443.0 175.0 
547.0 172.0 
574.0 171.0 
1511.0 120.0 
311.0 243.0 
1680.0 112.0 
1680.0 112.0 
395.0 190.0 
335.0 202.0 
327.0 210.0 
443.0 183.0 
473.0 173.0 
321.0 226.0 
314.0 231.0 
947.0 141.0 
677.0 162.0 
1589.0 119.0 
1388.0 126.0 
1213.0 132.0 
1285.0 128.0 
889.0 143.0 
1201.0 134.0 
803.0 149.0 
1403.0 125.0 
1083.0 135.0 
1007.0 138.0 
1496.0 124.0 
580.0 172.0 
1514.0 120.0 
1018.0 136.0 
868.0 147.0 
795.0 156.0 
1285.0 128.0 
1626.0 114.0 
654.0 166.0 
745.0 159.0 
1083.0 135.0 
