326.0 206.0 
326.0 206.0 
443.0 172.0 
326.0 206.0 
443.0 172.0 
443.0 172.0 
758.0 149.0 
442.0 173.0 
758.0 149.0 
758.0 149.0 
758.0 149.0 
758.0 149.0 
758.0 149.0 
498.0 167.0 
309.0 221.0 
1365.0 121.0 
442.0 173.0 
996.0 131.0 
1546.0 112.0 
442.0 173.0 
847.0 140.0 
758.0 149.0 
1434.0 116.0 
996.0 131.0 
1365.0 121.0 
1563.0 111.0 
996.0 131.0 
996.0 131.0 
1365.0 121.0 
731.0 152.0 
1380.0 117.0 
996.0 131.0 
758.0 149.0 
1365.0 121.0 
1694.0 105.0 
558.0 161.0 
838.0 141.0 
1230.0 124.0 
1379.0 119.0 
744.0 151.0 
636.0 154.0 
948.0 132.0 
1696.0 104.0 
1546.0 112.0 
1720.0 100.0 
758.0 149.0 
1578.0 107.0 
948.0 132.0 
758.0 149.0 
443.0 172.0 
838.0 141.0 
758.0 149.0 
1365.0 121.0 
1715.0 103.0 
1694.0 105.0 
442.0 173.0 
330.0 197.0 
910.0 135.0 
821.0 143.0 
558.0 161.0 
514.0 165.0 
1184.0 127.0 
821.0 143.0 
1255.0 122.0 
1434.0 116.0 
838.0 141.0 
731.0 152.0 
1546.0 112.0 
1212.0 126.0 
1379.0 119.0 
498.0 167.0 
1233.0 123.0 
326.0 206.0 
1578.0 107.0 
393.0 187.0 
768.0 147.0 
611.0 156.0 
451.0 169.0 
316.0 208.0 
1478.0 114.0 
887.0 138.0 
1663.0 106.0 
758.0 149.0 
442.0 173.0 
814.0 145.0 
996.0 131.0 
1212.0 126.0 
468.0 168.0 
326.0 206.0 
1183.0 129.0 
431.0 184.0 
1546.0 112.0 
948.0 132.0 
438.0 175.0 
1455.0 115.0 
443.0 172.0 
636.0 154.0 
309.0 226.0 
1724.0 102.0 
953.0 132.0 
