596.0 326.0 
2234.0 233.0 
496.0 336.0 
636.0 305.0 
495.0 337.0 
2165.0 235.0 
823.0 268.0 
518.0 333.0 
823.0 268.0 
1978.0 247.0 
2259.0 227.0 
1047.0 249.0 
2025.0 238.0 
627.0 306.0 
679.0 279.0 
465.0 339.0 
656.0 301.0 
626.0 331.0 
602.0 332.0 
498.0 338.0 
528.0 336.0 
573.0 333.0 
528.0 336.0 
828.0 278.0 
2020.0 247.0 
2286.0 227.0 
2286.0 227.0 
2260.0 231.0 
1931.0 253.0 
1432.0 258.0 
1432.0 258.0 
1114.0 262.0 
1430.0 260.0 
1620.0 255.0 
2047.0 245.0 
2178.0 240.0 
649.0 328.0 
755.0 294.0 
801.0 285.0 
784.0 290.0 
495.0 341.0 
742.0 303.0 
735.0 304.0 
657.0 322.0 
678.0 309.0 
678.0 309.0 
718.0 306.0 
702.0 308.0 
668.0 320.0 
718.0 306.0 
668.0 320.0 
620.0 333.0 
530.0 339.0 
540.0 336.0 
979.0 282.0 
2033.0 251.0 
2293.0 228.0 
1427.0 266.0 
1427.0 266.0 
1340.0 272.0 
1145.0 273.0 
1927.0 256.0 
1780.0 257.0 
1676.0 260.0 
1980.0 255.0 
2066.0 246.0 
2185.0 241.0 
798.0 290.0 
786.0 300.0 
798.0 290.0 
784.0 301.0 
510.0 353.0 
520.0 344.0 
510.0 353.0 
504.0 363.0 
658.0 323.0 
698.0 319.0 
728.0 315.0 
745.0 314.0 
692.0 320.0 
2311.0 228.0 
2311.0 228.0 
513.0 373.0 
2241.0 245.0 
798.0 292.0 
1607.0 272.0 
1050.0 287.0 
2037.0 254.0 
1346.0 273.0 
2091.0 249.0 
1149.0 278.0 
628.0 334.0 
1873.0 258.0 
540.0 338.0 
539.0 351.0 
667.0 323.0 
1850.0 264.0 
797.0 303.0 
793.0 311.0 
1127.0 285.0 
