108.0 113.0 
150.0 57.0 
121.0 59.0 
115.0 109.0 
116.0 108.0 
109.0 114.0 
124.0 92.0 
129.0 59.0 
124.0 92.0 
120.0 109.0 
110.0 117.0 
130.0 60.0 
162.0 59.0 
162.0 59.0 
162.0 59.0 
129.0 73.0 
125.0 103.0 
116.0 117.0 
110.0 132.0 
138.0 63.0 
134.0 64.0 
146.0 61.0 
133.0 71.0 
162.0 60.0 
130.0 74.0 
129.0 95.0 
116.0 118.0 
115.0 143.0 
140.0 66.0 
155.0 64.0 
136.0 73.0 
163.0 63.0 
166.0 61.0 
130.0 82.0 
132.0 74.0 
129.0 99.0 
125.0 130.0 
125.0 130.0 
125.0 130.0 
122.0 133.0 
124.0 132.0 
120.0 137.0 
140.0 70.0 
140.0 70.0 
143.0 67.0 
151.0 66.0 
158.0 64.0 
183.0 62.0 
170.0 63.0 
130.0 87.0 
137.0 79.0 
129.0 103.0 
126.0 131.0 
126.0 131.0 
122.0 135.0 
120.0 155.0 
141.0 75.0 
146.0 68.0 
146.0 68.0 
143.0 69.0 
146.0 68.0 
143.0 69.0 
160.0 64.0 
134.0 94.0 
132.0 98.0 
134.0 94.0 
137.0 92.0 
140.0 81.0 
137.0 92.0 
129.0 108.0 
123.0 139.0 
126.0 136.0 
152.0 68.0 
144.0 71.0 
161.0 64.0 
133.0 98.0 
136.0 97.0 
142.0 83.0 
131.0 108.0 
129.0 114.0 
124.0 146.0 
125.0 140.0 
157.0 68.0 
145.0 75.0 
147.0 72.0 
145.0 75.0 
156.0 71.0 
163.0 64.0 
133.0 105.0 
138.0 104.0 
139.0 101.0 
144.0 95.0 
131.0 109.0 
130.0 115.0 
124.0 148.0 
166.0 64.0 
131.0 126.0 
142.0 101.0 
128.0 141.0 
145.0 83.0 
