24.0 10.0 
24.0 10.0 
17.0 23.0 
17.0 23.0 
21.0 21.0 
17.0 23.0 
24.0 12.0 
23.0 25.0 
20.0 26.0 
19.0 45.0 
24.0 13.0 
26.0 12.0 
24.0 13.0 
24.0 13.0 
20.0 28.0 
19.0 47.0 
28.0 12.0 
25.0 13.0 
25.0 13.0 
25.0 13.0 
21.0 43.0 
23.0 29.0 
22.0 36.0 
20.0 47.0 
25.0 18.0 
26.0 15.0 
28.0 13.0 
21.0 46.0 
21.0 46.0 
23.0 31.0 
22.0 38.0 
20.0 52.0 
20.0 52.0 
20.0 52.0 
25.0 23.0 
25.0 23.0 
25.0 23.0 
26.0 16.0 
26.0 16.0 
26.0 16.0 
26.0 16.0 
29.0 13.0 
24.0 31.0 
23.0 33.0 
22.0 40.0 
20.0 53.0 
20.0 53.0 
25.0 24.0 
25.0 24.0 
26.0 17.0 
26.0 17.0 
30.0 13.0 
29.0 14.0 
29.0 14.0 
24.0 35.0 
24.0 35.0 
24.0 35.0 
24.0 35.0 
24.0 35.0 
23.0 43.0 
23.0 43.0 
22.0 46.0 
21.0 53.0 
21.0 53.0 
21.0 53.0 
25.0 25.0 
27.0 22.0 
27.0 22.0 
36.0 13.0 
36.0 13.0 
36.0 13.0 
36.0 13.0 
36.0 13.0 
30.0 14.0 
30.0 14.0 
30.0 14.0 
29.0 21.0 
30.0 14.0 
24.0 36.0 
22.0 47.0 
21.0 55.0 
25.0 32.0 
26.0 25.0 
38.0 13.0 
29.0 22.0 
31.0 14.0 
30.0 15.0 
30.0 15.0 
24.0 38.0 
23.0 48.0 
23.0 48.0 
22.0 52.0 
21.0 56.0 
36.0 14.0 
36.0 14.0 
21.0 58.0 
21.0 58.0 
31.0 15.0 
30.0 17.0 
23.0 52.0 
