117.0 49.0 
117.0 49.0 
110.0 55.0 
117.0 49.0 
117.0 49.0 
117.0 49.0 
117.0 49.0 
117.0 49.0 
117.0 49.0 
117.0 49.0 
117.0 49.0 
117.0 49.0 
117.0 49.0 
117.0 49.0 
117.0 49.0 
117.0 49.0 
117.0 49.0 
117.0 49.0 
117.0 49.0 
117.0 49.0 
113.0 52.0 
117.0 49.0 
117.0 49.0 
110.0 55.0 
117.0 49.0 
117.0 49.0 
117.0 49.0 
113.0 52.0 
110.0 55.0 
110.0 55.0 
117.0 49.0 
117.0 49.0 
110.0 55.0 
117.0 49.0 
117.0 49.0 
122.0 46.0 
117.0 49.0 
117.0 49.0 
117.0 49.0 
117.0 49.0 
117.0 49.0 
117.0 49.0 
113.0 52.0 
110.0 55.0 
117.0 49.0 
117.0 49.0 
110.0 55.0 
117.0 49.0 
117.0 49.0 
117.0 49.0 
113.0 52.0 
122.0 46.0 
117.0 49.0 
117.0 49.0 
117.0 49.0 
117.0 49.0 
117.0 49.0 
110.0 55.0 
113.0 52.0 
117.0 49.0 
117.0 49.0 
117.0 49.0 
117.0 49.0 
117.0 49.0 
117.0 49.0 
113.0 52.0 
117.0 49.0 
117.0 49.0 
117.0 49.0 
110.0 55.0 
113.0 52.0 
117.0 49.0 
113.0 52.0 
110.0 55.0 
117.0 49.0 
113.0 52.0 
117.0 49.0 
117.0 49.0 
117.0 49.0 
117.0 49.0 
117.0 49.0 
122.0 46.0 
117.0 49.0 
117.0 49.0 
110.0 55.0 
141.0 46.0 
141.0 46.0 
112.0 55.0 
112.0 55.0 
123.0 47.0 
114.0 52.0 
114.0 52.0 
119.0 49.0 
117.0 50.0 
123.0 47.0 
119.0 49.0 
117.0 50.0 
114.0 52.0 
114.0 52.0 
114.0 52.0 
