1893.0 550.0 
1985.0 508.0 
1893.0 550.0 
1966.0 521.0 
1966.0 521.0 
1854.0 574.0 
1901.0 537.0 
1985.0 508.0 
1966.0 521.0 
1817.0 602.0 
1979.0 517.0 
1901.0 537.0 
1893.0 550.0 
1864.0 571.0 
1832.0 581.0 
1807.0 615.0 
1827.0 600.0 
1880.0 567.0 
1901.0 537.0 
1985.0 508.0 
1831.0 596.0 
1854.0 577.0 
1981.0 521.0 
1979.0 536.0 
1843.0 595.0 
1847.0 589.0 
1821.0 620.0 
1821.0 620.0 
1821.0 620.0 
1821.0 620.0 
1821.0 620.0 
1829.0 606.0 
1881.0 572.0 
1881.0 572.0 
1895.0 567.0 
1881.0 572.0 
1961.0 539.0 
1909.0 546.0 
1906.0 556.0 
1906.0 556.0 
1974.0 537.0 
1906.0 556.0 
1925.0 540.0 
2119.0 512.0 
2119.0 512.0 
2187.0 508.0 
1992.0 513.0 
2119.0 512.0 
1838.0 605.0 
1859.0 582.0 
1859.0 582.0 
1862.0 580.0 
1982.0 529.0 
1989.0 525.0 
1989.0 525.0 
1845.0 597.0 
1844.0 599.0 
1844.0 599.0 
1850.0 591.0 
1850.0 591.0 
1851.0 590.0 
1849.0 594.0 
1849.0 594.0 
1828.0 629.0 
1833.0 616.0 
1836.0 609.0 
1833.0 616.0 
1833.0 616.0 
1833.0 616.0 
1836.0 609.0 
1888.0 579.0 
1890.0 578.0 
1906.0 571.0 
1907.0 563.0 
1913.0 557.0 
1941.0 541.0 
1937.0 546.0 
1937.0 546.0 
1929.0 556.0 
1993.0 524.0 
1993.0 524.0 
1993.0 524.0 
2027.0 518.0 
1995.0 520.0 
2084.0 517.0 
2174.0 514.0 
1833.0 617.0 
2230.0 514.0 
2122.0 517.0 
2031.0 518.0 
2192.0 515.0 
1984.0 529.0 
1950.0 541.0 
1909.0 564.0 
1897.0 579.0 
1848.0 598.0 
1931.0 556.0 
1942.0 549.0 
1868.0 583.0 
1916.0 560.0 
