2533.0 869.0 
2520.0 975.0 
2891.0 749.0 
2644.0 837.0 
2775.0 792.0 
2935.0 726.0 
2925.0 739.0 
2600.0 844.0 
2694.0 809.0 
2581.0 863.0 
2543.0 877.0 
2532.0 1005.0 
2521.0 1027.0 
2537.0 1002.0 
2899.0 778.0 
2887.0 793.0 
2791.0 801.0 
3047.0 729.0 
2998.0 741.0 
2941.0 771.0 
2968.0 750.0 
2961.0 767.0 
2696.0 820.0 
2777.0 816.0 
2564.0 918.0 
2685.0 879.0 
2656.0 881.0 
2548.0 994.0 
2565.0 886.0 
2593.0 885.0 
2564.0 918.0 
2559.0 990.0 
2685.0 879.0 
2911.0 792.0 
2910.0 793.0 
2910.0 793.0 
2910.0 793.0 
2864.0 804.0 
3061.0 738.0 
3053.0 748.0 
2941.0 772.0 
2973.0 751.0 
2973.0 751.0 
2740.0 835.0 
2740.0 835.0 
2710.0 849.0 
2849.0 831.0 
2660.0 881.0 
2557.0 1009.0 
2571.0 905.0 
2618.0 890.0 
2594.0 900.0 
2564.0 989.0 
2920.0 799.0 
2920.0 799.0 
2920.0 799.0 
2903.0 814.0 
2866.0 830.0 
3067.0 738.0 
3056.0 749.0 
2942.0 793.0 
3036.0 753.0 
2975.0 759.0 
2764.0 843.0 
2723.0 850.0 
2850.0 833.0 
2710.0 881.0 
2688.0 887.0 
2585.0 906.0 
2643.0 899.0 
2679.0 895.0 
2599.0 900.0 
2564.0 1008.0 
2932.0 799.0 
2930.0 807.0 
3070.0 744.0 
3070.0 744.0 
3043.0 754.0 
3062.0 753.0 
3006.0 762.0 
3000.0 770.0 
2835.0 845.0 
2788.0 848.0 
2765.0 866.0 
2745.0 867.0 
2868.0 839.0 
2565.0 1042.0 
3090.0 750.0 
3090.0 750.0 
2575.0 1025.0 
2585.0 910.0 
2710.0 888.0 
3016.0 780.0 
2725.0 886.0 
2814.0 873.0 
2612.0 900.0 
2959.0 802.0 
2936.0 832.0 
3049.0 776.0 
3053.0 760.0 
