1162.0 220.0 
1162.0 220.0 
1688.0 194.0 
667.0 244.0 
1687.0 198.0 
1574.0 206.0 
1198.0 216.0 
1589.0 201.0 
1162.0 220.0 
469.0 270.0 
1407.0 208.0 
700.0 243.0 
707.0 238.0 
959.0 224.0 
1887.0 181.0 
784.0 232.0 
467.0 280.0 
769.0 237.0 
1154.0 223.0 
519.0 245.0 
1237.0 213.0 
1253.0 212.0 
519.0 245.0 
769.0 237.0 
1596.0 200.0 
1757.0 186.0 
1688.0 194.0 
959.0 224.0 
1170.0 218.0 
1302.0 210.0 
874.0 229.0 
418.0 288.0 
461.0 281.0 
470.0 261.0 
512.0 255.0 
1435.0 209.0 
1436.0 208.0 
1435.0 209.0 
522.0 248.0 
668.0 245.0 
782.0 239.0 
827.0 237.0 
1611.0 200.0 
1596.0 206.0 
1611.0 200.0 
1788.0 187.0 
1849.0 186.0 
1849.0 186.0 
1730.0 194.0 
1688.0 195.0 
1688.0 195.0 
964.0 224.0 
1182.0 221.0 
1176.0 222.0 
1207.0 218.0 
1306.0 211.0 
934.0 229.0 
877.0 232.0 
877.0 232.0 
915.0 230.0 
934.0 229.0 
440.0 295.0 
455.0 292.0 
434.0 297.0 
449.0 293.0 
425.0 303.0 
464.0 289.0 
488.0 262.0 
472.0 273.0 
473.0 269.0 
518.0 256.0 
518.0 256.0 
515.0 257.0 
1789.0 188.0 
1789.0 188.0 
430.0 308.0 
766.0 246.0 
1075.0 224.0 
550.0 249.0 
1436.0 210.0 
886.0 234.0 
1212.0 222.0 
1596.0 209.0 
472.0 281.0 
1726.0 195.0 
1307.0 216.0 
963.0 229.0 
982.0 227.0 
1232.0 218.0 
464.0 290.0 
504.0 262.0 
1670.0 202.0 
839.0 238.0 
522.0 254.0 
785.0 242.0 
1613.0 203.0 
498.0 265.0 
474.0 273.0 
1365.0 211.0 
1342.0 212.0 
