86.0 45.0 
99.0 42.0 
78.0 55.0 
95.0 44.0 
103.0 39.0 
86.0 45.0 
107.0 33.0 
104.0 35.0 
97.0 43.0 
79.0 46.0 
96.0 45.0 
109.0 39.0 
109.0 39.0 
106.0 42.0 
106.0 42.0 
115.0 35.0 
109.0 39.0 
99.0 43.0 
82.0 52.0 
82.0 52.0 
80.0 58.0 
85.0 48.0 
84.0 49.0 
88.0 46.0 
82.0 52.0 
98.0 45.0 
107.0 42.0 
111.0 40.0 
110.0 41.0 
111.0 40.0 
117.0 39.0 
101.0 43.0 
99.0 44.0 
99.0 44.0 
99.0 44.0 
99.0 44.0 
99.0 44.0 
93.0 49.0 
94.0 46.0 
91.0 51.0 
85.0 54.0 
87.0 53.0 
85.0 54.0 
89.0 52.0 
85.0 54.0 
84.0 67.0 
109.0 42.0 
111.0 41.0 
113.0 40.0 
138.0 39.0 
105.0 43.0 
99.0 45.0 
104.0 44.0 
104.0 44.0 
99.0 45.0 
104.0 44.0 
104.0 44.0 
104.0 44.0 
96.0 46.0 
96.0 46.0 
96.0 46.0 
94.0 49.0 
96.0 46.0 
96.0 46.0 
94.0 49.0 
96.0 46.0 
96.0 46.0 
91.0 52.0 
90.0 53.0 
86.0 54.0 
84.0 69.0 
111.0 42.0 
117.0 40.0 
117.0 40.0 
117.0 40.0 
140.0 39.0 
108.0 43.0 
101.0 45.0 
101.0 45.0 
106.0 44.0 
94.0 51.0 
94.0 51.0 
96.0 48.0 
96.0 48.0 
98.0 46.0 
96.0 48.0 
92.0 53.0 
92.0 53.0 
92.0 53.0 
92.0 53.0 
87.0 55.0 
86.0 57.0 
87.0 55.0 
84.0 72.0 
84.0 72.0 
180.0 39.0 
180.0 39.0 
85.0 75.0 
85.0 75.0 
122.0 40.0 
