114.0 28.0 
94.0 32.0 
97.0 29.0 
95.0 32.0 
94.0 34.0 
97.0 30.0 
97.0 30.0 
96.0 32.0 
96.0 32.0 
96.0 32.0 
95.0 35.0 
95.0 35.0 
95.0 35.0 
98.0 30.0 
97.0 31.0 
97.0 31.0 
98.0 30.0 
97.0 31.0 
96.0 33.0 
96.0 33.0 
99.0 30.0 
99.0 30.0 
99.0 30.0 
99.0 30.0 
99.0 30.0 
99.0 30.0 
99.0 30.0 
99.0 30.0 
99.0 30.0 
97.0 32.0 
98.0 31.0 
97.0 32.0 
98.0 31.0 
98.0 31.0 
97.0 32.0 
98.0 31.0 
96.0 34.0 
96.0 34.0 
96.0 34.0 
96.0 34.0 
96.0 34.0 
96.0 34.0 
96.0 34.0 
96.0 34.0 
96.0 34.0 
96.0 34.0 
96.0 34.0 
96.0 34.0 
96.0 34.0 
96.0 34.0 
97.0 33.0 
97.0 33.0 
97.0 33.0 
97.0 33.0 
97.0 33.0 
97.0 33.0 
97.0 33.0 
97.0 33.0 
98.0 32.0 
98.0 32.0 
98.0 32.0 
98.0 32.0 
98.0 32.0 
98.0 32.0 
98.0 32.0 
98.0 32.0 
98.0 32.0 
98.0 32.0 
98.0 32.0 
99.0 31.0 
99.0 31.0 
99.0 31.0 
99.0 31.0 
99.0 31.0 
99.0 31.0 
98.0 32.0 
98.0 32.0 
96.0 35.0 
100.0 31.0 
97.0 34.0 
97.0 34.0 
98.0 33.0 
99.0 32.0 
98.0 33.0 
99.0 32.0 
97.0 34.0 
97.0 34.0 
97.0 34.0 
97.0 34.0 
97.0 34.0 
98.0 33.0 
99.0 32.0 
99.0 32.0 
99.0 32.0 
99.0 32.0 
99.0 32.0 
99.0 32.0 
99.0 32.0 
99.0 32.0 
99.0 32.0 
