2763.0 702.0 
3193.0 694.0 
2684.0 706.0 
2635.0 795.0 
2763.0 702.0 
2538.0 840.0 
2551.0 818.0 
3272.0 693.0 
2674.0 784.0 
3113.0 698.0 
2538.0 840.0 
2679.0 759.0 
3125.0 696.0 
2795.0 699.0 
2604.0 797.0 
2643.0 785.0 
3197.0 695.0 
3197.0 695.0 
2757.0 708.0 
2693.0 709.0 
2595.0 822.0 
2595.0 822.0 
2687.0 777.0 
2679.0 783.0 
2687.0 777.0 
2946.0 706.0 
3193.0 701.0 
3125.0 702.0 
2634.0 797.0 
2634.0 797.0 
2609.0 799.0 
2607.0 807.0 
2644.0 788.0 
2674.0 785.0 
3210.0 697.0 
2919.0 713.0 
2696.0 766.0 
2777.0 718.0 
2731.0 758.0 
2737.0 755.0 
2855.0 717.0 
2896.0 715.0 
2698.0 759.0 
2963.0 711.0 
2972.0 706.0 
3202.0 701.0 
3147.0 702.0 
3147.0 702.0 
3125.0 704.0 
2617.0 800.0 
2613.0 806.0 
2610.0 813.0 
2674.0 791.0 
3275.0 699.0 
3275.0 699.0 
3231.0 700.0 
2924.0 714.0 
2696.0 773.0 
2843.0 734.0 
2843.0 734.0 
2779.0 739.0 
2739.0 757.0 
2865.0 720.0 
2698.0 766.0 
2698.0 766.0 
2707.0 759.0 
3080.0 710.0 
3084.0 707.0 
3080.0 710.0 
3080.0 710.0 
2987.0 711.0 
3150.0 702.0 
3129.0 705.0 
3129.0 705.0 
2617.0 809.0 
2636.0 807.0 
2636.0 807.0 
2610.0 829.0 
2610.0 829.0 
2678.0 792.0 
2678.0 792.0 
2674.0 801.0 
2678.0 792.0 
3442.0 699.0 
2617.0 821.0 
3160.0 703.0 
2766.0 760.0 
2867.0 721.0 
2987.0 712.0 
2787.0 744.0 
2698.0 793.0 
2707.0 769.0 
2960.0 718.0 
3057.0 711.0 
2866.0 735.0 
2711.0 761.0 
2915.0 720.0 
3117.0 707.0 
2816.0 741.0 
2640.0 807.0 
