123.0 29.0 
46.0 61.0 
46.0 61.0 
123.0 29.0 
93.0 33.0 
111.0 32.0 
59.0 45.0 
47.0 57.0 
68.0 40.0 
49.0 53.0 
87.0 35.0 
79.0 37.0 
81.0 36.0 
73.0 38.0 
117.0 30.0 
48.0 56.0 
63.0 42.0 
61.0 44.0 
56.0 47.0 
55.0 49.0 
91.0 34.0 
117.0 30.0 
113.0 31.0 
87.0 35.0 
56.0 47.0 
73.0 38.0 
65.0 41.0 
70.0 39.0 
81.0 36.0 
113.0 31.0 
65.0 41.0 
70.0 39.0 
51.0 52.0 
53.0 50.0 
91.0 34.0 
79.0 37.0 
111.0 32.0 
47.0 57.0 
49.0 53.0 
53.0 50.0 
62.0 43.0 
52.0 51.0 
51.0 52.0 
48.0 56.0 
52.0 51.0 
62.0 43.0 
55.0 49.0 
123.0 29.0 
46.0 61.0 
91.0 34.0 
117.0 30.0 
87.0 35.0 
73.0 38.0 
81.0 36.0 
113.0 31.0 
65.0 41.0 
79.0 37.0 
111.0 32.0 
47.0 57.0 
49.0 53.0 
56.0 47.0 
70.0 39.0 
53.0 50.0 
55.0 49.0 
62.0 43.0 
52.0 51.0 
51.0 52.0 
48.0 56.0 
123.0 29.0 
46.0 61.0 
91.0 34.0 
117.0 30.0 
87.0 35.0 
73.0 38.0 
81.0 36.0 
65.0 41.0 
113.0 31.0 
79.0 37.0 
111.0 32.0 
47.0 57.0 
56.0 47.0 
49.0 53.0 
70.0 39.0 
53.0 50.0 
55.0 49.0 
48.0 56.0 
51.0 52.0 
62.0 43.0 
52.0 51.0 
46.0 61.0 
123.0 29.0 
91.0 34.0 
117.0 30.0 
87.0 35.0 
73.0 38.0 
62.0 43.0 
113.0 31.0 
111.0 32.0 
79.0 37.0 
65.0 41.0 
