360.0 212.0 
808.0 166.0 
770.0 167.0 
926.0 159.0 
1130.0 149.0 
815.0 164.0 
572.0 181.0 
647.0 176.0 
1010.0 154.0 
808.0 166.0 
688.0 171.0 
1534.0 134.0 
920.0 160.0 
438.0 192.0 
337.0 221.0 
1751.0 126.0 
365.0 211.0 
1356.0 141.0 
1222.0 147.0 
1130.0 149.0 
1356.0 141.0 
770.0 167.0 
647.0 176.0 
1356.0 141.0 
934.0 158.0 
770.0 167.0 
1130.0 149.0 
636.0 177.0 
688.0 171.0 
926.0 159.0 
572.0 181.0 
1130.0 149.0 
1687.0 127.0 
412.0 199.0 
1239.0 144.0 
1588.0 131.0 
1751.0 126.0 
418.0 193.0 
501.0 186.0 
715.0 169.0 
839.0 161.0 
934.0 158.0 
1010.0 154.0 
337.0 221.0 
339.0 217.0 
1222.0 147.0 
636.0 177.0 
1751.0 126.0 
350.0 213.0 
1367.0 139.0 
531.0 182.0 
1414.0 138.0 
1414.0 138.0 
1588.0 131.0 
808.0 166.0 
443.0 187.0 
1751.0 126.0 
1356.0 141.0 
815.0 164.0 
1130.0 149.0 
333.0 225.0 
688.0 171.0 
1152.0 148.0 
439.0 189.0 
1236.0 146.0 
1517.0 135.0 
1561.0 133.0 
1414.0 138.0 
506.0 184.0 
1579.0 132.0 
1257.0 142.0 
602.0 179.0 
1588.0 131.0 
1130.0 149.0 
953.0 156.0 
1356.0 141.0 
418.0 193.0 
438.0 192.0 
323.0 228.0 
1010.0 154.0 
663.0 172.0 
1022.0 151.0 
940.0 157.0 
386.0 201.0 
1471.0 137.0 
1706.0 127.0 
324.0 237.0 
1268.0 142.0 
1437.0 138.0 
851.0 165.0 
934.0 159.0 
536.0 184.0 
386.0 210.0 
1256.0 148.0 
457.0 189.0 
440.0 191.0 
412.0 200.0 
361.0 218.0 
655.0 176.0 
1699.0 128.0 
