1967.0 646.0 
1967.0 646.0 
1967.0 646.0 
1967.0 646.0 
1967.0 646.0 
1896.0 682.0 
2014.0 639.0 
2145.0 636.0 
1896.0 682.0 
1882.0 695.0 
2013.0 642.0 
1899.0 675.0 
1866.0 696.0 
1967.0 646.0 
2014.0 639.0 
2145.0 636.0 
1910.0 668.0 
2145.0 636.0 
2145.0 636.0 
1882.0 695.0 
1967.0 646.0 
1966.0 649.0 
1907.0 677.0 
1908.0 675.0 
1899.0 684.0 
1899.0 684.0 
1899.0 684.0 
1899.0 684.0 
1908.0 675.0 
1867.0 697.0 
2020.0 642.0 
2019.0 645.0 
2047.0 639.0 
2019.0 645.0 
2020.0 642.0 
2020.0 642.0 
2020.0 642.0 
2019.0 645.0 
2019.0 645.0 
2020.0 642.0 
1925.0 673.0 
1925.0 673.0 
1925.0 673.0 
1925.0 673.0 
1925.0 673.0 
2154.0 636.0 
2145.0 637.0 
2145.0 637.0 
2154.0 636.0 
1882.0 696.0 
1882.0 696.0 
1882.0 696.0 
1976.0 646.0 
1976.0 646.0 
1967.0 647.0 
1874.0 712.0 
1874.0 712.0 
2189.0 636.0 
2189.0 636.0 
1967.0 648.0 
2154.0 637.0 
2051.0 640.0 
1927.0 674.0 
2020.0 643.0 
1967.0 648.0 
2020.0 643.0 
1927.0 674.0 
2051.0 640.0 
1884.0 697.0 
1900.0 688.0 
1908.0 676.0 
1884.0 697.0 
1882.0 701.0 
1920.0 675.0 
1903.0 685.0 
1907.0 681.0 
1900.0 688.0 
1876.0 707.0 
1877.0 703.0 
1876.0 707.0 
1907.0 681.0 
1901.0 686.0 
1877.0 703.0 
1901.0 686.0 
1908.0 676.0 
1907.0 681.0 
1901.0 686.0 
1901.0 686.0 
1901.0 686.0 
1901.0 686.0 
1874.0 712.0 
1874.0 712.0 
1874.0 712.0 
1874.0 712.0 
2051.0 640.0 
2051.0 640.0 
2020.0 643.0 
1927.0 674.0 
2189.0 636.0 
2189.0 636.0 
