2274.0 941.0 
2665.0 759.0 
2491.0 769.0 
2295.0 832.0 
2560.0 761.0 
2279.0 853.0 
2407.0 799.0 
2417.0 780.0 
2316.0 827.0 
2862.0 757.0 
2289.0 843.0 
2414.0 797.0 
2274.0 941.0 
2416.0 782.0 
2467.0 771.0 
2904.0 745.0 
2338.0 823.0 
2560.0 761.0 
2420.0 778.0 
2347.0 800.0 
2290.0 842.0 
2419.0 779.0 
2493.0 769.0 
2309.0 835.0 
2301.0 838.0 
2283.0 901.0 
2491.0 772.0 
2491.0 772.0 
2491.0 772.0 
3036.0 759.0 
2943.0 760.0 
2657.0 766.0 
2681.0 765.0 
2681.0 765.0 
2655.0 767.0 
2681.0 765.0 
2364.0 810.0 
2387.0 807.0 
2398.0 800.0 
2364.0 810.0 
2359.0 832.0 
2379.0 808.0 
2297.0 855.0 
2420.0 787.0 
2450.0 785.0 
2450.0 785.0 
2450.0 785.0 
2455.0 779.0 
2536.0 770.0 
2591.0 769.0 
2353.0 837.0 
2303.0 845.0 
2330.0 838.0 
2317.0 842.0 
2303.0 845.0 
2290.0 904.0 
2289.0 915.0 
2285.0 944.0 
2501.0 774.0 
3190.0 759.0 
3190.0 759.0 
2984.0 764.0 
2984.0 764.0 
2984.0 764.0 
3025.0 760.0 
2984.0 764.0 
2984.0 764.0 
2684.0 765.0 
2403.0 800.0 
2403.0 800.0 
2399.0 801.0 
2369.0 811.0 
2365.0 831.0 
2367.0 813.0 
2365.0 831.0 
2425.0 789.0 
2451.0 788.0 
2289.0 925.0 
3091.0 763.0 
2687.0 766.0 
3074.0 764.0 
2291.0 910.0 
2303.0 849.0 
2355.0 837.0 
2619.0 770.0 
2511.0 781.0 
2547.0 771.0 
2373.0 813.0 
2332.0 840.0 
2412.0 800.0 
2403.0 809.0 
2307.0 848.0 
2449.0 792.0 
2432.0 795.0 
2449.0 792.0 
2515.0 776.0 
2379.0 811.0 
2446.0 794.0 
2514.0 777.0 
2373.0 813.0 
