2304.0 810.0 
2343.0 771.0 
2316.0 783.0 
2285.0 824.0 
2343.0 771.0 
2236.0 833.0 
2235.0 915.0 
2362.0 768.0 
2393.0 727.0 
2318.0 772.0 
2242.0 826.0 
2306.0 790.0 
2304.0 811.0 
2288.0 824.0 
2237.0 910.0 
2380.0 771.0 
2380.0 771.0 
2398.0 764.0 
2430.0 748.0 
2539.0 747.0 
2609.0 731.0 
2544.0 741.0 
2412.0 762.0 
2343.0 772.0 
2337.0 782.0 
2243.0 846.0 
2243.0 846.0 
2270.0 830.0 
2285.0 827.0 
2257.0 838.0 
2307.0 806.0 
2310.0 800.0 
2310.0 800.0 
2304.0 814.0 
2295.0 826.0 
2297.0 825.0 
2298.0 824.0 
2405.0 767.0 
2405.0 767.0 
2468.0 753.0 
2450.0 758.0 
2611.0 733.0 
2579.0 744.0 
2417.0 763.0 
2352.0 773.0 
2352.0 773.0 
2399.0 772.0 
2343.0 774.0 
2340.0 794.0 
2243.0 921.0 
2252.0 847.0 
2245.0 901.0 
2274.0 832.0 
2293.0 831.0 
2268.0 844.0 
2257.0 845.0 
2307.0 810.0 
2315.0 801.0 
2312.0 806.0 
2315.0 801.0 
2314.0 804.0 
2337.0 800.0 
2312.0 806.0 
2298.0 826.0 
2412.0 767.0 
2412.0 767.0 
2408.0 770.0 
2473.0 755.0 
2491.0 753.0 
2473.0 755.0 
2692.0 736.0 
2619.0 738.0 
2615.0 740.0 
2692.0 736.0 
2582.0 744.0 
2349.0 788.0 
2375.0 776.0 
2406.0 774.0 
2355.0 778.0 
2254.0 854.0 
2253.0 892.0 
2249.0 906.0 
2283.0 836.0 
2280.0 842.0 
2295.0 832.0 
2279.0 853.0 
2279.0 853.0 
2279.0 853.0 
2279.0 853.0 
2310.0 813.0 
2315.0 804.0 
2347.0 800.0 
2347.0 800.0 
2347.0 800.0 
2786.0 738.0 
2250.0 916.0 
2624.0 740.0 
2543.0 753.0 
2256.0 892.0 
2484.0 762.0 
