269.0 137.0 
268.0 162.0 
247.0 170.0 
236.0 261.0 
293.0 146.0 
286.0 149.0 
260.0 223.0 
285.0 171.0 
269.0 179.0 
255.0 313.0 
505.0 162.0 
422.0 170.0 
526.0 151.0 
521.0 157.0 
264.0 226.0 
262.0 291.0 
411.0 173.0 
357.0 177.0 
356.0 178.0 
274.0 205.0 
270.0 213.0 
274.0 205.0 
294.0 186.0 
269.0 222.0 
311.0 182.0 
277.0 190.0 
317.0 179.0 
296.0 185.0 
564.0 160.0 
562.0 162.0 
267.0 280.0 
265.0 282.0 
473.0 174.0 
426.0 177.0 
295.0 187.0 
274.0 223.0 
271.0 244.0 
278.0 197.0 
294.0 192.0 
286.0 196.0 
343.0 182.0 
303.0 185.0 
265.0 299.0 
539.0 175.0 
549.0 174.0 
506.0 176.0 
434.0 179.0 
277.0 240.0 
272.0 252.0 
279.0 197.0 
296.0 193.0 
345.0 182.0 
267.0 312.0 
566.0 174.0 
526.0 176.0 
514.0 179.0 
278.0 268.0 
272.0 277.0 
292.0 210.0 
280.0 228.0 
281.0 217.0 
313.0 194.0 
303.0 196.0 
360.0 182.0 
636.0 174.0 
538.0 176.0 
278.0 325.0 
299.0 214.0 
285.0 217.0 
281.0 225.0 
333.0 194.0 
309.0 203.0 
331.0 196.0 
310.0 197.0 
360.0 193.0 
486.0 185.0 
377.0 189.0 
379.0 186.0 
540.0 176.0 
304.0 222.0 
286.0 226.0 
282.0 252.0 
343.0 196.0 
316.0 200.0 
384.0 187.0 
551.0 178.0 
311.0 229.0 
290.0 230.0 
283.0 280.0 
282.0 302.0 
288.0 258.0 
336.0 212.0 
362.0 201.0 
435.0 188.0 
405.0 199.0 
416.0 189.0 
411.0 198.0 
600.0 180.0 
283.0 305.0 
297.0 241.0 
