2085.0 561.0 
2205.0 525.0 
2094.0 547.0 
2133.0 535.0 
2055.0 603.0 
1935.0 648.0 
2212.0 518.0 
2188.0 527.0 
2135.0 534.0 
1990.0 638.0 
2064.0 587.0 
2212.0 518.0 
2129.0 536.0 
1926.0 656.0 
2064.0 587.0 
1951.0 646.0 
2065.0 580.0 
2376.0 516.0 
2095.0 541.0 
1996.0 606.0 
2055.0 603.0 
2174.0 533.0 
1984.0 645.0 
2086.0 566.0 
2088.0 565.0 
1942.0 652.0 
2202.0 530.0 
2206.0 529.0 
2139.0 534.0 
2139.0 534.0 
2139.0 534.0 
2137.0 535.0 
1992.0 644.0 
2223.0 520.0 
2223.0 520.0 
2223.0 520.0 
2134.0 537.0 
1933.0 656.0 
1926.0 668.0 
1933.0 656.0 
1928.0 658.0 
2064.0 602.0 
1951.0 648.0 
1951.0 648.0 
1951.0 648.0 
1977.0 647.0 
2069.0 584.0 
2065.0 591.0 
2069.0 584.0 
2388.0 518.0 
2388.0 518.0 
2388.0 518.0 
2095.0 551.0 
2097.0 548.0 
2125.0 547.0 
2095.0 551.0 
2023.0 626.0 
2024.0 620.0 
2037.0 611.0 
2024.0 620.0 
2007.0 635.0 
2023.0 626.0 
2188.0 533.0 
1931.0 661.0 
2420.0 519.0 
2382.0 521.0 
2232.0 522.0 
2066.0 603.0 
2209.0 530.0 
2029.0 631.0 
2092.0 578.0 
2039.0 613.0 
2078.0 586.0 
1973.0 651.0 
2119.0 548.0 
2035.0 625.0 
2153.0 534.0 
2101.0 559.0 
2137.0 541.0 
1947.0 656.0 
2009.0 641.0 
2094.0 569.0 
2066.0 603.0 
2038.0 616.0 
1949.0 652.0 
2099.0 566.0 
2078.0 586.0 
2209.0 530.0 
1995.0 645.0 
1995.0 645.0 
2009.0 641.0 
2103.0 552.0 
2153.0 534.0 
2139.0 535.0 
2232.0 522.0 
2138.0 539.0 
2105.0 551.0 
2105.0 551.0 
2139.0 535.0 
2139.0 535.0 
