1852.0 522.0 
1788.0 573.0 
1954.0 484.0 
1899.0 506.0 
1788.0 573.0 
1824.0 532.0 
1827.0 530.0 
1824.0 532.0 
1802.0 569.0 
1788.0 573.0 
1842.0 525.0 
1802.0 569.0 
1842.0 525.0 
1820.0 536.0 
1875.0 510.0 
1902.0 504.0 
1859.0 519.0 
1822.0 533.0 
1804.0 560.0 
1824.0 532.0 
1824.0 532.0 
1786.0 574.0 
1802.0 569.0 
1902.0 504.0 
1875.0 510.0 
1840.0 526.0 
1820.0 536.0 
1842.0 525.0 
1859.0 519.0 
1961.0 482.0 
1940.0 488.0 
1825.0 531.0 
1899.0 506.0 
1802.0 569.0 
1918.0 499.0 
1765.0 579.0 
1786.0 574.0 
1866.0 511.0 
1786.0 574.0 
1806.0 554.0 
1778.0 578.0 
1875.0 510.0 
1968.0 473.0 
1792.0 571.0 
1820.0 536.0 
1899.0 506.0 
1922.0 498.0 
1900.0 505.0 
1937.0 489.0 
1856.0 523.0 
1954.0 485.0 
1956.0 484.0 
1824.0 533.0 
1842.0 526.0 
1860.0 520.0 
1861.0 519.0 
1861.0 519.0 
1861.0 519.0 
1941.0 488.0 
1920.0 499.0 
1769.0 582.0 
1769.0 582.0 
1872.0 513.0 
1870.0 514.0 
1787.0 575.0 
1806.0 559.0 
1778.0 580.0 
1875.0 511.0 
1968.0 481.0 
1968.0 481.0 
1979.0 476.0 
1968.0 481.0 
1968.0 481.0 
1986.0 473.0 
1979.0 476.0 
1974.0 477.0 
1979.0 476.0 
1968.0 481.0 
1794.0 571.0 
1899.0 507.0 
1899.0 507.0 
1924.0 498.0 
1924.0 498.0 
1924.0 498.0 
1924.0 498.0 
1924.0 498.0 
1901.0 505.0 
1901.0 505.0 
1938.0 489.0 
1938.0 489.0 
1769.0 583.0 
1769.0 583.0 
1992.0 474.0 
1992.0 474.0 
1825.0 534.0 
1922.0 499.0 
1816.0 568.0 
1962.0 487.0 
1824.0 550.0 
1905.0 506.0 
