2044.0 485.0 
2044.0 485.0 
2044.0 485.0 
2044.0 485.0 
2006.0 500.0 
1793.0 577.0 
1968.0 504.0 
1793.0 577.0 
2042.0 486.0 
2009.0 489.0 
1828.0 535.0 
2044.0 485.0 
1995.0 501.0 
2044.0 485.0 
2006.0 500.0 
2044.0 485.0 
1775.0 583.0 
2044.0 485.0 
1950.0 512.0 
2009.0 489.0 
2006.0 500.0 
1857.0 533.0 
1995.0 501.0 
1899.0 530.0 
1800.0 574.0 
1902.0 521.0 
2044.0 485.0 
2042.0 486.0 
1950.0 512.0 
1793.0 577.0 
2042.0 486.0 
1828.0 535.0 
1968.0 504.0 
1925.0 518.0 
1777.0 582.0 
2009.0 489.0 
2042.0 486.0 
1968.0 504.0 
1795.0 576.0 
1968.0 504.0 
1793.0 577.0 
2003.0 501.0 
1998.0 502.0 
2003.0 501.0 
2003.0 501.0 
1903.0 532.0 
1903.0 532.0 
1912.0 525.0 
1912.0 525.0 
1907.0 526.0 
1912.0 525.0 
1912.0 525.0 
1956.0 513.0 
1956.0 513.0 
1958.0 512.0 
1956.0 513.0 
1883.0 538.0 
1881.0 539.0 
1834.0 557.0 
1930.0 518.0 
1778.0 583.0 
2026.0 492.0 
2026.0 492.0 
2026.0 492.0 
2024.0 493.0 
2020.0 500.0 
2026.0 492.0 
2026.0 492.0 
2024.0 493.0 
2022.0 495.0 
2024.0 493.0 
2026.0 492.0 
2042.0 488.0 
2045.0 487.0 
2045.0 487.0 
1972.0 505.0 
1972.0 505.0 
1974.0 504.0 
1974.0 504.0 
1972.0 505.0 
1972.0 505.0 
1830.0 578.0 
1828.0 580.0 
1810.0 585.0 
2060.0 487.0 
1870.0 566.0 
1882.0 540.0 
1853.0 569.0 
1957.0 514.0 
1978.0 504.0 
1838.0 576.0 
2004.0 501.0 
1828.0 581.0 
2024.0 497.0 
1887.0 538.0 
2046.0 489.0 
1921.0 525.0 
2041.0 492.0 
1957.0 514.0 
2004.0 501.0 
