2692.0 883.0 
3321.0 738.0 
2714.0 798.0 
2787.0 765.0 
2714.0 798.0 
3231.0 750.0 
2906.0 785.0 
2760.0 840.0 
2803.0 807.0 
3396.0 763.0 
3433.0 758.0 
3262.0 770.0 
2921.0 786.0 
2802.0 877.0 
2761.0 881.0 
2805.0 829.0 
2869.0 826.0 
3873.0 769.0 
3879.0 763.0 
3939.0 759.0 
3382.0 770.0 
3267.0 771.0 
2958.0 800.0 
3028.0 786.0 
2809.0 836.0 
2859.0 834.0 
2806.0 921.0 
2809.0 836.0 
2877.0 829.0 
3930.0 764.0 
3964.0 761.0 
3299.0 782.0 
3299.0 782.0 
3404.0 773.0 
3404.0 773.0 
3335.0 774.0 
3323.0 775.0 
3404.0 773.0 
2959.0 805.0 
2959.0 805.0 
3141.0 795.0 
3030.0 802.0 
3169.0 786.0 
3139.0 796.0 
3133.0 799.0 
2828.0 839.0 
2827.0 867.0 
2958.0 836.0 
3960.0 765.0 
3354.0 777.0 
3351.0 779.0 
3334.0 780.0 
3406.0 773.0 
2983.0 819.0 
3042.0 814.0 
3060.0 812.0 
3104.0 810.0 
3332.0 792.0 
3319.0 797.0 
3245.0 800.0 
3149.0 808.0 
3314.0 799.0 
3182.0 806.0 
2855.0 848.0 
2852.0 857.0 
2896.0 847.0 
2913.0 846.0 
2831.0 898.0 
2961.0 841.0 
2966.0 839.0 
3360.0 778.0 
3412.0 774.0 
3000.0 820.0 
3058.0 819.0 
3138.0 813.0 
3120.0 816.0 
3349.0 794.0 
3246.0 805.0 
3289.0 802.0 
3177.0 808.0 
3166.0 811.0 
2887.0 872.0 
2866.0 879.0 
2891.0 867.0 
2945.0 851.0 
2916.0 852.0 
2855.0 933.0 
2855.0 933.0 
2986.0 849.0 
3396.0 778.0 
3369.0 781.0 
3989.0 774.0 
3488.0 775.0 
2855.0 936.0 
3923.0 776.0 
3923.0 776.0 
3601.0 780.0 
2963.0 851.0 
2868.0 909.0 
3002.0 822.0 
