463.0 253.0 
2025.0 160.0 
573.0 232.0 
393.0 266.0 
393.0 266.0 
538.0 242.0 
831.0 216.0 
1995.0 161.0 
1267.0 185.0 
464.0 252.0 
409.0 264.0 
1823.0 170.0 
389.0 268.0 
454.0 255.0 
1245.0 186.0 
544.0 233.0 
1194.0 191.0 
1151.0 192.0 
1229.0 188.0 
454.0 255.0 
454.0 255.0 
678.0 222.0 
1970.0 166.0 
1946.0 167.0 
416.0 258.0 
1908.0 168.0 
868.0 215.0 
420.0 256.0 
1139.0 197.0 
505.0 244.0 
642.0 231.0 
573.0 232.0 
820.0 220.0 
1273.0 180.0 
1823.0 170.0 
1578.0 177.0 
1088.0 203.0 
881.0 204.0 
509.0 243.0 
1151.0 192.0 
393.0 267.0 
393.0 267.0 
837.0 218.0 
842.0 217.0 
2025.0 161.0 
2025.0 161.0 
2025.0 161.0 
2025.0 161.0 
2013.0 162.0 
465.0 253.0 
465.0 253.0 
465.0 253.0 
390.0 271.0 
544.0 236.0 
545.0 235.0 
702.0 224.0 
689.0 227.0 
706.0 223.0 
697.0 225.0 
702.0 224.0 
706.0 223.0 
1999.0 166.0 
417.0 262.0 
1985.0 168.0 
869.0 215.0 
508.0 245.0 
508.0 245.0 
576.0 233.0 
831.0 221.0 
1369.0 183.0 
1315.0 187.0 
1290.0 188.0 
1369.0 183.0 
1824.0 174.0 
1824.0 174.0 
1825.0 170.0 
1701.0 177.0 
1616.0 179.0 
964.0 204.0 
903.0 210.0 
907.0 208.0 
887.0 212.0 
964.0 204.0 
532.0 243.0 
1168.0 196.0 
1244.0 192.0 
1168.0 196.0 
2030.0 163.0 
2030.0 163.0 
393.0 273.0 
393.0 273.0 
1716.0 177.0 
1854.0 171.0 
1025.0 204.0 
1596.0 183.0 
1517.0 187.0 
1345.0 188.0 
845.0 218.0 
2017.0 170.0 
730.0 223.0 
