1888.0 613.0 
1891.0 609.0 
1993.0 519.0 
1959.0 533.0 
1879.0 616.0 
1959.0 533.0 
1950.0 537.0 
2063.0 498.0 
2285.0 490.0 
1991.0 525.0 
2017.0 505.0 
1907.0 556.0 
2285.0 490.0 
2172.0 496.0 
1943.0 548.0 
2002.0 518.0 
2007.0 516.0 
2015.0 514.0 
1879.0 616.0 
2031.0 503.0 
1902.0 598.0 
1981.0 530.0 
2063.0 498.0 
1944.0 542.0 
2203.0 492.0 
1888.0 615.0 
1888.0 615.0 
1893.0 613.0 
1993.0 522.0 
1993.0 522.0 
1974.0 536.0 
1961.0 540.0 
1961.0 540.0 
1992.0 527.0 
2019.0 506.0 
1913.0 562.0 
1908.0 597.0 
1914.0 558.0 
1912.0 566.0 
1928.0 557.0 
2286.0 491.0 
2017.0 519.0 
1884.0 619.0 
1883.0 623.0 
2043.0 503.0 
1905.0 606.0 
1984.0 530.0 
1982.0 535.0 
2190.0 499.0 
2108.0 500.0 
1949.0 543.0 
1946.0 550.0 
2208.0 495.0 
2230.0 494.0 
2230.0 494.0 
1902.0 616.0 
1893.0 617.0 
1997.0 522.0 
1976.0 537.0 
1962.0 541.0 
1970.0 540.0 
1993.0 528.0 
2027.0 512.0 
2032.0 511.0 
1915.0 561.0 
1918.0 560.0 
1915.0 561.0 
1918.0 560.0 
1914.0 564.0 
1914.0 564.0 
1915.0 561.0 
1914.0 564.0 
1913.0 589.0 
1913.0 589.0 
1913.0 589.0 
1933.0 557.0 
1933.0 557.0 
1930.0 558.0 
2017.0 521.0 
1885.0 624.0 
2046.0 510.0 
2046.0 510.0 
2080.0 505.0 
2080.0 505.0 
2080.0 505.0 
2046.0 510.0 
1910.0 606.0 
1907.0 614.0 
1987.0 531.0 
2193.0 500.0 
2190.0 501.0 
1950.0 545.0 
1949.0 546.0 
2209.0 497.0 
2277.0 495.0 
2235.0 496.0 
1888.0 626.0 
1888.0 626.0 
2279.0 495.0 
1907.0 616.0 
