1877.0 450.0 
2011.0 441.0 
2027.0 440.0 
1877.0 450.0 
2011.0 441.0 
1702.0 528.0 
1911.0 445.0 
1836.0 455.0 
1911.0 445.0 
1743.0 492.0 
1698.0 531.0 
1831.0 457.0 
1853.0 451.0 
1836.0 455.0 
1756.0 483.0 
1885.0 448.0 
1888.0 447.0 
1764.0 473.0 
1698.0 531.0 
1820.0 461.0 
1766.0 471.0 
2027.0 440.0 
2011.0 441.0 
1729.0 508.0 
1760.0 482.0 
1911.0 445.0 
1793.0 466.0 
1911.0 445.0 
1853.0 451.0 
1885.0 448.0 
1764.0 473.0 
1877.0 450.0 
1734.0 495.0 
1803.0 462.0 
2027.0 440.0 
1756.0 483.0 
1760.0 482.0 
1836.0 455.0 
1783.0 468.0 
1884.0 449.0 
2053.0 438.0 
1749.0 488.0 
1843.0 454.0 
1836.0 455.0 
1698.0 531.0 
1760.0 482.0 
1743.0 492.0 
1729.0 508.0 
2011.0 441.0 
1911.0 445.0 
1702.0 528.0 
1911.0 445.0 
1732.0 499.0 
2037.0 439.0 
1764.0 473.0 
1888.0 447.0 
1760.0 482.0 
1793.0 466.0 
1756.0 483.0 
1908.0 446.0 
1760.0 482.0 
1734.0 495.0 
2053.0 438.0 
1710.0 513.0 
2027.0 440.0 
1988.0 443.0 
1753.0 485.0 
1853.0 451.0 
1700.0 532.0 
1700.0 532.0 
2056.0 438.0 
2056.0 438.0 
1968.0 446.0 
1710.0 517.0 
1702.0 531.0 
1909.0 447.0 
1736.0 500.0 
1816.0 462.0 
1832.0 458.0 
1748.0 494.0 
1712.0 514.0 
1857.0 451.0 
1765.0 475.0 
1732.0 511.0 
1756.0 484.0 
1886.0 449.0 
1984.0 445.0 
2030.0 440.0 
1804.0 465.0 
2014.0 441.0 
1843.0 455.0 
2014.0 441.0 
1992.0 444.0 
1843.0 455.0 
1734.0 506.0 
1754.0 487.0 
1889.0 448.0 
1909.0 447.0 
2030.0 440.0 
1804.0 465.0 
