377.0 236.0 
685.0 177.0 
1124.0 154.0 
1124.0 154.0 
355.0 245.0 
1347.0 143.0 
685.0 177.0 
700.0 176.0 
645.0 181.0 
1645.0 125.0 
932.0 162.0 
685.0 177.0 
1818.0 119.0 
479.0 206.0 
646.0 179.0 
353.0 256.0 
1250.0 146.0 
803.0 168.0 
411.0 218.0 
606.0 182.0 
963.0 158.0 
358.0 240.0 
1619.0 126.0 
1347.0 143.0 
482.0 190.0 
723.0 173.0 
1380.0 138.0 
726.0 171.0 
932.0 162.0 
460.0 216.0 
1138.0 150.0 
478.0 210.0 
481.0 194.0 
1572.0 130.0 
955.0 161.0 
1370.0 139.0 
1095.0 155.0 
518.0 184.0 
803.0 168.0 
478.0 210.0 
862.0 166.0 
1435.0 137.0 
1222.0 147.0 
864.0 163.0 
1359.0 141.0 
355.0 245.0 
725.0 172.0 
723.0 173.0 
1440.0 136.0 
1762.0 122.0 
398.0 220.0 
496.0 188.0 
1647.0 124.0 
357.0 253.0 
1817.0 122.0 
478.0 211.0 
400.0 220.0 
1745.0 126.0 
674.0 182.0 
1624.0 128.0 
358.0 243.0 
972.0 158.0 
399.0 228.0 
506.0 189.0 
483.0 202.0 
1579.0 132.0 
484.0 196.0 
1292.0 147.0 
1098.0 155.0 
1453.0 137.0 
723.0 176.0 
1226.0 148.0 
1354.0 145.0 
1396.0 140.0 
535.0 185.0 
1194.0 151.0 
570.0 184.0 
382.0 236.0 
807.0 171.0 
1579.0 132.0 
1360.0 142.0 
382.0 236.0 
900.0 163.0 
1145.0 153.0 
1098.0 155.0 
1450.0 139.0 
863.0 167.0 
1152.0 152.0 
744.0 175.0 
834.0 170.0 
848.0 169.0 
1453.0 137.0 
570.0 184.0 
766.0 174.0 
957.0 161.0 
766.0 174.0 
936.0 162.0 
877.0 165.0 
877.0 165.0 
936.0 162.0 
