1293.0 128.0 
1642.0 115.0 
601.0 163.0 
339.0 235.0 
1293.0 128.0 
339.0 235.0 
348.0 227.0 
1293.0 128.0 
452.0 180.0 
339.0 235.0 
539.0 168.0 
1293.0 128.0 
353.0 222.0 
1040.0 140.0 
425.0 190.0 
994.0 142.0 
353.0 222.0 
731.0 155.0 
1040.0 140.0 
339.0 235.0 
540.0 167.0 
731.0 155.0 
612.0 162.0 
1263.0 131.0 
451.0 181.0 
1560.0 119.0 
1416.0 124.0 
1293.0 128.0 
539.0 168.0 
1075.0 135.0 
425.0 190.0 
1263.0 131.0 
353.0 222.0 
452.0 180.0 
1040.0 140.0 
1040.0 140.0 
520.0 172.0 
1293.0 128.0 
540.0 167.0 
1527.0 120.0 
1040.0 140.0 
424.0 191.0 
526.0 170.0 
520.0 172.0 
1075.0 135.0 
1401.0 125.0 
943.0 144.0 
1183.0 132.0 
347.0 232.0 
540.0 167.0 
424.0 191.0 
943.0 144.0 
1315.0 127.0 
1750.0 109.0 
451.0 181.0 
971.0 143.0 
681.0 156.0 
1461.0 123.0 
340.0 234.0 
448.0 183.0 
462.0 173.0 
452.0 180.0 
420.0 201.0 
423.0 200.0 
1263.0 131.0 
424.0 191.0 
459.0 178.0 
943.0 144.0 
544.0 164.0 
731.0 155.0 
601.0 163.0 
452.0 180.0 
1700.0 113.0 
994.0 142.0 
1315.0 127.0 
1265.0 130.0 
1098.0 134.0 
681.0 156.0 
1401.0 125.0 
1473.0 121.0 
448.0 183.0 
731.0 155.0 
337.0 278.0 
1040.0 140.0 
994.0 142.0 
374.0 207.0 
424.0 191.0 
420.0 201.0 
425.0 190.0 
1582.0 117.0 
451.0 181.0 
459.0 178.0 
1075.0 135.0 
862.0 148.0 
1263.0 131.0 
781.0 151.0 
436.0 189.0 
441.0 188.0 
1752.0 110.0 
337.0 281.0 
