136.0 71.0 
122.0 163.0 
130.0 74.0 
149.0 62.0 
122.0 163.0 
126.0 78.0 
145.0 73.0 
148.0 72.0 
148.0 72.0 
145.0 73.0 
135.0 76.0 
166.0 62.0 
155.0 70.0 
166.0 62.0 
124.0 185.0 
127.0 148.0 
128.0 127.0 
126.0 165.0 
132.0 78.0 
129.0 116.0 
127.0 148.0 
149.0 72.0 
147.0 74.0 
157.0 71.0 
125.0 213.0 
126.0 166.0 
134.0 91.0 
132.0 93.0 
143.0 78.0 
140.0 88.0 
141.0 80.0 
130.0 142.0 
152.0 72.0 
125.0 217.0 
132.0 94.0 
144.0 78.0 
142.0 83.0 
131.0 153.0 
162.0 72.0 
154.0 77.0 
155.0 73.0 
132.0 109.0 
133.0 107.0 
132.0 109.0 
138.0 105.0 
139.0 94.0 
132.0 109.0 
146.0 78.0 
144.0 79.0 
170.0 72.0 
163.0 74.0 
167.0 73.0 
163.0 74.0 
138.0 107.0 
138.0 107.0 
140.0 95.0 
139.0 105.0 
139.0 105.0 
132.0 117.0 
132.0 117.0 
135.0 110.0 
137.0 109.0 
147.0 78.0 
145.0 83.0 
164.0 75.0 
141.0 96.0 
140.0 104.0 
139.0 108.0 
133.0 129.0 
134.0 118.0 
137.0 111.0 
148.0 78.0 
146.0 88.0 
165.0 75.0 
165.0 75.0 
141.0 100.0 
144.0 96.0 
140.0 107.0 
135.0 118.0 
135.0 118.0 
149.0 78.0 
149.0 78.0 
149.0 78.0 
146.0 90.0 
169.0 76.0 
141.0 104.0 
140.0 112.0 
138.0 118.0 
150.0 81.0 
158.0 78.0 
149.0 84.0 
147.0 91.0 
138.0 123.0 
168.0 78.0 
148.0 95.0 
145.0 107.0 
150.0 86.0 
140.0 113.0 
156.0 81.0 
154.0 82.0 
