50.0 19.0 
49.0 21.0 
51.0 16.0 
57.0 16.0 
57.0 16.0 
56.0 17.0 
56.0 17.0 
57.0 16.0 
57.0 16.0 
51.0 23.0 
57.0 16.0 
55.0 19.0 
52.0 24.0 
80.0 18.0 
57.0 19.0 
55.0 20.0 
53.0 24.0 
58.0 19.0 
55.0 21.0 
55.0 21.0 
55.0 21.0 
53.0 26.0 
53.0 26.0 
54.0 24.0 
59.0 19.0 
59.0 19.0 
58.0 20.0 
59.0 19.0 
58.0 20.0 
58.0 20.0 
59.0 19.0 
56.0 22.0 
56.0 22.0 
57.0 21.0 
54.0 26.0 
61.0 19.0 
56.0 25.0 
56.0 25.0 
59.0 21.0 
59.0 21.0 
59.0 21.0 
59.0 21.0 
59.0 21.0 
57.0 23.0 
62.0 20.0 
56.0 26.0 
59.0 22.0 
59.0 22.0 
58.0 23.0 
58.0 23.0 
65.0 20.0 
63.0 21.0 
63.0 21.0 
56.0 30.0 
57.0 28.0 
62.0 22.0 
59.0 23.0 
59.0 23.0 
59.0 23.0 
58.0 27.0 
59.0 23.0 
66.0 20.0 
66.0 20.0 
64.0 21.0 
64.0 21.0 
64.0 21.0 
64.0 21.0 
63.0 22.0 
63.0 22.0 
63.0 22.0 
63.0 22.0 
58.0 28.0 
59.0 24.0 
59.0 24.0 
59.0 24.0 
70.0 20.0 
65.0 21.0 
65.0 21.0 
63.0 23.0 
59.0 27.0 
59.0 27.0 
60.0 24.0 
59.0 27.0 
60.0 24.0 
59.0 27.0 
59.0 27.0 
59.0 27.0 
60.0 24.0 
60.0 24.0 
59.0 27.0 
59.0 27.0 
60.0 24.0 
73.0 20.0 
73.0 20.0 
60.0 26.0 
60.0 26.0 
66.0 21.0 
64.0 23.0 
61.0 25.0 
66.0 21.0 
