2060.0 542.0 
1870.0 603.0 
1842.0 616.0 
2052.0 547.0 
1872.0 601.0 
1930.0 593.0 
2063.0 541.0 
1870.0 603.0 
2027.0 548.0 
1967.0 578.0 
1844.0 605.0 
1822.0 652.0 
1819.0 657.0 
1807.0 658.0 
1828.0 635.0 
1939.0 579.0 
2027.0 548.0 
2063.0 541.0 
1968.0 575.0 
1842.0 616.0 
1806.0 659.0 
2003.0 551.0 
1901.0 595.0 
1851.0 604.0 
2095.0 528.0 
2062.0 543.0 
2056.0 547.0 
1875.0 601.0 
1846.0 606.0 
1825.0 652.0 
1823.0 655.0 
1835.0 641.0 
1832.0 645.0 
1957.0 579.0 
1942.0 582.0 
2028.0 550.0 
2032.0 548.0 
2085.0 541.0 
2085.0 541.0 
2085.0 541.0 
2068.0 542.0 
2085.0 541.0 
2068.0 542.0 
2085.0 541.0 
2085.0 541.0 
1969.0 575.0 
1842.0 625.0 
1842.0 625.0 
1842.0 625.0 
1845.0 616.0 
1845.0 616.0 
1808.0 659.0 
2024.0 551.0 
2024.0 551.0 
2013.0 552.0 
2013.0 552.0 
2003.0 553.0 
1917.0 597.0 
1903.0 598.0 
1860.0 604.0 
1860.0 604.0 
2073.0 542.0 
1809.0 681.0 
1809.0 681.0 
2013.0 556.0 
1840.0 641.0 
1917.0 600.0 
1970.0 575.0 
1875.0 602.0 
1846.0 610.0 
1832.0 653.0 
1949.0 582.0 
1938.0 597.0 
1970.0 575.0 
2043.0 548.0 
1842.0 626.0 
1842.0 626.0 
1965.0 581.0 
1945.0 591.0 
2058.0 547.0 
2062.0 545.0 
1848.0 606.0 
1813.0 673.0 
1918.0 599.0 
2030.0 550.0 
1826.0 656.0 
1874.0 604.0 
1820.0 668.0 
1942.0 592.0 
1969.0 577.0 
2020.0 552.0 
1824.0 660.0 
1861.0 605.0 
1861.0 605.0 
2015.0 553.0 
1821.0 667.0 
2027.0 551.0 
1813.0 673.0 
1824.0 660.0 
1821.0 667.0 
