1923.0 488.0 
1813.0 507.0 
1923.0 488.0 
1839.0 495.0 
1660.0 598.0 
1888.0 493.0 
1682.0 564.0 
1769.0 515.0 
1828.0 506.0 
1714.0 532.0 
1693.0 560.0 
1660.0 598.0 
1924.0 490.0 
1885.0 495.0 
1843.0 499.0 
1884.0 497.0 
1862.0 498.0 
1843.0 499.0 
1912.0 493.0 
1912.0 493.0 
1682.0 566.0 
1771.0 522.0 
1832.0 506.0 
1829.0 515.0 
1831.0 508.0 
1832.0 506.0 
1829.0 515.0 
1720.0 534.0 
1665.0 603.0 
1665.0 603.0 
1926.0 491.0 
1892.0 497.0 
1892.0 497.0 
1892.0 497.0 
1892.0 497.0 
1845.0 504.0 
1845.0 504.0 
1847.0 502.0 
1845.0 504.0 
1854.0 499.0 
1917.0 493.0 
1916.0 495.0 
1712.0 590.0 
1716.0 582.0 
1689.0 602.0 
1716.0 582.0 
1712.0 590.0 
1712.0 590.0 
1694.0 601.0 
1716.0 582.0 
1689.0 602.0 
1697.0 594.0 
1716.0 582.0 
1772.0 530.0 
1774.0 528.0 
1772.0 530.0 
1806.0 522.0 
1787.0 523.0 
1776.0 526.0 
1772.0 530.0 
1833.0 509.0 
1834.0 506.0 
1830.0 521.0 
1768.0 537.0 
1763.0 539.0 
1728.0 540.0 
1721.0 579.0 
1763.0 539.0 
1728.0 540.0 
1721.0 579.0 
1669.0 603.0 
1927.0 492.0 
1927.0 492.0 
1669.0 611.0 
1669.0 611.0 
1739.0 544.0 
1716.0 593.0 
1729.0 585.0 
1732.0 560.0 
1671.0 604.0 
1893.0 497.0 
1833.0 517.0 
1893.0 497.0 
1780.0 526.0 
1809.0 524.0 
1858.0 501.0 
1811.0 522.0 
1732.0 560.0 
1764.0 540.0 
1855.0 503.0 
1671.0 604.0 
1838.0 507.0 
1773.0 534.0 
1765.0 539.0 
1717.0 591.0 
1721.0 586.0 
1775.0 528.0 
1774.0 533.0 
1837.0 510.0 
1834.0 512.0 
