2108.0 569.0 
2108.0 569.0 
1899.0 653.0 
1930.0 628.0 
1903.0 632.0 
2151.0 563.0 
1910.0 629.0 
2071.0 576.0 
1999.0 600.0 
2151.0 563.0 
1878.0 660.0 
2023.0 599.0 
2023.0 599.0 
1999.0 600.0 
2071.0 576.0 
1899.0 653.0 
1874.0 663.0 
2171.0 561.0 
1942.0 627.0 
1944.0 626.0 
2108.0 569.0 
2113.0 564.0 
2058.0 578.0 
1961.0 625.0 
1940.0 628.0 
1908.0 635.0 
1903.0 652.0 
1914.0 634.0 
1916.0 629.0 
1891.0 662.0 
1891.0 662.0 
2023.0 600.0 
2010.0 601.0 
2079.0 577.0 
1901.0 653.0 
1875.0 669.0 
1875.0 669.0 
1885.0 663.0 
1881.0 666.0 
2173.0 562.0 
1954.0 627.0 
1954.0 627.0 
1954.0 627.0 
2110.0 570.0 
2122.0 567.0 
2122.0 567.0 
2122.0 567.0 
2160.0 564.0 
2068.0 598.0 
2068.0 598.0 
2072.0 584.0 
2068.0 598.0 
1961.0 626.0 
1941.0 628.0 
1941.0 628.0 
1909.0 651.0 
1911.0 644.0 
1911.0 644.0 
1906.0 652.0 
1906.0 652.0 
1906.0 652.0 
1906.0 652.0 
1906.0 652.0 
1906.0 652.0 
1906.0 652.0 
1915.0 634.0 
1924.0 630.0 
1922.0 633.0 
2027.0 600.0 
2024.0 602.0 
2024.0 602.0 
2016.0 604.0 
2011.0 605.0 
2092.0 577.0 
2081.0 579.0 
1894.0 663.0 
1894.0 663.0 
1894.0 663.0 
1894.0 663.0 
1894.0 663.0 
1894.0 663.0 
1882.0 666.0 
1881.0 669.0 
1957.0 627.0 
2111.0 570.0 
2122.0 568.0 
2122.0 568.0 
2184.0 565.0 
2184.0 565.0 
2073.0 594.0 
2074.0 586.0 
2073.0 594.0 
2071.0 599.0 
1966.0 626.0 
1966.0 626.0 
1966.0 626.0 
1966.0 626.0 
1883.0 670.0 
1883.0 670.0 
2205.0 566.0 
