1636.0 108.0 
308.0 216.0 
338.0 208.0 
308.0 216.0 
347.0 203.0 
1033.0 134.0 
778.0 149.0 
1033.0 134.0 
933.0 141.0 
1184.0 130.0 
1033.0 134.0 
362.0 191.0 
1740.0 102.0 
1033.0 134.0 
362.0 191.0 
1611.0 111.0 
1703.0 103.0 
778.0 149.0 
308.0 216.0 
347.0 203.0 
867.0 143.0 
1365.0 117.0 
308.0 216.0 
308.0 216.0 
1407.0 115.0 
1184.0 130.0 
825.0 147.0 
1611.0 111.0 
1480.0 113.0 
1611.0 111.0 
359.0 198.0 
825.0 147.0 
1247.0 124.0 
1480.0 113.0 
940.0 137.0 
308.0 216.0 
350.0 200.0 
1033.0 134.0 
609.0 158.0 
347.0 203.0 
362.0 191.0 
1220.0 126.0 
666.0 154.0 
825.0 147.0 
952.0 135.0 
807.0 148.0 
933.0 141.0 
654.0 156.0 
1184.0 130.0 
378.0 189.0 
1065.0 132.0 
1208.0 128.0 
1703.0 103.0 
1661.0 105.0 
362.0 191.0 
1407.0 115.0 
825.0 147.0 
1317.0 120.0 
1740.0 102.0 
395.0 164.0 
807.0 148.0 
372.0 190.0 
857.0 144.0 
933.0 141.0 
311.0 213.0 
1635.0 109.0 
1312.0 121.0 
952.0 135.0 
707.0 152.0 
1784.0 100.0 
1294.0 122.0 
347.0 203.0 
502.0 163.0 
313.0 209.0 
1461.0 114.0 
308.0 218.0 
1828.0 101.0 
1828.0 101.0 
395.0 165.0 
956.0 135.0 
389.0 191.0 
1078.0 132.0 
1482.0 113.0 
1637.0 110.0 
350.0 203.0 
866.0 144.0 
367.0 192.0 
1751.0 102.0 
615.0 158.0 
609.0 159.0 
1245.0 128.0 
1184.0 131.0 
1327.0 120.0 
1365.0 118.0 
1448.0 115.0 
507.0 163.0 
1284.0 124.0 
859.0 148.0 
710.0 153.0 
710.0 153.0 
