230.0 98.0 
237.0 92.0 
230.0 98.0 
207.0 166.0 
225.0 127.0 
240.0 86.0 
217.0 142.0 
233.0 118.0 
239.0 99.0 
234.0 111.0 
248.0 93.0 
259.0 86.0 
253.0 92.0 
220.0 170.0 
241.0 101.0 
235.0 116.0 
239.0 112.0 
250.0 99.0 
250.0 99.0 
281.0 89.0 
254.0 94.0 
253.0 95.0 
253.0 95.0 
245.0 102.0 
237.0 173.0 
244.0 112.0 
242.0 126.0 
250.0 101.0 
283.0 89.0 
258.0 94.0 
256.0 95.0 
247.0 108.0 
246.0 124.0 
243.0 135.0 
251.0 102.0 
284.0 89.0 
283.0 94.0 
257.0 97.0 
256.0 100.0 
276.0 95.0 
264.0 96.0 
247.0 109.0 
247.0 109.0 
246.0 126.0 
253.0 102.0 
263.0 98.0 
258.0 99.0 
258.0 99.0 
301.0 95.0 
301.0 95.0 
301.0 95.0 
299.0 96.0 
269.0 97.0 
247.0 112.0 
257.0 102.0 
260.0 99.0 
270.0 98.0 
278.0 97.0 
249.0 121.0 
251.0 112.0 
257.0 110.0 
258.0 105.0 
265.0 99.0 
277.0 98.0 
277.0 98.0 
295.0 97.0 
255.0 126.0 
251.0 135.0 
257.0 113.0 
262.0 111.0 
264.0 109.0 
272.0 99.0 
266.0 100.0 
281.0 98.0 
281.0 98.0 
281.0 98.0 
281.0 98.0 
281.0 98.0 
254.0 137.0 
257.0 117.0 
259.0 115.0 
267.0 107.0 
275.0 100.0 
271.0 102.0 
284.0 99.0 
314.0 98.0 
257.0 118.0 
265.0 116.0 
268.0 108.0 
276.0 100.0 
273.0 103.0 
273.0 103.0 
272.0 105.0 
258.0 120.0 
293.0 100.0 
274.0 103.0 
285.0 102.0 
271.0 109.0 
265.0 117.0 
269.0 111.0 
