272.0 112.0 
244.0 128.0 
301.0 115.0 
287.0 124.0 
292.0 116.0 
287.0 124.0 
244.0 131.0 
285.0 129.0 
303.0 116.0 
295.0 120.0 
294.0 128.0 
248.0 131.0 
327.0 119.0 
299.0 121.0 
253.0 140.0 
261.0 139.0 
250.0 150.0 
270.0 135.0 
251.0 142.0 
302.0 131.0 
320.0 121.0 
312.0 123.0 
307.0 128.0 
303.0 130.0 
256.0 141.0 
280.0 137.0 
292.0 136.0 
254.0 147.0 
251.0 160.0 
253.0 149.0 
334.0 123.0 
310.0 128.0 
309.0 135.0 
260.0 141.0 
291.0 139.0 
295.0 136.0 
294.0 137.0 
251.0 165.0 
254.0 161.0 
256.0 157.0 
336.0 124.0 
310.0 129.0 
322.0 128.0 
261.0 141.0 
302.0 136.0 
298.0 140.0 
255.0 168.0 
257.0 158.0 
337.0 126.0 
319.0 130.0 
324.0 129.0 
289.0 141.0 
263.0 157.0 
265.0 143.0 
304.0 137.0 
260.0 169.0 
261.0 168.0 
353.0 126.0 
320.0 130.0 
293.0 142.0 
298.0 141.0 
298.0 141.0 
293.0 142.0 
264.0 162.0 
266.0 144.0 
271.0 143.0 
271.0 143.0 
266.0 144.0 
310.0 137.0 
260.0 175.0 
260.0 175.0 
321.0 134.0 
335.0 130.0 
335.0 130.0 
323.0 131.0 
308.0 141.0 
265.0 166.0 
298.0 143.0 
270.0 149.0 
295.0 144.0 
269.0 163.0 
291.0 145.0 
311.0 138.0 
311.0 138.0 
345.0 130.0 
323.0 132.0 
331.0 131.0 
266.0 168.0 
301.0 143.0 
271.0 157.0 
281.0 151.0 
280.0 155.0 
294.0 146.0 
319.0 138.0 
314.0 141.0 
336.0 131.0 
336.0 131.0 
266.0 171.0 
316.0 143.0 
324.0 136.0 
