86.0 37.0 
97.0 36.0 
112.0 35.0 
43.0 69.0 
56.0 38.0 
55.0 40.0 
45.0 96.0 
51.0 83.0 
48.0 85.0 
98.0 38.0 
64.0 41.0 
57.0 53.0 
61.0 47.0 
56.0 56.0 
76.0 40.0 
45.0 102.0 
53.0 83.0 
51.0 91.0 
68.0 48.0 
72.0 47.0 
63.0 52.0 
62.0 64.0 
61.0 70.0 
57.0 76.0 
59.0 73.0 
80.0 40.0 
56.0 84.0 
77.0 49.0 
64.0 62.0 
65.0 54.0 
63.0 64.0 
57.0 77.0 
96.0 41.0 
82.0 42.0 
80.0 46.0 
56.0 88.0 
79.0 49.0 
78.0 53.0 
66.0 54.0 
64.0 82.0 
64.0 82.0 
65.0 80.0 
58.0 85.0 
61.0 84.0 
85.0 43.0 
86.0 42.0 
83.0 48.0 
57.0 90.0 
56.0 91.0 
56.0 91.0 
81.0 50.0 
81.0 50.0 
66.0 60.0 
75.0 54.0 
67.0 58.0 
68.0 55.0 
68.0 55.0 
65.0 81.0 
59.0 86.0 
85.0 45.0 
93.0 43.0 
96.0 42.0 
96.0 42.0 
84.0 48.0 
56.0 95.0 
56.0 95.0 
83.0 50.0 
83.0 50.0 
66.0 65.0 
76.0 54.0 
75.0 57.0 
68.0 59.0 
65.0 82.0 
60.0 86.0 
59.0 90.0 
88.0 46.0 
106.0 44.0 
96.0 45.0 
106.0 44.0 
85.0 48.0 
57.0 95.0 
84.0 52.0 
67.0 68.0 
66.0 72.0 
77.0 54.0 
74.0 61.0 
70.0 62.0 
60.0 87.0 
95.0 46.0 
95.0 46.0 
100.0 45.0 
148.0 44.0 
148.0 44.0 
85.0 51.0 
89.0 49.0 
57.0 112.0 
196.0 45.0 
97.0 46.0 
62.0 90.0 
61.0 107.0 
