77.0 42.0 
87.0 39.0 
126.0 27.0 
126.0 27.0 
126.0 27.0 
95.0 36.0 
126.0 27.0 
89.0 38.0 
49.0 56.0 
109.0 29.0 
126.0 27.0 
49.0 56.0 
126.0 27.0 
109.0 29.0 
126.0 27.0 
126.0 27.0 
84.0 40.0 
62.0 46.0 
126.0 27.0 
48.0 59.0 
109.0 29.0 
49.0 56.0 
71.0 43.0 
132.0 24.0 
78.0 41.0 
48.0 59.0 
126.0 27.0 
126.0 27.0 
53.0 52.0 
109.0 29.0 
126.0 27.0 
108.0 31.0 
58.0 47.0 
54.0 49.0 
48.0 59.0 
87.0 39.0 
126.0 27.0 
126.0 27.0 
126.0 27.0 
49.0 56.0 
78.0 41.0 
109.0 29.0 
129.0 26.0 
126.0 27.0 
66.0 45.0 
58.0 47.0 
97.0 35.0 
53.0 52.0 
53.0 52.0 
54.0 49.0 
67.0 44.0 
78.0 41.0 
109.0 29.0 
50.0 55.0 
129.0 26.0 
109.0 29.0 
87.0 39.0 
109.0 29.0 
97.0 35.0 
102.0 32.0 
97.0 35.0 
108.0 31.0 
126.0 27.0 
100.0 34.0 
48.0 62.0 
48.0 62.0 
133.0 26.0 
109.0 30.0 
125.0 29.0 
49.0 57.0 
103.0 32.0 
60.0 47.0 
89.0 40.0 
98.0 35.0 
95.0 37.0 
79.0 41.0 
56.0 49.0 
102.0 34.0 
65.0 46.0 
72.0 43.0 
67.0 45.0 
127.0 27.0 
78.0 42.0 
52.0 55.0 
71.0 44.0 
53.0 53.0 
54.0 52.0 
55.0 50.0 
52.0 55.0 
92.0 38.0 
92.0 38.0 
90.0 39.0 
127.0 27.0 
53.0 53.0 
55.0 50.0 
54.0 52.0 
71.0 44.0 
79.0 41.0 
78.0 42.0 
90.0 39.0 
