45.0 22.0 
45.0 25.0 
47.0 23.0 
45.0 25.0 
45.0 25.0 
45.0 25.0 
45.0 25.0 
45.0 25.0 
45.0 25.0 
45.0 25.0 
45.0 25.0 
45.0 25.0 
45.0 25.0 
45.0 25.0 
45.0 25.0 
45.0 25.0 
45.0 25.0 
45.0 25.0 
45.0 25.0 
45.0 25.0 
45.0 25.0 
45.0 25.0 
45.0 25.0 
45.0 25.0 
45.0 25.0 
45.0 25.0 
45.0 25.0 
45.0 25.0 
45.0 25.0 
45.0 25.0 
45.0 25.0 
45.0 25.0 
45.0 25.0 
45.0 25.0 
45.0 25.0 
45.0 25.0 
45.0 25.0 
45.0 25.0 
45.0 25.0 
45.0 25.0 
45.0 25.0 
45.0 25.0 
45.0 25.0 
45.0 25.0 
45.0 25.0 
45.0 25.0 
45.0 25.0 
45.0 25.0 
45.0 25.0 
45.0 25.0 
45.0 25.0 
45.0 25.0 
45.0 25.0 
45.0 25.0 
45.0 25.0 
45.0 25.0 
45.0 25.0 
45.0 25.0 
45.0 25.0 
45.0 25.0 
45.0 25.0 
45.0 25.0 
45.0 25.0 
45.0 25.0 
45.0 25.0 
45.0 25.0 
45.0 25.0 
45.0 25.0 
45.0 25.0 
45.0 25.0 
45.0 25.0 
45.0 25.0 
45.0 25.0 
45.0 25.0 
45.0 25.0 
45.0 25.0 
45.0 25.0 
45.0 25.0 
45.0 25.0 
45.0 25.0 
45.0 25.0 
45.0 25.0 
45.0 25.0 
45.0 25.0 
45.0 25.0 
45.0 25.0 
45.0 25.0 
45.0 25.0 
45.0 25.0 
45.0 25.0 
45.0 25.0 
45.0 25.0 
45.0 25.0 
45.0 25.0 
45.0 25.0 
45.0 25.0 
45.0 25.0 
45.0 25.0 
45.0 25.0 
45.0 25.0 
