69.0 81.0 
129.0 39.0 
72.0 61.0 
103.0 53.0 
111.0 40.0 
83.0 61.0 
72.0 82.0 
147.0 46.0 
141.0 52.0 
214.0 41.0 
133.0 53.0 
116.0 54.0 
144.0 51.0 
141.0 52.0 
100.0 64.0 
84.0 65.0 
80.0 105.0 
148.0 50.0 
148.0 50.0 
150.0 48.0 
233.0 43.0 
128.0 54.0 
117.0 63.0 
128.0 54.0 
122.0 56.0 
119.0 58.0 
84.0 95.0 
85.0 70.0 
100.0 66.0 
82.0 121.0 
185.0 50.0 
161.0 51.0 
154.0 55.0 
137.0 56.0 
124.0 58.0 
123.0 62.0 
120.0 64.0 
124.0 58.0 
85.0 72.0 
113.0 67.0 
105.0 70.0 
252.0 55.0 
234.0 57.0 
120.0 66.0 
145.0 58.0 
145.0 58.0 
126.0 61.0 
85.0 78.0 
89.0 74.0 
115.0 69.0 
107.0 71.0 
107.0 71.0 
110.0 70.0 
120.0 67.0 
120.0 67.0 
147.0 58.0 
147.0 58.0 
147.0 58.0 
147.0 58.0 
147.0 58.0 
130.0 61.0 
87.0 87.0 
86.0 91.0 
87.0 87.0 
86.0 91.0 
91.0 82.0 
94.0 78.0 
110.0 73.0 
118.0 70.0 
183.0 60.0 
235.0 58.0 
131.0 69.0 
132.0 62.0 
131.0 69.0 
133.0 61.0 
86.0 109.0 
92.0 87.0 
100.0 80.0 
101.0 78.0 
95.0 86.0 
99.0 85.0 
118.0 73.0 
127.0 70.0 
123.0 71.0 
138.0 61.0 
133.0 63.0 
88.0 111.0 
88.0 111.0 
138.0 62.0 
95.0 101.0 
119.0 73.0 
105.0 78.0 
125.0 71.0 
97.0 87.0 
134.0 69.0 
102.0 85.0 
103.0 79.0 
135.0 66.0 
137.0 64.0 
98.0 86.0 
