864.0 148.0 
432.0 182.0 
992.0 142.0 
432.0 182.0 
322.0 200.0 
969.0 143.0 
322.0 200.0 
1851.0 106.0 
432.0 182.0 
969.0 143.0 
787.0 151.0 
1020.0 137.0 
1571.0 116.0 
1695.0 114.0 
1284.0 127.0 
1277.0 129.0 
454.0 180.0 
386.0 183.0 
535.0 166.0 
315.0 209.0 
671.0 159.0 
1851.0 106.0 
454.0 180.0 
1305.0 126.0 
463.0 172.0 
875.0 147.0 
380.0 185.0 
1110.0 136.0 
315.0 209.0 
465.0 171.0 
899.0 146.0 
943.0 144.0 
340.0 195.0 
864.0 148.0 
1445.0 121.0 
1851.0 106.0 
1849.0 107.0 
386.0 183.0 
655.0 161.0 
969.0 143.0 
713.0 155.0 
322.0 200.0 
969.0 143.0 
1404.0 123.0 
1114.0 131.0 
655.0 161.0 
1471.0 119.0 
860.0 149.0 
1336.0 124.0 
1717.0 111.0 
361.0 188.0 
315.0 209.0 
478.0 168.0 
315.0 209.0 
875.0 147.0 
1445.0 121.0 
1528.0 117.0 
1610.0 115.0 
454.0 180.0 
308.0 212.0 
507.0 167.0 
997.0 138.0 
1851.0 106.0 
1404.0 123.0 
357.0 189.0 
1801.0 108.0 
627.0 165.0 
309.0 215.0 
1851.0 107.0 
1851.0 107.0 
436.0 184.0 
1726.0 112.0 
346.0 203.0 
717.0 161.0 
463.0 173.0 
794.0 151.0 
748.0 156.0 
1117.0 136.0 
1022.0 137.0 
507.0 168.0 
630.0 165.0 
1162.0 132.0 
1345.0 124.0 
995.0 142.0 
1446.0 123.0 
1305.0 129.0 
1810.0 110.0 
369.0 193.0 
1225.0 131.0 
968.0 147.0 
1488.0 120.0 
328.0 208.0 
630.0 165.0 
871.0 148.0 
1620.0 115.0 
870.0 149.0 
1572.0 116.0 
1278.0 130.0 
969.0 144.0 
479.0 170.0 
