112.0 37.0 
94.0 38.0 
94.0 38.0 
94.0 38.0 
112.0 37.0 
112.0 37.0 
94.0 38.0 
94.0 38.0 
112.0 37.0 
94.0 38.0 
94.0 38.0 
94.0 38.0 
112.0 37.0 
94.0 38.0 
94.0 38.0 
112.0 37.0 
94.0 38.0 
94.0 38.0 
112.0 37.0 
94.0 38.0 
112.0 37.0 
94.0 38.0 
94.0 38.0 
94.0 38.0 
94.0 38.0 
112.0 37.0 
112.0 37.0 
94.0 38.0 
94.0 38.0 
112.0 37.0 
94.0 38.0 
94.0 38.0 
94.0 38.0 
94.0 38.0 
94.0 38.0 
112.0 37.0 
94.0 38.0 
112.0 37.0 
94.0 38.0 
94.0 38.0 
94.0 38.0 
94.0 38.0 
94.0 38.0 
94.0 38.0 
94.0 38.0 
94.0 38.0 
94.0 38.0 
94.0 38.0 
94.0 38.0 
94.0 38.0 
112.0 37.0 
94.0 38.0 
94.0 38.0 
94.0 38.0 
94.0 38.0 
112.0 37.0 
94.0 38.0 
112.0 37.0 
112.0 37.0 
94.0 38.0 
94.0 38.0 
94.0 38.0 
94.0 38.0 
94.0 38.0 
94.0 38.0 
94.0 38.0 
94.0 38.0 
94.0 38.0 
94.0 38.0 
94.0 38.0 
94.0 38.0 
94.0 38.0 
94.0 38.0 
112.0 37.0 
94.0 38.0 
94.0 38.0 
94.0 38.0 
112.0 37.0 
94.0 38.0 
94.0 38.0 
94.0 38.0 
94.0 38.0 
94.0 38.0 
112.0 37.0 
94.0 38.0 
112.0 37.0 
94.0 38.0 
94.0 38.0 
94.0 38.0 
94.0 38.0 
113.0 37.0 
113.0 37.0 
95.0 38.0 
95.0 38.0 
113.0 37.0 
113.0 37.0 
113.0 37.0 
113.0 37.0 
113.0 37.0 
113.0 37.0 
