119.0 38.0 
100.0 39.0 
119.0 38.0 
119.0 38.0 
101.0 39.0 
101.0 39.0 
101.0 39.0 
101.0 39.0 
101.0 39.0 
101.0 39.0 
101.0 39.0 
101.0 39.0 
101.0 39.0 
101.0 39.0 
101.0 39.0 
101.0 39.0 
101.0 39.0 
101.0 39.0 
101.0 39.0 
101.0 39.0 
101.0 39.0 
101.0 39.0 
101.0 39.0 
101.0 39.0 
101.0 39.0 
101.0 39.0 
101.0 39.0 
101.0 39.0 
101.0 39.0 
101.0 39.0 
101.0 39.0 
101.0 39.0 
101.0 39.0 
101.0 39.0 
101.0 39.0 
101.0 39.0 
101.0 39.0 
101.0 39.0 
101.0 39.0 
101.0 39.0 
101.0 39.0 
101.0 39.0 
101.0 39.0 
101.0 39.0 
101.0 39.0 
101.0 39.0 
101.0 39.0 
101.0 39.0 
101.0 39.0 
101.0 39.0 
101.0 39.0 
101.0 39.0 
101.0 39.0 
101.0 39.0 
101.0 39.0 
101.0 39.0 
101.0 39.0 
101.0 39.0 
101.0 39.0 
101.0 39.0 
101.0 39.0 
101.0 39.0 
101.0 39.0 
101.0 39.0 
101.0 39.0 
101.0 39.0 
101.0 39.0 
101.0 39.0 
101.0 39.0 
101.0 39.0 
101.0 39.0 
101.0 39.0 
101.0 39.0 
101.0 39.0 
101.0 39.0 
101.0 39.0 
101.0 39.0 
101.0 39.0 
101.0 39.0 
101.0 39.0 
101.0 39.0 
101.0 39.0 
101.0 39.0 
101.0 39.0 
101.0 39.0 
101.0 39.0 
101.0 39.0 
101.0 39.0 
101.0 39.0 
101.0 39.0 
101.0 39.0 
101.0 39.0 
101.0 39.0 
101.0 39.0 
101.0 39.0 
101.0 39.0 
101.0 39.0 
101.0 39.0 
101.0 39.0 
101.0 39.0 
