216.0 110.0 
217.0 107.0 
216.0 110.0 
236.0 87.0 
216.0 110.0 
211.0 123.0 
219.0 100.0 
248.0 87.0 
244.0 90.0 
217.0 122.0 
236.0 100.0 
227.0 102.0 
226.0 104.0 
219.0 116.0 
222.0 110.0 
279.0 89.0 
244.0 95.0 
246.0 92.0 
242.0 101.0 
235.0 102.0 
227.0 105.0 
220.0 116.0 
224.0 110.0 
224.0 110.0 
294.0 90.0 
264.0 94.0 
264.0 94.0 
246.0 100.0 
248.0 97.0 
255.0 96.0 
238.0 102.0 
228.0 105.0 
227.0 109.0 
221.0 118.0 
222.0 116.0 
226.0 112.0 
294.0 93.0 
267.0 94.0 
249.0 98.0 
261.0 96.0 
239.0 102.0 
229.0 106.0 
225.0 116.0 
222.0 117.0 
228.0 112.0 
226.0 114.0 
289.0 95.0 
249.0 99.0 
268.0 98.0 
271.0 97.0 
268.0 98.0 
245.0 102.0 
239.0 104.0 
229.0 107.0 
224.0 118.0 
226.0 117.0 
293.0 96.0 
318.0 95.0 
261.0 100.0 
278.0 97.0 
272.0 98.0 
268.0 99.0 
246.0 102.0 
244.0 104.0 
243.0 106.0 
232.0 108.0 
235.0 107.0 
230.0 112.0 
224.0 119.0 
224.0 119.0 
224.0 119.0 
225.0 118.0 
225.0 118.0 
225.0 118.0 
224.0 119.0 
302.0 96.0 
267.0 100.0 
288.0 98.0 
279.0 99.0 
257.0 102.0 
245.0 104.0 
244.0 105.0 
233.0 108.0 
231.0 116.0 
224.0 120.0 
302.0 97.0 
225.0 129.0 
227.0 120.0 
289.0 99.0 
234.0 108.0 
269.0 100.0 
254.0 104.0 
266.0 103.0 
249.0 105.0 
244.0 107.0 
234.0 108.0 
245.0 106.0 
266.0 103.0 
244.0 107.0 
245.0 106.0 
