131.0 47.0 
110.0 49.0 
110.0 49.0 
131.0 47.0 
112.0 48.0 
111.0 53.0 
110.0 54.0 
113.0 48.0 
113.0 48.0 
112.0 49.0 
112.0 49.0 
111.0 54.0 
111.0 54.0 
114.0 48.0 
113.0 51.0 
113.0 51.0 
113.0 51.0 
112.0 53.0 
111.0 55.0 
111.0 55.0 
111.0 55.0 
111.0 55.0 
111.0 55.0 
111.0 55.0 
115.0 48.0 
115.0 48.0 
115.0 48.0 
114.0 49.0 
114.0 49.0 
114.0 49.0 
114.0 49.0 
114.0 49.0 
113.0 52.0 
113.0 52.0 
113.0 52.0 
113.0 52.0 
113.0 52.0 
113.0 52.0 
112.0 54.0 
112.0 54.0 
112.0 54.0 
112.0 54.0 
112.0 54.0 
111.0 56.0 
111.0 56.0 
111.0 56.0 
111.0 56.0 
111.0 56.0 
116.0 48.0 
116.0 48.0 
116.0 48.0 
116.0 48.0 
116.0 48.0 
116.0 48.0 
114.0 50.0 
115.0 49.0 
114.0 50.0 
114.0 50.0 
113.0 53.0 
113.0 53.0 
113.0 53.0 
113.0 53.0 
113.0 53.0 
112.0 55.0 
111.0 57.0 
111.0 57.0 
111.0 57.0 
111.0 57.0 
111.0 57.0 
111.0 57.0 
111.0 57.0 
117.0 48.0 
117.0 48.0 
116.0 49.0 
116.0 49.0 
116.0 49.0 
116.0 49.0 
116.0 49.0 
116.0 49.0 
116.0 49.0 
114.0 52.0 
114.0 52.0 
114.0 52.0 
114.0 52.0 
114.0 52.0 
115.0 50.0 
115.0 50.0 
114.0 52.0 
114.0 52.0 
114.0 52.0 
114.0 52.0 
114.0 52.0 
113.0 54.0 
113.0 54.0 
113.0 54.0 
113.0 54.0 
112.0 56.0 
112.0 56.0 
132.0 48.0 
132.0 48.0 
