3081.0 1001.0 
3738.0 922.0 
4422.0 869.0 
3396.0 949.0 
3733.0 930.0 
3015.0 1064.0 
3345.0 975.0 
3761.0 921.0 
3081.0 1021.0 
3223.0 1010.0 
3081.0 1021.0 
4615.0 910.0 
4696.0 877.0 
4483.0 912.0 
3661.0 968.0 
3492.0 971.0 
3733.0 963.0 
3036.0 1173.0 
3045.0 1076.0 
3372.0 1002.0 
3862.0 923.0 
3873.0 922.0 
3762.0 961.0 
3110.0 1022.0 
3091.0 1043.0 
3098.0 1035.0 
4786.0 910.0 
4786.0 910.0 
4619.0 917.0 
4619.0 917.0 
4661.0 914.0 
3564.0 995.0 
3589.0 979.0 
3547.0 998.0 
3564.0 995.0 
3067.0 1097.0 
3060.0 1163.0 
3064.0 1160.0 
3056.0 1182.0 
3451.0 1006.0 
3878.0 944.0 
4392.0 927.0 
3993.0 936.0 
4589.0 923.0 
3808.0 977.0 
3350.0 1031.0 
3102.0 1046.0 
3227.0 1038.0 
3221.0 1040.0 
4856.0 911.0 
4794.0 913.0 
4627.0 919.0 
3592.0 979.0 
3568.0 996.0 
3097.0 1099.0 
3071.0 1101.0 
3469.0 1023.0 
3490.0 1019.0 
3886.0 944.0 
4585.0 931.0 
4446.0 935.0 
4306.0 938.0 
4611.0 928.0 
3868.0 977.0 
3408.0 1033.0 
3105.0 1046.0 
3105.0 1046.0 
3334.0 1039.0 
3283.0 1043.0 
4629.0 923.0 
3680.0 994.0 
3719.0 981.0 
3702.0 990.0 
3659.0 1002.0 
3085.0 1165.0 
3084.0 1169.0 
3090.0 1130.0 
3469.0 1024.0 
3514.0 1023.0 
3897.0 960.0 
3981.0 947.0 
4323.0 940.0 
4608.0 938.0 
4800.0 925.0 
3103.0 1142.0 
3117.0 1120.0 
3119.0 1048.0 
4201.0 952.0 
4689.0 927.0 
3659.0 1025.0 
4540.0 948.0 
3780.0 981.0 
3943.0 972.0 
3472.0 1028.0 
4099.0 965.0 
4567.0 947.0 
3365.0 1042.0 
3204.0 1046.0 
3438.0 1038.0 
4012.0 969.0 
