1894.0 422.0 
1992.0 413.0 
1894.0 422.0 
1992.0 413.0 
1712.0 454.0 
1995.0 411.0 
1696.0 456.0 
1599.0 505.0 
1850.0 429.0 
1995.0 411.0 
2009.0 410.0 
1696.0 456.0 
1873.0 427.0 
1601.0 500.0 
1897.0 418.0 
1873.0 427.0 
1663.0 470.0 
1601.0 500.0 
1897.0 418.0 
1897.0 418.0 
1641.0 473.0 
1718.0 447.0 
1696.0 456.0 
1801.0 441.0 
1894.0 422.0 
1668.0 469.0 
1995.0 411.0 
1688.0 461.0 
1599.0 505.0 
1668.0 469.0 
1663.0 470.0 
1815.0 436.0 
1601.0 500.0 
1748.0 444.0 
1897.0 418.0 
1625.0 497.0 
1638.0 491.0 
2014.0 410.0 
1600.0 505.0 
1600.0 505.0 
1898.0 418.0 
1698.0 456.0 
1992.0 415.0 
1721.0 447.0 
1801.0 442.0 
1666.0 472.0 
1713.0 455.0 
1671.0 469.0 
1643.0 494.0 
1662.0 484.0 
1771.0 446.0 
1891.0 427.0 
1850.0 434.0 
1852.0 429.0 
1645.0 488.0 
1897.0 419.0 
1671.0 469.0 
1658.0 486.0 
1834.0 436.0 
1825.0 440.0 
1996.0 412.0 
1774.0 445.0 
1613.0 503.0 
1876.0 428.0 
1630.0 498.0 
1606.0 504.0 
1618.0 500.0 
1876.0 428.0 
1630.0 498.0 
1826.0 438.0 
1829.0 437.0 
1992.0 415.0 
1774.0 445.0 
1662.0 484.0 
1721.0 447.0 
1625.0 499.0 
1645.0 488.0 
1668.0 471.0 
1891.0 427.0 
1897.0 419.0 
1995.0 413.0 
1825.0 440.0 
1618.0 500.0 
1625.0 499.0 
1995.0 413.0 
1668.0 471.0 
1771.0 446.0 
1852.0 429.0 
1891.0 427.0 
1891.0 427.0 
1876.0 428.0 
1876.0 428.0 
1891.0 427.0 
1662.0 484.0 
1600.0 505.0 
1600.0 505.0 
1671.0 469.0 
1671.0 469.0 
1671.0 469.0 
1671.0 469.0 
