3110.0 646.0 
2561.0 709.0 
2246.0 820.0 
2246.0 820.0 
2245.0 871.0 
2267.0 798.0 
2642.0 708.0 
3264.0 625.0 
2411.0 764.0 
2545.0 754.0 
3284.0 618.0 
3080.0 648.0 
2709.0 655.0 
2360.0 782.0 
3239.0 631.0 
2625.0 738.0 
2624.0 745.0 
2248.0 888.0 
2250.0 872.0 
2248.0 888.0 
2248.0 888.0 
2323.0 802.0 
2272.0 833.0 
2651.0 714.0 
2429.0 777.0 
2572.0 754.0 
2572.0 754.0 
3189.0 651.0 
2806.0 676.0 
2722.0 685.0 
2939.0 670.0 
3007.0 662.0 
2715.0 711.0 
2395.0 797.0 
3252.0 645.0 
3274.0 640.0 
3332.0 632.0 
2640.0 743.0 
2263.0 873.0 
2371.0 815.0 
2346.0 825.0 
2344.0 835.0 
2330.0 836.0 
2276.0 839.0 
2272.0 862.0 
2659.0 722.0 
2436.0 792.0 
2624.0 766.0 
2583.0 771.0 
2600.0 767.0 
2625.0 760.0 
3199.0 653.0 
3200.0 651.0 
2809.0 676.0 
2726.0 694.0 
2953.0 673.0 
2953.0 673.0 
3013.0 664.0 
2400.0 808.0 
3277.0 650.0 
3298.0 641.0 
3344.0 639.0 
3344.0 639.0 
2642.0 750.0 
2268.0 875.0 
2268.0 875.0 
2264.0 893.0 
2381.0 817.0 
2381.0 817.0 
2353.0 829.0 
2369.0 827.0 
2286.0 847.0 
2670.0 747.0 
2684.0 725.0 
2443.0 802.0 
2441.0 803.0 
2458.0 792.0 
2585.0 789.0 
2592.0 771.0 
2618.0 769.0 
3203.0 656.0 
3274.0 654.0 
2819.0 680.0 
2898.0 678.0 
2818.0 697.0 
2784.0 712.0 
2762.0 720.0 
2785.0 709.0 
3000.0 675.0 
3083.0 665.0 
3028.0 667.0 
3083.0 665.0 
2410.0 808.0 
3326.0 644.0 
3312.0 647.0 
3305.0 653.0 
3346.0 640.0 
3346.0 640.0 
3346.0 640.0 
2274.0 878.0 
