1682.0 420.0 
1797.0 412.0 
1594.0 431.0 
1567.0 450.0 
1632.0 426.0 
1682.0 420.0 
1682.0 420.0 
1668.0 424.0 
1548.0 453.0 
1632.0 426.0 
1567.0 450.0 
1536.0 454.0 
1632.0 426.0 
1682.0 420.0 
1632.0 426.0 
1811.0 405.0 
1691.0 413.0 
1626.0 428.0 
1571.0 449.0 
1893.0 402.0 
1571.0 449.0 
1548.0 453.0 
1691.0 413.0 
1671.0 421.0 
1628.0 427.0 
1632.0 426.0 
1689.0 419.0 
1811.0 405.0 
1571.0 449.0 
1567.0 450.0 
1536.0 454.0 
1632.0 426.0 
1803.0 411.0 
1604.0 432.0 
1604.0 432.0 
1607.0 431.0 
1598.0 436.0 
1604.0 432.0 
1684.0 420.0 
1897.0 402.0 
1897.0 402.0 
1897.0 402.0 
1897.0 402.0 
1894.0 403.0 
1702.0 413.0 
1692.0 418.0 
1702.0 413.0 
1693.0 417.0 
1700.0 414.0 
1676.0 424.0 
1673.0 425.0 
1629.0 428.0 
1690.0 419.0 
1814.0 405.0 
1814.0 405.0 
1814.0 405.0 
1812.0 406.0 
1814.0 405.0 
1572.0 450.0 
1572.0 450.0 
1572.0 450.0 
1572.0 450.0 
1572.0 450.0 
1536.0 458.0 
1542.0 454.0 
1536.0 458.0 
1536.0 458.0 
1536.0 458.0 
1536.0 458.0 
1633.0 427.0 
1902.0 402.0 
1902.0 402.0 
1539.0 458.0 
1719.0 413.0 
1815.0 406.0 
1575.0 450.0 
1544.0 454.0 
1898.0 403.0 
1818.0 405.0 
1599.0 437.0 
1675.0 425.0 
1631.0 428.0 
1575.0 450.0 
1631.0 428.0 
1702.0 416.0 
1685.0 420.0 
1607.0 432.0 
1605.0 434.0 
1599.0 437.0 
1675.0 425.0 
1607.0 432.0 
1693.0 419.0 
1600.0 436.0 
1709.0 415.0 
1712.0 414.0 
1898.0 403.0 
1685.0 420.0 
1818.0 405.0 
1693.0 419.0 
1599.0 437.0 
