4130.0 901.0 
2709.0 1085.0 
2935.0 989.0 
3198.0 912.0 
2726.0 1022.0 
4332.0 905.0 
4197.0 908.0 
3168.0 1005.0 
3805.0 919.0 
3368.0 926.0 
3732.0 924.0 
3218.0 941.0 
4119.0 918.0 
2906.0 1041.0 
2764.0 1077.0 
3021.0 1033.0 
2803.0 1072.0 
2764.0 1077.0 
2751.0 1120.0 
2977.0 1035.0 
2904.0 1048.0 
2840.0 1051.0 
4282.0 910.0 
3816.0 923.0 
4109.0 920.0 
3589.0 931.0 
3555.0 938.0 
3544.0 940.0 
3785.0 925.0 
3223.0 946.0 
3219.0 968.0 
4228.0 918.0 
2926.0 1045.0 
2782.0 1090.0 
2820.0 1085.0 
2980.0 1036.0 
2980.0 1036.0 
2872.0 1073.0 
4283.0 913.0 
4227.0 921.0 
3627.0 936.0 
3771.0 932.0 
3787.0 926.0 
3887.0 925.0 
3298.0 951.0 
3618.0 946.0 
3228.0 977.0 
2964.0 1060.0 
2964.0 1060.0 
2944.0 1066.0 
2796.0 1135.0 
2835.0 1096.0 
2985.0 1049.0 
3015.0 1038.0 
2917.0 1078.0 
4052.0 927.0 
3977.0 941.0 
3372.0 975.0 
3394.0 954.0 
3871.0 948.0 
3871.0 948.0 
3871.0 948.0 
3298.0 990.0 
3249.0 1007.0 
3327.0 989.0 
2961.0 1072.0 
2973.0 1071.0 
2811.0 1155.0 
2821.0 1151.0 
2821.0 1151.0 
2860.0 1098.0 
2848.0 1107.0 
3126.0 1055.0 
3031.0 1059.0 
3129.0 1043.0 
3129.0 1043.0 
3022.0 1069.0 
2924.0 1097.0 
4169.0 936.0 
4279.0 928.0 
4058.0 942.0 
3490.0 954.0 
3421.0 986.0 
3473.0 984.0 
3937.0 951.0 
3937.0 951.0 
3937.0 951.0 
3295.0 1018.0 
3333.0 989.0 
2866.0 1104.0 
2900.0 1099.0 
2853.0 1114.0 
3126.0 1067.0 
3126.0 1067.0 
3175.0 1057.0 
3135.0 1058.0 
3255.0 1045.0 
3133.0 1062.0 
3135.0 1058.0 
3031.0 1070.0 
