1715.0 517.0 
1715.0 517.0 
1643.0 545.0 
1818.0 503.0 
1703.0 529.0 
1692.0 534.0 
1735.0 512.0 
1802.0 507.0 
1730.0 518.0 
1715.0 521.0 
1647.0 558.0 
1647.0 558.0 
1648.0 549.0 
1683.0 547.0 
1836.0 506.0 
1707.0 530.0 
1707.0 530.0 
1699.0 537.0 
1699.0 537.0 
1706.0 536.0 
1699.0 537.0 
1699.0 537.0 
1706.0 536.0 
1699.0 537.0 
1699.0 537.0 
1706.0 536.0 
1706.0 536.0 
1699.0 537.0 
1735.0 514.0 
1735.0 514.0 
1735.0 514.0 
1735.0 514.0 
1735.0 514.0 
1735.0 514.0 
1826.0 508.0 
1813.0 509.0 
1719.0 529.0 
1719.0 529.0 
1722.0 523.0 
1719.0 529.0 
1647.0 575.0 
1651.0 552.0 
1650.0 559.0 
1684.0 549.0 
1685.0 548.0 
1836.0 507.0 
1836.0 507.0 
1709.0 531.0 
1709.0 531.0 
1700.0 537.0 
1700.0 537.0 
1699.0 543.0 
1699.0 543.0 
1700.0 537.0 
1788.0 514.0 
1744.0 517.0 
1788.0 514.0 
1746.0 516.0 
1742.0 518.0 
1739.0 522.0 
1788.0 514.0 
1817.0 509.0 
1817.0 509.0 
1813.0 510.0 
1727.0 526.0 
1732.0 523.0 
1725.0 529.0 
1655.0 557.0 
1664.0 554.0 
1650.0 578.0 
1650.0 578.0 
1652.0 559.0 
1652.0 559.0 
1684.0 550.0 
1684.0 550.0 
1684.0 550.0 
1698.0 548.0 
1685.0 549.0 
1839.0 507.0 
1710.0 533.0 
1710.0 533.0 
1711.0 532.0 
1710.0 533.0 
1702.0 540.0 
1700.0 544.0 
1700.0 544.0 
1702.0 540.0 
1704.0 537.0 
1750.0 517.0 
1750.0 517.0 
1765.0 516.0 
1748.0 518.0 
1745.0 519.0 
1823.0 509.0 
1823.0 509.0 
1814.0 510.0 
1665.0 555.0 
1845.0 508.0 
1845.0 508.0 
1767.0 517.0 
