116.0 48.0 
132.0 47.0 
83.0 57.0 
93.0 50.0 
116.0 48.0 
83.0 57.0 
93.0 50.0 
142.0 47.0 
137.0 49.0 
88.0 100.0 
90.0 61.0 
89.0 93.0 
95.0 51.0 
108.0 50.0 
144.0 47.0 
144.0 47.0 
144.0 47.0 
141.0 49.0 
91.0 64.0 
89.0 94.0 
104.0 63.0 
139.0 50.0 
138.0 51.0 
139.0 50.0 
133.0 53.0 
119.0 54.0 
139.0 50.0 
110.0 55.0 
133.0 53.0 
108.0 62.0 
101.0 70.0 
98.0 79.0 
103.0 67.0 
100.0 76.0 
94.0 96.0 
92.0 103.0 
132.0 54.0 
140.0 50.0 
140.0 50.0 
117.0 56.0 
123.0 55.0 
110.0 57.0 
134.0 53.0 
98.0 82.0 
105.0 68.0 
105.0 68.0 
100.0 79.0 
95.0 102.0 
92.0 114.0 
143.0 50.0 
125.0 56.0 
111.0 61.0 
111.0 61.0 
114.0 57.0 
111.0 61.0 
141.0 53.0 
141.0 53.0 
98.0 84.0 
106.0 71.0 
109.0 69.0 
105.0 83.0 
168.0 50.0 
168.0 50.0 
168.0 50.0 
144.0 52.0 
153.0 51.0 
144.0 52.0 
117.0 59.0 
135.0 57.0 
117.0 59.0 
113.0 64.0 
115.0 62.0 
113.0 64.0 
142.0 54.0 
100.0 84.0 
99.0 96.0 
98.0 105.0 
108.0 71.0 
106.0 78.0 
178.0 50.0 
178.0 50.0 
146.0 53.0 
146.0 53.0 
146.0 53.0 
146.0 53.0 
146.0 53.0 
137.0 58.0 
140.0 57.0 
121.0 60.0 
121.0 60.0 
116.0 62.0 
113.0 66.0 
145.0 55.0 
145.0 55.0 
98.0 110.0 
185.0 50.0 
151.0 53.0 
102.0 86.0 
125.0 60.0 
145.0 57.0 
