2915.0 819.0 
2672.0 833.0 
2927.0 791.0 
2590.0 936.0 
2965.0 776.0 
2601.0 840.0 
2538.0 1000.0 
2796.0 824.0 
2998.0 762.0 
2545.0 946.0 
2915.0 819.0 
2895.0 821.0 
3446.0 751.0 
2940.0 802.0 
2943.0 800.0 
2667.0 850.0 
2673.0 846.0 
2682.0 844.0 
2673.0 846.0 
2609.0 903.0 
2663.0 870.0 
2636.0 898.0 
2832.0 828.0 
3122.0 774.0 
3010.0 777.0 
3354.0 764.0 
2551.0 966.0 
2923.0 820.0 
4140.0 757.0 
2944.0 809.0 
2781.0 847.0 
2676.0 858.0 
2722.0 850.0 
2609.0 922.0 
2664.0 882.0 
2841.0 838.0 
3119.0 783.0 
3035.0 800.0 
3138.0 781.0 
3070.0 784.0 
3850.0 766.0 
3458.0 770.0 
2598.0 970.0 
2582.0 1005.0 
4164.0 762.0 
2982.0 835.0 
2705.0 858.0 
2745.0 850.0 
2643.0 952.0 
2700.0 925.0 
2674.0 940.0 
2943.0 838.0 
2869.0 845.0 
2898.0 842.0 
3048.0 825.0 
3048.0 825.0 
3237.0 791.0 
3416.0 789.0 
3431.0 784.0 
3075.0 801.0 
3174.0 800.0 
3421.0 787.0 
3890.0 766.0 
3513.0 774.0 
2613.0 996.0 
2610.0 1006.0 
2608.0 1009.0 
2718.0 861.0 
2711.0 885.0 
2852.0 851.0 
2662.0 985.0 
2702.0 930.0 
2948.0 840.0 
3048.0 826.0 
3137.0 811.0 
3125.0 825.0 
3362.0 803.0 
3504.0 798.0 
4088.0 768.0 
4088.0 768.0 
3973.0 779.0 
3533.0 783.0 
3973.0 779.0 
2656.0 1019.0 
2617.0 1041.0 
4217.0 772.0 
4217.0 772.0 
2660.0 1036.0 
2722.0 947.0 
3549.0 790.0 
3982.0 782.0 
2727.0 872.0 
2717.0 986.0 
4025.0 781.0 
2670.0 1007.0 
2959.0 844.0 
3248.0 820.0 
3373.0 816.0 
3463.0 814.0 
2821.0 861.0 
