5807.0 1367.0 
7036.0 1238.0 
5578.0 1438.0 
8934.0 1263.0 
5911.0 1438.0 
5642.0 1836.0 
6239.0 1705.0 
6406.0 1674.0 
6764.0 1476.0 
6421.0 1579.0 
6804.0 1465.0 
6266.0 1789.0 
6380.0 1769.0 
6652.0 1698.0 
6498.0 1756.0 
6828.0 1553.0 
6898.0 1528.0 
7001.0 1505.0 
7935.0 1476.0 
7174.0 1505.0 
7046.0 1673.0 
8172.0 1503.0 
7488.0 1542.0 
7426.0 1568.0 
7376.0 1583.0 
7948.0 1540.0 
7208.0 1770.0 
7151.0 1884.0 
7122.0 1924.0 
7353.0 1753.0 
8241.0 1503.0 
8241.0 1503.0 
7678.0 1545.0 
7512.0 1595.0 
7376.0 1726.0 
7222.0 1773.0 
7194.0 1892.0 
7180.0 1899.0 
8518.0 1539.0 
8812.0 1528.0 
8812.0 1528.0 
8812.0 1528.0 
7722.0 1545.0 
7576.0 1675.0 
7585.0 1646.0 
7639.0 1616.0 
7363.0 1774.0 
7263.0 1925.0 
9375.0 1530.0 
8112.0 1546.0 
7748.0 1558.0 
7744.0 1601.0 
7608.0 1753.0 
7673.0 1693.0 
7426.0 1849.0 
7415.0 1905.0 
7565.0 1839.0 
11698.0 1548.0 
8374.0 1549.0 
7778.0 1582.0 
7933.0 1559.0 
7915.0 1560.0 
7770.0 1621.0 
7753.0 1803.0 
7758.0 1694.0 
7572.0 1851.0 
9470.0 1551.0 
7795.0 1591.0 
8542.0 1573.0 
8247.0 1574.0 
8720.0 1565.0 
7812.0 1746.0 
7955.0 1617.0 
7836.0 1645.0 
7811.0 1851.0 
8484.0 1581.0 
8484.0 1581.0 
8484.0 1581.0 
10602.0 1571.0 
8768.0 1572.0 
8246.0 1627.0 
8194.0 1638.0 
8162.0 1671.0 
8109.0 1723.0 
7940.0 1844.0 
7960.0 1827.0 
8008.0 1785.0 
8156.0 1716.0 
8075.0 1728.0 
7855.0 2065.0 
8504.0 1622.0 
8527.0 1595.0 
9191.0 1574.0 
7978.0 2028.0 
8993.0 1596.0 
8646.0 1602.0 
8207.0 1640.0 
8009.0 1859.0 
8122.0 1728.0 
8086.0 1785.0 
