59.0 25.0 
57.0 26.0 
71.0 22.0 
75.0 19.0 
69.0 24.0 
57.0 26.0 
59.0 25.0 
78.0 21.0 
76.0 23.0 
60.0 25.0 
59.0 29.0 
81.0 23.0 
81.0 23.0 
76.0 24.0 
62.0 25.0 
107.0 24.0 
62.0 26.0 
74.0 25.0 
72.0 26.0 
66.0 27.0 
121.0 26.0 
68.0 30.0 
69.0 27.0 
66.0 33.0 
123.0 26.0 
123.0 26.0 
73.0 27.0 
68.0 34.0 
74.0 27.0 
73.0 30.0 
70.0 45.0 
72.0 35.0 
72.0 35.0 
78.0 27.0 
77.0 29.0 
78.0 27.0 
78.0 27.0 
77.0 29.0 
78.0 27.0 
73.0 31.0 
72.0 45.0 
72.0 45.0 
80.0 27.0 
80.0 27.0 
73.0 32.0 
75.0 31.0 
87.0 27.0 
80.0 28.0 
74.0 33.0 
76.0 31.0 
90.0 27.0 
81.0 28.0 
81.0 28.0 
80.0 29.0 
81.0 28.0 
81.0 28.0 
75.0 38.0 
78.0 32.0 
78.0 32.0 
78.0 32.0 
96.0 27.0 
80.0 31.0 
83.0 28.0 
81.0 30.0 
76.0 43.0 
75.0 48.0 
84.0 28.0 
82.0 30.0 
81.0 32.0 
81.0 32.0 
82.0 30.0 
76.0 46.0 
78.0 44.0 
78.0 44.0 
78.0 44.0 
86.0 28.0 
81.0 38.0 
81.0 38.0 
81.0 38.0 
82.0 32.0 
84.0 30.0 
77.0 48.0 
78.0 47.0 
87.0 28.0 
81.0 40.0 
81.0 40.0 
81.0 40.0 
82.0 37.0 
83.0 32.0 
85.0 30.0 
85.0 30.0 
77.0 49.0 
78.0 48.0 
79.0 47.0 
79.0 47.0 
79.0 47.0 
89.0 28.0 
89.0 28.0 
78.0 50.0 
78.0 50.0 
