17.0 18.0 
21.0 15.0 
10.0 26.0 
17.0 20.0 
18.0 19.0 
17.0 20.0 
17.0 20.0 
22.0 17.0 
20.0 19.0 
20.0 19.0 
20.0 19.0 
18.0 20.0 
17.0 29.0 
23.0 17.0 
18.0 25.0 
20.0 20.0 
20.0 20.0 
25.0 18.0 
27.0 17.0 
20.0 21.0 
20.0 21.0 
20.0 21.0 
21.0 20.0 
20.0 21.0 
21.0 20.0 
20.0 31.0 
22.0 20.0 
22.0 20.0 
21.0 21.0 
22.0 20.0 
22.0 20.0 
20.0 34.0 
20.0 34.0 
20.0 34.0 
24.0 20.0 
22.0 23.0 
22.0 23.0 
23.0 21.0 
24.0 20.0 
22.0 23.0 
23.0 21.0 
26.0 20.0 
26.0 20.0 
26.0 20.0 
26.0 20.0 
26.0 20.0 
26.0 20.0 
26.0 20.0 
26.0 20.0 
26.0 20.0 
22.0 30.0 
22.0 30.0 
23.0 22.0 
23.0 22.0 
23.0 22.0 
23.0 22.0 
25.0 21.0 
25.0 21.0 
25.0 21.0 
25.0 21.0 
25.0 21.0 
23.0 22.0 
23.0 22.0 
25.0 21.0 
25.0 21.0 
25.0 21.0 
27.0 20.0 
22.0 31.0 
23.0 23.0 
23.0 23.0 
25.0 22.0 
25.0 22.0 
25.0 22.0 
25.0 22.0 
25.0 22.0 
25.0 22.0 
25.0 22.0 
26.0 21.0 
26.0 21.0 
26.0 21.0 
26.0 21.0 
26.0 21.0 
26.0 21.0 
25.0 22.0 
25.0 22.0 
26.0 21.0 
26.0 21.0 
26.0 21.0 
26.0 21.0 
26.0 21.0 
25.0 22.0 
23.0 24.0 
23.0 24.0 
28.0 21.0 
28.0 21.0 
24.0 23.0 
26.0 22.0 
26.0 22.0 
24.0 23.0 
24.0 23.0 
