80.0 45.0 
132.0 32.0 
119.0 36.0 
88.0 41.0 
60.0 52.0 
113.0 38.0 
73.0 48.0 
54.0 54.0 
132.0 32.0 
81.0 44.0 
73.0 48.0 
119.0 36.0 
125.0 35.0 
63.0 51.0 
70.0 49.0 
129.0 33.0 
128.0 34.0 
118.0 37.0 
51.0 61.0 
73.0 48.0 
125.0 35.0 
67.0 50.0 
88.0 41.0 
128.0 34.0 
50.0 63.0 
79.0 47.0 
53.0 57.0 
61.0 53.0 
115.0 39.0 
113.0 40.0 
115.0 39.0 
113.0 40.0 
113.0 40.0 
115.0 39.0 
113.0 40.0 
113.0 40.0 
116.0 38.0 
113.0 40.0 
113.0 40.0 
113.0 40.0 
57.0 55.0 
57.0 55.0 
134.0 32.0 
134.0 32.0 
81.0 46.0 
82.0 44.0 
81.0 46.0 
124.0 36.0 
124.0 36.0 
63.0 52.0 
71.0 49.0 
130.0 33.0 
130.0 33.0 
121.0 37.0 
51.0 62.0 
51.0 62.0 
51.0 62.0 
51.0 62.0 
51.0 62.0 
51.0 62.0 
51.0 62.0 
51.0 62.0 
52.0 61.0 
74.0 48.0 
70.0 51.0 
70.0 51.0 
70.0 51.0 
88.0 42.0 
88.0 42.0 
89.0 41.0 
88.0 42.0 
88.0 42.0 
89.0 41.0 
89.0 41.0 
88.0 42.0 
129.0 34.0 
50.0 64.0 
50.0 64.0 
50.0 64.0 
50.0 64.0 
50.0 64.0 
55.0 59.0 
55.0 59.0 
56.0 58.0 
132.0 33.0 
132.0 33.0 
51.0 63.0 
51.0 63.0 
114.0 40.0 
90.0 41.0 
57.0 56.0 
53.0 61.0 
72.0 50.0 
66.0 52.0 
83.0 44.0 
62.0 53.0 
82.0 47.0 
117.0 38.0 
88.0 43.0 
129.0 35.0 
