48.0 10.0 
23.0 13.0 
50.0 11.0 
28.0 17.0 
37.0 13.0 
36.0 15.0 
29.0 16.0 
28.0 17.0 
59.0 12.0 
59.0 12.0 
37.0 14.0 
44.0 13.0 
32.0 16.0 
32.0 16.0 
32.0 16.0 
32.0 16.0 
32.0 16.0 
32.0 16.0 
32.0 16.0 
32.0 16.0 
32.0 16.0 
32.0 16.0 
32.0 16.0 
32.0 16.0 
28.0 18.0 
28.0 18.0 
29.0 17.0 
65.0 12.0 
37.0 15.0 
40.0 14.0 
37.0 15.0 
37.0 15.0 
37.0 15.0 
37.0 15.0 
37.0 15.0 
37.0 15.0 
37.0 15.0 
37.0 15.0 
37.0 15.0 
37.0 15.0 
40.0 14.0 
40.0 14.0 
52.0 13.0 
34.0 16.0 
34.0 16.0 
34.0 16.0 
28.0 19.0 
28.0 19.0 
31.0 18.0 
32.0 17.0 
50.0 14.0 
50.0 14.0 
50.0 14.0 
50.0 14.0 
40.0 15.0 
40.0 15.0 
64.0 13.0 
37.0 16.0 
28.0 22.0 
30.0 19.0 
33.0 17.0 
52.0 14.0 
41.0 15.0 
41.0 15.0 
39.0 16.0 
32.0 19.0 
32.0 19.0 
32.0 19.0 
34.0 17.0 
34.0 17.0 
34.0 17.0 
34.0 17.0 
54.0 14.0 
42.0 15.0 
40.0 16.0 
40.0 16.0 
33.0 20.0 
35.0 17.0 
57.0 14.0 
44.0 15.0 
44.0 15.0 
44.0 15.0 
44.0 15.0 
44.0 15.0 
41.0 16.0 
41.0 16.0 
33.0 21.0 
35.0 18.0 
40.0 17.0 
71.0 14.0 
33.0 22.0 
49.0 15.0 
35.0 19.0 
43.0 16.0 
40.0 18.0 
42.0 17.0 
40.0 18.0 
43.0 16.0 
42.0 17.0 
43.0 16.0 
