112.0 40.0 
136.0 38.0 
120.0 39.0 
110.0 41.0 
136.0 38.0 
120.0 39.0 
110.0 41.0 
120.0 39.0 
100.0 42.0 
113.0 40.0 
113.0 40.0 
111.0 41.0 
133.0 39.0 
133.0 39.0 
101.0 42.0 
114.0 40.0 
114.0 40.0 
114.0 40.0 
114.0 40.0 
112.0 41.0 
134.0 39.0 
102.0 42.0 
101.0 43.0 
101.0 43.0 
102.0 42.0 
101.0 43.0 
102.0 42.0 
101.0 43.0 
117.0 40.0 
117.0 40.0 
117.0 40.0 
117.0 40.0 
117.0 40.0 
117.0 40.0 
114.0 41.0 
135.0 39.0 
107.0 42.0 
101.0 45.0 
101.0 45.0 
103.0 43.0 
118.0 40.0 
115.0 41.0 
115.0 41.0 
115.0 41.0 
136.0 39.0 
136.0 39.0 
108.0 42.0 
105.0 43.0 
105.0 43.0 
104.0 45.0 
103.0 47.0 
119.0 40.0 
119.0 40.0 
119.0 40.0 
119.0 40.0 
116.0 41.0 
116.0 41.0 
116.0 41.0 
116.0 41.0 
116.0 41.0 
116.0 41.0 
116.0 41.0 
116.0 41.0 
138.0 39.0 
138.0 39.0 
138.0 39.0 
109.0 42.0 
109.0 42.0 
109.0 42.0 
109.0 42.0 
109.0 42.0 
109.0 42.0 
107.0 43.0 
107.0 43.0 
107.0 43.0 
107.0 43.0 
107.0 43.0 
107.0 43.0 
107.0 43.0 
107.0 43.0 
107.0 43.0 
107.0 43.0 
107.0 43.0 
105.0 45.0 
104.0 49.0 
139.0 39.0 
105.0 46.0 
120.0 40.0 
117.0 41.0 
110.0 42.0 
106.0 45.0 
120.0 40.0 
110.0 42.0 
108.0 43.0 
108.0 43.0 
107.0 44.0 
107.0 44.0 
108.0 43.0 
108.0 43.0 
108.0 43.0 
