92.0 30.0 
92.0 30.0 
92.0 30.0 
92.0 30.0 
92.0 30.0 
92.0 30.0 
92.0 30.0 
92.0 30.0 
98.0 28.0 
92.0 30.0 
92.0 30.0 
92.0 30.0 
92.0 30.0 
92.0 30.0 
92.0 30.0 
95.0 29.0 
98.0 28.0 
95.0 29.0 
98.0 28.0 
92.0 30.0 
102.0 28.0 
102.0 28.0 
94.0 30.0 
92.0 31.0 
121.0 28.0 
121.0 28.0 
93.0 31.0 
93.0 31.0 
103.0 29.0 
103.0 29.0 
96.0 30.0 
96.0 30.0 
103.0 29.0 
103.0 29.0 
103.0 29.0 
103.0 29.0 
103.0 29.0 
103.0 29.0 
103.0 29.0 
103.0 29.0 
103.0 29.0 
103.0 29.0 
103.0 29.0 
103.0 29.0 
103.0 29.0 
103.0 29.0 
103.0 29.0 
103.0 29.0 
103.0 29.0 
103.0 29.0 
103.0 29.0 
103.0 29.0 
103.0 29.0 
103.0 29.0 
103.0 29.0 
103.0 29.0 
103.0 29.0 
103.0 29.0 
103.0 29.0 
103.0 29.0 
103.0 29.0 
121.0 28.0 
103.0 29.0 
103.0 29.0 
103.0 29.0 
103.0 29.0 
103.0 29.0 
103.0 29.0 
103.0 29.0 
103.0 29.0 
103.0 29.0 
103.0 29.0 
103.0 29.0 
103.0 29.0 
121.0 28.0 
103.0 29.0 
103.0 29.0 
103.0 29.0 
103.0 29.0 
103.0 29.0 
103.0 29.0 
103.0 29.0 
103.0 29.0 
103.0 29.0 
103.0 29.0 
103.0 29.0 
103.0 29.0 
103.0 29.0 
103.0 29.0 
103.0 29.0 
103.0 29.0 
121.0 28.0 
103.0 29.0 
121.0 28.0 
103.0 29.0 
103.0 29.0 
103.0 29.0 
103.0 29.0 
103.0 29.0 
103.0 29.0 
