60.0 53.0 
77.0 58.0 
73.0 60.0 
86.0 55.0 
79.0 58.0 
79.0 58.0 
74.0 60.0 
74.0 60.0 
121.0 57.0 
81.0 59.0 
78.0 60.0 
75.0 72.0 
88.0 61.0 
85.0 67.0 
80.0 70.0 
78.0 82.0 
92.0 61.0 
88.0 70.0 
81.0 78.0 
80.0 79.0 
97.0 61.0 
93.0 64.0 
92.0 66.0 
90.0 71.0 
83.0 81.0 
111.0 64.0 
95.0 66.0 
94.0 69.0 
90.0 72.0 
114.0 64.0 
114.0 64.0 
107.0 66.0 
98.0 67.0 
94.0 70.0 
92.0 72.0 
92.0 72.0 
90.0 74.0 
120.0 65.0 
100.0 68.0 
103.0 67.0 
96.0 71.0 
131.0 68.0 
103.0 70.0 
117.0 69.0 
97.0 72.0 
98.0 71.0 
134.0 68.0 
119.0 69.0 
119.0 69.0 
99.0 74.0 
98.0 76.0 
102.0 72.0 
103.0 71.0 
99.0 74.0 
119.0 71.0 
103.0 72.0 
119.0 71.0 
99.0 75.0 
99.0 75.0 
100.0 74.0 
106.0 73.0 
99.0 78.0 
103.0 76.0 
107.0 74.0 
111.0 73.0 
106.0 75.0 
99.0 80.0 
104.0 78.0 
131.0 73.0 
120.0 74.0 
111.0 75.0 
107.0 77.0 
99.0 81.0 
124.0 74.0 
112.0 75.0 
110.0 77.0 
110.0 77.0 
107.0 78.0 
102.0 85.0 
100.0 87.0 
103.0 84.0 
100.0 87.0 
113.0 75.0 
113.0 75.0 
110.0 78.0 
110.0 78.0 
110.0 78.0 
108.0 92.0 
114.0 75.0 
114.0 75.0 
114.0 75.0 
110.0 79.0 
110.0 79.0 
115.0 77.0 
119.0 76.0 
110.0 80.0 
113.0 79.0 
117.0 77.0 
110.0 81.0 
111.0 80.0 
