26.0 12.0 
19.0 13.0 
14.0 14.0 
13.0 15.0 
29.0 9.0 
26.0 12.0 
25.0 13.0 
25.0 13.0 
22.0 14.0 
13.0 39.0 
19.0 15.0 
13.0 39.0 
14.0 18.0 
34.0 9.0 
29.0 11.0 
34.0 9.0 
34.0 9.0 
34.0 9.0 
30.0 10.0 
27.0 13.0 
27.0 13.0 
27.0 13.0 
20.0 15.0 
19.0 20.0 
14.0 23.0 
29.0 12.0 
37.0 9.0 
37.0 9.0 
37.0 9.0 
30.0 11.0 
34.0 10.0 
28.0 13.0 
27.0 14.0 
22.0 16.0 
26.0 15.0 
22.0 16.0 
20.0 17.0 
20.0 17.0 
14.0 35.0 
17.0 28.0 
40.0 9.0 
40.0 9.0 
33.0 11.0 
31.0 12.0 
31.0 12.0 
31.0 12.0 
35.0 10.0 
28.0 14.0 
24.0 16.0 
24.0 16.0 
20.0 18.0 
14.0 41.0 
16.0 36.0 
17.0 29.0 
34.0 11.0 
34.0 11.0 
36.0 10.0 
36.0 10.0 
29.0 14.0 
29.0 14.0 
28.0 15.0 
29.0 14.0 
25.0 17.0 
25.0 17.0 
26.0 16.0 
23.0 19.0 
24.0 18.0 
24.0 18.0 
24.0 18.0 
20.0 20.0 
15.0 46.0 
16.0 39.0 
17.0 35.0 
34.0 12.0 
34.0 12.0 
39.0 10.0 
39.0 10.0 
36.0 11.0 
39.0 10.0 
16.0 41.0 
16.0 41.0 
43.0 10.0 
43.0 10.0 
17.0 37.0 
20.0 21.0 
38.0 11.0 
34.0 13.0 
37.0 12.0 
33.0 14.0 
29.0 15.0 
25.0 18.0 
21.0 20.0 
26.0 17.0 
29.0 15.0 
27.0 16.0 
25.0 18.0 
21.0 20.0 
33.0 14.0 
27.0 16.0 
33.0 14.0 
