2138.0 306.0 
873.0 412.0 
677.0 433.0 
773.0 429.0 
918.0 365.0 
1164.0 326.0 
869.0 428.0 
876.0 388.0 
873.0 412.0 
2138.0 318.0 
2146.0 308.0 
792.0 457.0 
805.0 442.0 
846.0 435.0 
959.0 377.0 
934.0 385.0 
1187.0 327.0 
1187.0 327.0 
893.0 401.0 
924.0 398.0 
921.0 399.0 
859.0 488.0 
1038.0 380.0 
1038.0 380.0 
1084.0 379.0 
1033.0 387.0 
953.0 389.0 
2224.0 344.0 
2224.0 344.0 
2120.0 345.0 
1435.0 370.0 
896.0 420.0 
927.0 410.0 
933.0 399.0 
1042.0 381.0 
1042.0 381.0 
2287.0 365.0 
2498.0 345.0 
2188.0 374.0 
1463.0 376.0 
908.0 457.0 
914.0 454.0 
929.0 444.0 
940.0 401.0 
974.0 400.0 
1451.0 389.0 
1043.0 393.0 
1434.0 391.0 
1468.0 383.0 
1496.0 377.0 
912.0 471.0 
914.0 458.0 
942.0 411.0 
962.0 404.0 
1016.0 403.0 
1262.0 395.0 
1223.0 399.0 
1238.0 397.0 
1247.0 396.0 
1454.0 394.0 
2043.0 380.0 
1624.0 385.0 
2294.0 379.0 
1658.0 383.0 
926.0 486.0 
934.0 484.0 
940.0 475.0 
960.0 436.0 
958.0 440.0 
1015.0 406.0 
974.0 408.0 
1059.0 405.0 
1273.0 398.0 
1495.0 395.0 
1654.0 391.0 
2149.0 386.0 
956.0 482.0 
961.0 480.0 
1015.0 408.0 
1003.0 453.0 
974.0 462.0 
1158.0 407.0 
1175.0 405.0 
1394.0 402.0 
1394.0 402.0 
1544.0 400.0 
1684.0 395.0 
1665.0 396.0 
966.0 484.0 
1029.0 410.0 
1049.0 409.0 
1021.0 449.0 
1022.0 433.0 
1029.0 410.0 
975.0 474.0 
994.0 464.0 
986.0 473.0 
2440.0 395.0 
967.0 487.0 
1741.0 400.0 
