1589.0 105.0 
1589.0 105.0 
1153.0 118.0 
515.0 148.0 
1401.0 111.0 
938.0 126.0 
331.0 164.0 
318.0 168.0 
1297.0 116.0 
1327.0 114.0 
1079.0 124.0 
484.0 156.0 
678.0 145.0 
287.0 192.0 
420.0 163.0 
623.0 146.0 
916.0 129.0 
836.0 130.0 
833.0 131.0 
1081.0 123.0 
786.0 134.0 
623.0 146.0 
706.0 140.0 
1540.0 108.0 
1081.0 123.0 
443.0 158.0 
1540.0 108.0 
787.0 133.0 
702.0 141.0 
484.0 156.0 
1300.0 115.0 
921.0 127.0 
702.0 141.0 
420.0 163.0 
1297.0 116.0 
1079.0 124.0 
787.0 133.0 
443.0 158.0 
287.0 192.0 
921.0 127.0 
916.0 129.0 
836.0 130.0 
1589.0 105.0 
623.0 146.0 
702.0 141.0 
1540.0 108.0 
484.0 156.0 
1297.0 116.0 
787.0 133.0 
1079.0 124.0 
921.0 127.0 
916.0 129.0 
836.0 130.0 
484.0 156.0 
1297.0 116.0 
1297.0 116.0 
1297.0 116.0 
1297.0 116.0 
484.0 156.0 
623.0 146.0 
484.0 156.0 
1297.0 116.0 
623.0 146.0 
921.0 127.0 
1079.0 124.0 
921.0 127.0 
1079.0 124.0 
484.0 156.0 
702.0 141.0 
702.0 141.0 
314.0 172.0 
916.0 129.0 
443.0 158.0 
1401.0 111.0 
1297.0 116.0 
1153.0 118.0 
515.0 148.0 
331.0 164.0 
443.0 158.0 
304.0 185.0 
1510.0 109.0 
1401.0 111.0 
1153.0 118.0 
1079.0 124.0 
751.0 136.0 
278.0 201.0 
311.0 174.0 
440.0 159.0 
1589.0 105.0 
484.0 156.0 
440.0 159.0 
706.0 140.0 
1297.0 116.0 
1297.0 116.0 
1589.0 105.0 
1517.0 110.0 
1517.0 110.0 
280.0 201.0 
280.0 201.0 
1022.0 126.0 
