653.0 240.0 
1122.0 214.0 
653.0 240.0 
1538.0 198.0 
389.0 318.0 
774.0 234.0 
393.0 296.0 
457.0 267.0 
564.0 248.0 
377.0 320.0 
774.0 234.0 
673.0 239.0 
472.0 250.0 
438.0 269.0 
393.0 296.0 
778.0 226.0 
648.0 242.0 
565.0 246.0 
408.0 282.0 
1267.0 207.0 
954.0 220.0 
1681.0 187.0 
1670.0 203.0 
1599.0 205.0 
392.0 318.0 
385.0 330.0 
387.0 320.0 
677.0 240.0 
482.0 257.0 
560.0 256.0 
562.0 254.0 
446.0 278.0 
446.0 278.0 
452.0 271.0 
446.0 278.0 
393.0 297.0 
393.0 297.0 
783.0 234.0 
915.0 226.0 
790.0 233.0 
660.0 244.0 
660.0 244.0 
599.0 246.0 
415.0 295.0 
416.0 288.0 
1346.0 209.0 
1345.0 211.0 
1455.0 208.0 
1339.0 215.0 
1345.0 211.0 
970.0 223.0 
1150.0 222.0 
1797.0 189.0 
1684.0 198.0 
392.0 320.0 
389.0 324.0 
759.0 242.0 
759.0 242.0 
500.0 260.0 
504.0 258.0 
482.0 262.0 
563.0 255.0 
571.0 254.0 
464.0 277.0 
451.0 285.0 
462.0 281.0 
462.0 281.0 
462.0 281.0 
457.0 283.0 
462.0 281.0 
395.0 299.0 
918.0 227.0 
885.0 238.0 
899.0 234.0 
660.0 245.0 
694.0 244.0 
660.0 245.0 
604.0 249.0 
638.0 246.0 
604.0 249.0 
415.0 296.0 
418.0 290.0 
428.0 288.0 
1365.0 209.0 
1580.0 208.0 
1339.0 217.0 
1339.0 217.0 
1339.0 217.0 
1352.0 212.0 
995.0 224.0 
1236.0 222.0 
1831.0 198.0 
1687.0 200.0 
391.0 327.0 
1834.0 198.0 
1466.0 210.0 
404.0 303.0 
787.0 242.0 
1158.0 225.0 
915.0 241.0 
