599.0 359.0 
1994.0 282.0 
714.0 313.0 
2034.0 279.0 
585.0 370.0 
2343.0 277.0 
705.0 320.0 
1292.0 289.0 
675.0 345.0 
599.0 361.0 
2006.0 282.0 
745.0 315.0 
598.0 371.0 
2506.0 280.0 
743.0 320.0 
718.0 335.0 
1698.0 303.0 
1813.0 294.0 
1327.0 310.0 
1957.0 293.0 
1635.0 304.0 
1586.0 307.0 
676.0 355.0 
676.0 355.0 
635.0 365.0 
2036.0 284.0 
614.0 373.0 
605.0 383.0 
801.0 327.0 
730.0 340.0 
1547.0 317.0 
1636.0 304.0 
721.0 359.0 
664.0 367.0 
2455.0 284.0 
2244.0 286.0 
618.0 380.0 
618.0 380.0 
642.0 375.0 
1011.0 327.0 
824.0 336.0 
886.0 334.0 
808.0 339.0 
740.0 342.0 
1592.0 321.0 
2037.0 305.0 
1819.0 310.0 
1909.0 308.0 
739.0 364.0 
673.0 367.0 
2300.0 300.0 
622.0 385.0 
640.0 384.0 
644.0 379.0 
1202.0 331.0 
1089.0 336.0 
1166.0 335.0 
1089.0 336.0 
966.0 337.0 
954.0 341.0 
776.0 353.0 
741.0 359.0 
795.0 343.0 
757.0 355.0 
1678.0 327.0 
1701.0 323.0 
1986.0 309.0 
675.0 373.0 
722.0 367.0 
681.0 369.0 
697.0 368.0 
627.0 405.0 
641.0 392.0 
649.0 389.0 
665.0 387.0 
1480.0 334.0 
1542.0 332.0 
1180.0 335.0 
991.0 340.0 
815.0 350.0 
801.0 354.0 
765.0 355.0 
1879.0 323.0 
1759.0 328.0 
2009.0 312.0 
2058.0 311.0 
2314.0 309.0 
635.0 405.0 
2081.0 314.0 
815.0 351.0 
1869.0 329.0 
1200.0 350.0 
1305.0 340.0 
1732.0 335.0 
765.0 358.0 
1503.0 337.0 
647.0 395.0 
1569.0 336.0 
762.0 369.0 
683.0 379.0 
