126.0 36.0 
102.0 40.0 
57.0 57.0 
59.0 55.0 
61.0 53.0 
59.0 55.0 
63.0 49.0 
101.0 41.0 
86.0 44.0 
101.0 41.0 
49.0 67.0 
86.0 44.0 
60.0 54.0 
54.0 59.0 
128.0 34.0 
73.0 47.0 
79.0 46.0 
92.0 42.0 
125.0 38.0 
130.0 33.0 
127.0 37.0 
106.0 40.0 
66.0 50.0 
104.0 41.0 
53.0 70.0 
91.0 45.0 
60.0 55.0 
61.0 54.0 
54.0 66.0 
56.0 62.0 
77.0 47.0 
77.0 47.0 
93.0 43.0 
94.0 42.0 
92.0 44.0 
126.0 39.0 
134.0 35.0 
134.0 35.0 
128.0 38.0 
128.0 38.0 
129.0 37.0 
66.0 51.0 
76.0 50.0 
111.0 41.0 
60.0 56.0 
60.0 56.0 
63.0 54.0 
57.0 62.0 
56.0 73.0 
77.0 49.0 
90.0 47.0 
96.0 42.0 
94.0 43.0 
127.0 40.0 
128.0 39.0 
130.0 38.0 
67.0 51.0 
67.0 51.0 
67.0 51.0 
67.0 51.0 
67.0 51.0 
112.0 41.0 
60.0 61.0 
66.0 55.0 
65.0 57.0 
64.0 58.0 
58.0 63.0 
90.0 50.0 
90.0 50.0 
92.0 48.0 
106.0 42.0 
95.0 44.0 
96.0 43.0 
95.0 44.0 
128.0 40.0 
135.0 38.0 
133.0 39.0 
68.0 51.0 
68.0 51.0 
67.0 54.0 
124.0 41.0 
63.0 61.0 
62.0 62.0 
63.0 61.0 
66.0 57.0 
65.0 58.0 
59.0 63.0 
58.0 64.0 
59.0 63.0 
58.0 64.0 
91.0 50.0 
91.0 50.0 
93.0 48.0 
92.0 49.0 
101.0 43.0 
96.0 45.0 
96.0 45.0 
95.0 47.0 
99.0 44.0 
136.0 38.0 
