59.0 26.0 
51.0 27.0 
47.0 28.0 
51.0 27.0 
59.0 26.0 
48.0 29.0 
49.0 28.0 
48.0 29.0 
49.0 28.0 
47.0 36.0 
48.0 29.0 
52.0 27.0 
60.0 26.0 
48.0 30.0 
48.0 30.0 
48.0 30.0 
48.0 30.0 
48.0 30.0 
48.0 30.0 
49.0 29.0 
48.0 30.0 
48.0 30.0 
48.0 30.0 
48.0 30.0 
53.0 27.0 
66.0 26.0 
66.0 26.0 
52.0 29.0 
49.0 30.0 
48.0 37.0 
54.0 27.0 
53.0 28.0 
54.0 27.0 
53.0 28.0 
50.0 31.0 
49.0 34.0 
50.0 31.0 
49.0 34.0 
49.0 34.0 
50.0 31.0 
49.0 34.0 
52.0 30.0 
50.0 31.0 
49.0 34.0 
52.0 30.0 
50.0 31.0 
49.0 34.0 
50.0 31.0 
49.0 34.0 
48.0 40.0 
55.0 27.0 
53.0 29.0 
53.0 29.0 
54.0 28.0 
50.0 32.0 
51.0 31.0 
51.0 31.0 
50.0 32.0 
51.0 31.0 
50.0 32.0 
50.0 32.0 
50.0 32.0 
50.0 32.0 
50.0 32.0 
51.0 31.0 
50.0 32.0 
49.0 41.0 
49.0 41.0 
49.0 41.0 
49.0 41.0 
49.0 41.0 
49.0 41.0 
49.0 41.0 
59.0 27.0 
59.0 27.0 
59.0 27.0 
59.0 27.0 
59.0 27.0 
53.0 30.0 
53.0 30.0 
54.0 29.0 
54.0 29.0 
54.0 29.0 
50.0 33.0 
50.0 33.0 
60.0 27.0 
60.0 27.0 
55.0 29.0 
59.0 28.0 
52.0 31.0 
54.0 30.0 
52.0 31.0 
51.0 32.0 
51.0 32.0 
59.0 28.0 
54.0 30.0 
52.0 31.0 
51.0 32.0 
60.0 27.0 
59.0 28.0 
