3559.0 1273.0 
3707.0 1105.0 
3865.0 1026.0 
4577.0 1025.0 
3562.0 1281.0 
3818.0 1142.0 
3769.0 1161.0 
3732.0 1191.0 
3982.0 1111.0 
3924.0 1138.0 
3977.0 1115.0 
4305.0 1031.0 
4133.0 1047.0 
4031.0 1075.0 
3882.0 1148.0 
3803.0 1162.0 
3749.0 1221.0 
3966.0 1146.0 
4364.0 1033.0 
4364.0 1033.0 
4342.0 1036.0 
4262.0 1050.0 
4262.0 1050.0 
4120.0 1139.0 
4146.0 1084.0 
4060.0 1144.0 
3882.0 1155.0 
3846.0 1194.0 
3769.0 1227.0 
3750.0 1260.0 
4333.0 1056.0 
5247.0 1052.0 
4246.0 1102.0 
4263.0 1085.0 
4166.0 1119.0 
4164.0 1168.0 
4164.0 1168.0 
3891.0 1171.0 
4575.0 1071.0 
4510.0 1101.0 
4513.0 1088.0 
4346.0 1107.0 
4197.0 1123.0 
4290.0 1122.0 
3895.0 1190.0 
3928.0 1174.0 
3928.0 1174.0 
3891.0 1246.0 
4102.0 1172.0 
3891.0 1246.0 
3894.0 1235.0 
4577.0 1071.0 
4378.0 1109.0 
4197.0 1129.0 
3923.0 1191.0 
4021.0 1179.0 
4621.0 1089.0 
4596.0 1091.0 
4622.0 1077.0 
4754.0 1074.0 
4428.0 1122.0 
4520.0 1112.0 
4210.0 1130.0 
3969.0 1199.0 
3956.0 1235.0 
4095.0 1192.0 
4203.0 1182.0 
4613.0 1104.0 
4613.0 1104.0 
4613.0 1104.0 
4613.0 1104.0 
4719.0 1087.0 
5427.0 1080.0 
4501.0 1126.0 
4210.0 1144.0 
4230.0 1135.0 
4027.0 1223.0 
4072.0 1220.0 
4006.0 1233.0 
3983.0 1246.0 
3972.0 1296.0 
4148.0 1196.0 
4627.0 1106.0 
5212.0 1102.0 
5285.0 1095.0 
5407.0 1087.0 
5285.0 1095.0 
5503.0 1082.0 
4550.0 1133.0 
4300.0 1140.0 
4543.0 1137.0 
4409.0 1138.0 
4249.0 1194.0 
4271.0 1154.0 
3984.0 1251.0 
5569.0 1096.0 
4107.0 1236.0 
5235.0 1104.0 
4909.0 1107.0 
4695.0 1128.0 
