2345.0 807.0 
2348.0 800.0 
2312.0 808.0 
2373.0 779.0 
2366.0 782.0 
2308.0 825.0 
2348.0 800.0 
3012.0 689.0 
2358.0 788.0 
2360.0 787.0 
2373.0 779.0 
2347.0 804.0 
3172.0 680.0 
2407.0 762.0 
2345.0 807.0 
2650.0 690.0 
2570.0 725.0 
3013.0 686.0 
2306.0 845.0 
2609.0 704.0 
2356.0 798.0 
2458.0 729.0 
2319.0 819.0 
2332.0 811.0 
2373.0 788.0 
2377.0 785.0 
3243.0 685.0 
3243.0 685.0 
3243.0 685.0 
2408.0 782.0 
2424.0 765.0 
2350.0 810.0 
2350.0 810.0 
2843.0 701.0 
2919.0 700.0 
2988.0 693.0 
3053.0 690.0 
2618.0 710.0 
2513.0 738.0 
2470.0 757.0 
2614.0 732.0 
2496.0 747.0 
2320.0 821.0 
2319.0 857.0 
2377.0 787.0 
2413.0 786.0 
2429.0 767.0 
2425.0 785.0 
2355.0 816.0 
2371.0 810.0 
2853.0 704.0 
3009.0 703.0 
3009.0 703.0 
3022.0 700.0 
3168.0 690.0 
2621.0 727.0 
2684.0 716.0 
2684.0 716.0 
2638.0 721.0 
2549.0 739.0 
2533.0 746.0 
2347.0 827.0 
2348.0 826.0 
2343.0 836.0 
2328.0 856.0 
2379.0 792.0 
2391.0 788.0 
2430.0 768.0 
2482.0 767.0 
2359.0 821.0 
2892.0 709.0 
2894.0 704.0 
3090.0 703.0 
3189.0 698.0 
3184.0 702.0 
2625.0 727.0 
2709.0 716.0 
2691.0 720.0 
2659.0 726.0 
2592.0 741.0 
2583.0 742.0 
2596.0 739.0 
2541.0 756.0 
2542.0 754.0 
2536.0 760.0 
2549.0 747.0 
2334.0 857.0 
3204.0 702.0 
2380.0 800.0 
2894.0 714.0 
3003.0 705.0 
3099.0 703.0 
2366.0 830.0 
2757.0 720.0 
2898.0 706.0 
2348.0 842.0 
2555.0 747.0 
2437.0 783.0 
2643.0 731.0 
2724.0 722.0 
