1915.0 559.0 
2099.0 517.0 
1884.0 562.0 
2092.0 524.0 
1930.0 555.0 
1915.0 559.0 
2175.0 504.0 
2040.0 527.0 
1948.0 550.0 
1928.0 556.0 
2253.0 498.0 
2088.0 526.0 
1843.0 619.0 
1948.0 550.0 
2135.0 513.0 
1876.0 580.0 
1990.0 536.0 
2176.0 503.0 
1853.0 616.0 
1884.0 562.0 
2123.0 518.0 
2103.0 519.0 
2123.0 518.0 
2077.0 527.0 
2068.0 528.0 
2045.0 533.0 
2044.0 535.0 
2045.0 533.0 
2256.0 499.0 
1964.0 556.0 
1964.0 556.0 
1948.0 557.0 
2144.0 514.0 
1876.0 595.0 
1876.0 595.0 
2007.0 544.0 
2009.0 538.0 
2003.0 550.0 
2023.0 537.0 
2177.0 506.0 
2213.0 505.0 
2177.0 506.0 
1855.0 638.0 
1867.0 628.0 
1866.0 634.0 
1870.0 624.0 
1867.0 628.0 
1887.0 572.0 
1918.0 563.0 
1918.0 563.0 
1888.0 568.0 
2104.0 522.0 
2135.0 518.0 
2077.0 529.0 
2077.0 529.0 
2077.0 529.0 
2077.0 529.0 
2074.0 531.0 
2289.0 502.0 
1952.0 559.0 
1952.0 559.0 
1964.0 557.0 
1964.0 557.0 
2161.0 517.0 
2173.0 515.0 
1881.0 596.0 
2022.0 540.0 
2010.0 546.0 
2069.0 538.0 
2045.0 539.0 
2199.0 510.0 
2215.0 506.0 
1864.0 638.0 
1864.0 638.0 
1864.0 638.0 
1864.0 638.0 
1864.0 638.0 
1864.0 638.0 
1871.0 635.0 
1871.0 635.0 
1934.0 564.0 
1934.0 564.0 
1908.0 575.0 
1888.0 580.0 
1913.0 569.0 
1882.0 599.0 
2294.0 508.0 
2294.0 508.0 
1972.0 558.0 
2078.0 532.0 
1890.0 581.0 
2182.0 517.0 
1883.0 597.0 
2029.0 543.0 
2067.0 542.0 
1921.0 573.0 
2107.0 522.0 
2014.0 549.0 
2266.0 510.0 
1926.0 570.0 
