1857.0 512.0 
1681.0 596.0 
1806.0 532.0 
1813.0 522.0 
1831.0 515.0 
1825.0 519.0 
1831.0 515.0 
1794.0 539.0 
1831.0 515.0 
1984.0 510.0 
1815.0 520.0 
1857.0 512.0 
1781.0 552.0 
1688.0 593.0 
1794.0 539.0 
1831.0 515.0 
1857.0 512.0 
1836.0 513.0 
1806.0 532.0 
1784.0 542.0 
1781.0 552.0 
1723.0 566.0 
1985.0 504.0 
1999.0 502.0 
1681.0 596.0 
1663.0 597.0 
1714.0 567.0 
1775.0 557.0 
1695.0 579.0 
2065.0 501.0 
1815.0 529.0 
1819.0 522.0 
1815.0 529.0 
1815.0 529.0 
1815.0 529.0 
1690.0 595.0 
1804.0 541.0 
1804.0 541.0 
1804.0 541.0 
1831.0 517.0 
1855.0 514.0 
1846.0 515.0 
1846.0 515.0 
1846.0 515.0 
1840.0 516.0 
1811.0 539.0 
1785.0 551.0 
1795.0 546.0 
1990.0 508.0 
1990.0 508.0 
1990.0 508.0 
1990.0 508.0 
1990.0 508.0 
1990.0 508.0 
1990.0 508.0 
1990.0 508.0 
1990.0 508.0 
1996.0 506.0 
1985.0 510.0 
1987.0 509.0 
1665.0 603.0 
1683.0 598.0 
1665.0 603.0 
1680.0 599.0 
1723.0 575.0 
1738.0 572.0 
1747.0 568.0 
1728.0 574.0 
1738.0 572.0 
1782.0 562.0 
1781.0 565.0 
1781.0 565.0 
1702.0 581.0 
1698.0 589.0 
1702.0 581.0 
1700.0 582.0 
2006.0 507.0 
1665.0 605.0 
1989.0 513.0 
1858.0 514.0 
1781.0 570.0 
1788.0 552.0 
1749.0 572.0 
1786.0 563.0 
1698.0 591.0 
1700.0 585.0 
1833.0 519.0 
1684.0 598.0 
1806.0 545.0 
1697.0 596.0 
1821.0 525.0 
1811.0 540.0 
1819.0 534.0 
1843.0 516.0 
1681.0 603.0 
1827.0 523.0 
1711.0 583.0 
1786.0 563.0 
1996.0 511.0 
1794.0 551.0 
