52.0 50.0 
99.0 34.0 
52.0 50.0 
50.0 51.0 
72.0 45.0 
50.0 51.0 
50.0 51.0 
129.0 24.0 
72.0 45.0 
129.0 24.0 
50.0 51.0 
52.0 50.0 
99.0 34.0 
50.0 51.0 
95.0 36.0 
97.0 35.0 
50.0 51.0 
52.0 50.0 
88.0 38.0 
70.0 46.0 
81.0 42.0 
112.0 29.0 
58.0 47.0 
48.0 60.0 
108.0 30.0 
95.0 36.0 
120.0 28.0 
100.0 32.0 
97.0 35.0 
50.0 51.0 
48.0 60.0 
129.0 24.0 
58.0 47.0 
112.0 29.0 
100.0 32.0 
128.0 25.0 
129.0 24.0 
47.0 62.0 
99.0 34.0 
81.0 42.0 
50.0 51.0 
52.0 50.0 
52.0 50.0 
49.0 57.0 
73.0 43.0 
129.0 24.0 
112.0 29.0 
87.0 40.0 
56.0 48.0 
104.0 31.0 
100.0 32.0 
89.0 39.0 
90.0 38.0 
109.0 30.0 
96.0 36.0 
96.0 36.0 
96.0 36.0 
122.0 28.0 
98.0 35.0 
98.0 35.0 
98.0 35.0 
48.0 61.0 
48.0 61.0 
48.0 61.0 
48.0 61.0 
59.0 47.0 
50.0 52.0 
50.0 52.0 
51.0 51.0 
50.0 52.0 
50.0 52.0 
54.0 50.0 
54.0 50.0 
49.0 59.0 
49.0 59.0 
73.0 45.0 
73.0 45.0 
73.0 45.0 
74.0 43.0 
73.0 45.0 
131.0 24.0 
131.0 24.0 
130.0 25.0 
130.0 25.0 
131.0 24.0 
130.0 25.0 
131.0 24.0 
113.0 29.0 
113.0 29.0 
87.0 41.0 
57.0 49.0 
108.0 31.0 
108.0 31.0 
101.0 32.0 
49.0 60.0 
133.0 24.0 
133.0 24.0 
123.0 28.0 
87.0 42.0 
130.0 26.0 
