1743.0 582.0 
1945.0 486.0 
1762.0 572.0 
1764.0 566.0 
1762.0 572.0 
1854.0 535.0 
2113.0 453.0 
1945.0 486.0 
1887.0 523.0 
1945.0 486.0 
1854.0 535.0 
1860.0 526.0 
1887.0 523.0 
2047.0 467.0 
1762.0 572.0 
1762.0 572.0 
1730.0 583.0 
2007.0 473.0 
1726.0 595.0 
1909.0 487.0 
1991.0 482.0 
2090.0 455.0 
2085.0 464.0 
1883.0 525.0 
1854.0 535.0 
1899.0 495.0 
1759.0 582.0 
1759.0 582.0 
1759.0 582.0 
1778.0 569.0 
1782.0 568.0 
1778.0 569.0 
1814.0 567.0 
1778.0 569.0 
2200.0 453.0 
1872.0 531.0 
1876.0 530.0 
2081.0 467.0 
2079.0 471.0 
1748.0 589.0 
1748.0 589.0 
1756.0 585.0 
2018.0 481.0 
2035.0 474.0 
1735.0 600.0 
1735.0 600.0 
1735.0 600.0 
1735.0 600.0 
1735.0 600.0 
1735.0 600.0 
1938.0 491.0 
1941.0 490.0 
1950.0 489.0 
1950.0 489.0 
1950.0 489.0 
1951.0 488.0 
1960.0 487.0 
2000.0 483.0 
2117.0 456.0 
2100.0 464.0 
1884.0 529.0 
1860.0 553.0 
1868.0 538.0 
1868.0 538.0 
1936.0 504.0 
1927.0 506.0 
1899.0 523.0 
1917.0 508.0 
1901.0 512.0 
1738.0 603.0 
2165.0 460.0 
1799.0 571.0 
1970.0 490.0 
1901.0 513.0 
1931.0 507.0 
1869.0 551.0 
2133.0 462.0 
1899.0 524.0 
2085.0 472.0 
2101.0 465.0 
2047.0 476.0 
1869.0 551.0 
2014.0 487.0 
1754.0 590.0 
1887.0 532.0 
1941.0 491.0 
2023.0 485.0 
1750.0 602.0 
1872.0 538.0 
1871.0 548.0 
2086.0 467.0 
1778.0 583.0 
1784.0 573.0 
1763.0 584.0 
1938.0 498.0 
1874.0 533.0 
1938.0 498.0 
1761.0 588.0 
2041.0 478.0 
2041.0 478.0 
