46.0 61.0 
123.0 29.0 
46.0 61.0 
123.0 29.0 
86.0 37.0 
56.0 49.0 
80.0 39.0 
55.0 52.0 
47.0 57.0 
50.0 53.0 
93.0 36.0 
72.0 43.0 
113.0 32.0 
99.0 35.0 
107.0 33.0 
93.0 36.0 
61.0 47.0 
48.0 55.0 
74.0 41.0 
61.0 47.0 
68.0 44.0 
119.0 30.0 
107.0 33.0 
103.0 34.0 
103.0 34.0 
115.0 31.0 
68.0 44.0 
119.0 30.0 
76.0 40.0 
64.0 45.0 
99.0 35.0 
47.0 57.0 
48.0 55.0 
50.0 53.0 
63.0 46.0 
76.0 40.0 
74.0 41.0 
115.0 31.0 
72.0 43.0 
113.0 32.0 
64.0 45.0 
55.0 52.0 
63.0 46.0 
46.0 61.0 
123.0 29.0 
93.0 36.0 
107.0 33.0 
99.0 35.0 
47.0 57.0 
48.0 55.0 
50.0 53.0 
74.0 41.0 
76.0 40.0 
61.0 47.0 
113.0 32.0 
72.0 43.0 
55.0 52.0 
123.0 29.0 
46.0 61.0 
113.0 32.0 
47.0 57.0 
55.0 52.0 
50.0 53.0 
123.0 29.0 
46.0 61.0 
113.0 32.0 
47.0 57.0 
50.0 53.0 
50.0 53.0 
50.0 53.0 
46.0 61.0 
47.0 57.0 
46.0 61.0 
47.0 57.0 
123.0 29.0 
123.0 29.0 
93.0 36.0 
50.0 53.0 
47.0 57.0 
113.0 32.0 
46.0 61.0 
72.0 43.0 
46.0 61.0 
46.0 61.0 
72.0 43.0 
55.0 52.0 
61.0 47.0 
123.0 29.0 
46.0 61.0 
72.0 43.0 
50.0 53.0 
50.0 53.0 
113.0 32.0 
46.0 61.0 
50.0 53.0 
123.0 29.0 
50.0 53.0 
72.0 43.0 
113.0 32.0 
46.0 61.0 
