80.0 24.0 
61.0 25.0 
61.0 25.0 
82.0 23.0 
64.0 32.0 
66.0 31.0 
67.0 25.0 
84.0 24.0 
84.0 24.0 
65.0 64.0 
66.0 60.0 
67.0 29.0 
67.0 29.0 
72.0 25.0 
67.0 30.0 
67.0 30.0 
71.0 29.0 
67.0 30.0 
75.0 25.0 
75.0 25.0 
72.0 27.0 
69.0 30.0 
68.0 31.0 
68.0 31.0 
67.0 37.0 
75.0 26.0 
80.0 25.0 
74.0 27.0 
72.0 29.0 
70.0 30.0 
68.0 36.0 
68.0 36.0 
69.0 31.0 
67.0 60.0 
67.0 60.0 
67.0 60.0 
78.0 26.0 
82.0 25.0 
75.0 29.0 
75.0 29.0 
75.0 29.0 
72.0 30.0 
72.0 30.0 
70.0 31.0 
69.0 35.0 
68.0 61.0 
68.0 61.0 
68.0 61.0 
79.0 28.0 
80.0 26.0 
84.0 25.0 
77.0 29.0 
74.0 30.0 
71.0 32.0 
71.0 32.0 
69.0 39.0 
69.0 39.0 
68.0 97.0 
81.0 26.0 
85.0 25.0 
78.0 29.0 
78.0 29.0 
74.0 31.0 
74.0 31.0 
74.0 31.0 
74.0 31.0 
74.0 31.0 
74.0 31.0 
72.0 32.0 
71.0 37.0 
70.0 44.0 
69.0 45.0 
69.0 45.0 
83.0 27.0 
84.0 26.0 
82.0 28.0 
82.0 28.0 
88.0 25.0 
80.0 29.0 
79.0 30.0 
79.0 30.0 
79.0 30.0 
79.0 30.0 
79.0 30.0 
80.0 29.0 
69.0 48.0 
89.0 25.0 
89.0 25.0 
72.0 36.0 
75.0 31.0 
72.0 36.0 
80.0 30.0 
85.0 26.0 
75.0 31.0 
84.0 27.0 
82.0 29.0 
80.0 30.0 
85.0 26.0 
83.0 28.0 
83.0 28.0 
