13.0 9.0 
13.0 9.0 
13.0 9.0 
13.0 10.0 
13.0 10.0 
13.0 10.0 
13.0 12.0 
15.0 10.0 
15.0 10.0 
15.0 10.0 
14.0 11.0 
13.0 12.0 
15.0 10.0 
15.0 10.0 
15.0 10.0 
13.0 13.0 
15.0 11.0 
15.0 11.0 
14.0 14.0 
16.0 11.0 
16.0 11.0 
16.0 11.0 
16.0 11.0 
15.0 13.0 
16.0 11.0 
15.0 13.0 
16.0 11.0 
16.0 11.0 
16.0 11.0 
16.0 11.0 
16.0 11.0 
15.0 13.0 
16.0 11.0 
16.0 11.0 
16.0 11.0 
14.0 18.0 
15.0 14.0 
15.0 14.0 
15.0 14.0 
15.0 14.0 
18.0 11.0 
16.0 12.0 
16.0 12.0 
14.0 20.0 
15.0 17.0 
15.0 17.0 
15.0 17.0 
15.0 17.0 
17.0 12.0 
16.0 15.0 
16.0 15.0 
17.0 12.0 
17.0 12.0 
17.0 12.0 
16.0 15.0 
15.0 21.0 
17.0 13.0 
17.0 13.0 
17.0 13.0 
17.0 13.0 
18.0 12.0 
18.0 12.0 
18.0 12.0 
18.0 12.0 
18.0 12.0 
18.0 12.0 
18.0 12.0 
18.0 12.0 
18.0 12.0 
18.0 12.0 
18.0 12.0 
18.0 12.0 
18.0 12.0 
18.0 12.0 
17.0 13.0 
18.0 12.0 
18.0 12.0 
18.0 12.0 
18.0 12.0 
16.0 17.0 
17.0 14.0 
20.0 12.0 
18.0 13.0 
18.0 13.0 
18.0 13.0 
18.0 13.0 
18.0 13.0 
18.0 13.0 
18.0 13.0 
18.0 13.0 
20.0 12.0 
20.0 12.0 
18.0 13.0 
18.0 13.0 
18.0 13.0 
20.0 12.0 
18.0 13.0 
20.0 12.0 
18.0 13.0 
16.0 19.0 
