53.0 28.0 
47.0 44.0 
61.0 26.0 
53.0 28.0 
49.0 29.0 
48.0 45.0 
61.0 27.0 
55.0 30.0 
59.0 29.0 
51.0 32.0 
49.0 34.0 
77.0 28.0 
57.0 30.0 
57.0 30.0 
57.0 30.0 
57.0 30.0 
61.0 29.0 
61.0 29.0 
51.0 33.0 
50.0 49.0 
50.0 49.0 
58.0 32.0 
60.0 30.0 
63.0 29.0 
53.0 34.0 
52.0 35.0 
50.0 61.0 
50.0 61.0 
58.0 33.0 
58.0 33.0 
61.0 31.0 
61.0 31.0 
61.0 31.0 
62.0 30.0 
61.0 31.0 
61.0 31.0 
64.0 29.0 
52.0 37.0 
53.0 35.0 
58.0 34.0 
58.0 34.0 
61.0 32.0 
64.0 30.0 
52.0 38.0 
52.0 38.0 
52.0 38.0 
54.0 35.0 
53.0 36.0 
54.0 35.0 
62.0 33.0 
61.0 34.0 
80.0 30.0 
64.0 31.0 
80.0 30.0 
52.0 60.0 
53.0 37.0 
53.0 37.0 
53.0 37.0 
53.0 37.0 
53.0 37.0 
53.0 37.0 
53.0 37.0 
53.0 37.0 
57.0 35.0 
66.0 31.0 
65.0 34.0 
65.0 34.0 
66.0 31.0 
54.0 37.0 
53.0 62.0 
53.0 62.0 
57.0 36.0 
59.0 35.0 
59.0 35.0 
57.0 36.0 
69.0 31.0 
66.0 33.0 
68.0 32.0 
55.0 37.0 
54.0 38.0 
53.0 63.0 
53.0 63.0 
53.0 63.0 
60.0 35.0 
60.0 35.0 
60.0 35.0 
60.0 35.0 
58.0 36.0 
58.0 36.0 
58.0 36.0 
58.0 36.0 
58.0 36.0 
70.0 31.0 
70.0 31.0 
54.0 49.0 
54.0 49.0 
64.0 35.0 
55.0 38.0 
59.0 36.0 
57.0 37.0 
