194.0 93.0 
182.0 104.0 
152.0 137.0 
205.0 83.0 
203.0 86.0 
169.0 112.0 
199.0 94.0 
196.0 101.0 
183.0 110.0 
167.0 143.0 
218.0 84.0 
244.0 83.0 
170.0 118.0 
210.0 96.0 
197.0 102.0 
186.0 113.0 
193.0 112.0 
195.0 111.0 
226.0 93.0 
232.0 91.0 
240.0 87.0 
173.0 140.0 
174.0 134.0 
178.0 127.0 
182.0 119.0 
212.0 97.0 
198.0 103.0 
187.0 113.0 
230.0 94.0 
228.0 96.0 
233.0 92.0 
262.0 89.0 
311.0 87.0 
174.0 141.0 
180.0 140.0 
184.0 127.0 
182.0 133.0 
215.0 98.0 
212.0 102.0 
215.0 98.0 
199.0 106.0 
205.0 103.0 
189.0 113.0 
187.0 115.0 
187.0 115.0 
237.0 92.0 
235.0 93.0 
263.0 91.0 
341.0 89.0 
178.0 142.0 
178.0 142.0 
176.0 143.0 
185.0 129.0 
219.0 100.0 
218.0 102.0 
201.0 107.0 
201.0 107.0 
213.0 106.0 
216.0 105.0 
189.0 124.0 
193.0 116.0 
236.0 95.0 
250.0 94.0 
236.0 95.0 
273.0 91.0 
273.0 91.0 
341.0 90.0 
341.0 90.0 
180.0 146.0 
181.0 143.0 
180.0 146.0 
186.0 139.0 
188.0 135.0 
188.0 135.0 
222.0 100.0 
218.0 103.0 
204.0 107.0 
189.0 132.0 
190.0 129.0 
203.0 116.0 
198.0 119.0 
193.0 127.0 
198.0 119.0 
267.0 94.0 
238.0 98.0 
238.0 98.0 
242.0 95.0 
293.0 93.0 
303.0 91.0 
181.0 147.0 
181.0 147.0 
189.0 146.0 
343.0 91.0 
343.0 91.0 
322.0 93.0 
247.0 95.0 
206.0 110.0 
190.0 134.0 
198.0 121.0 
193.0 128.0 
