89.0 27.0 
67.0 33.0 
83.0 29.0 
77.0 30.0 
71.0 32.0 
86.0 28.0 
77.0 30.0 
74.0 31.0 
83.0 29.0 
86.0 28.0 
71.0 32.0 
74.0 31.0 
77.0 30.0 
83.0 29.0 
71.0 32.0 
74.0 31.0 
83.0 29.0 
77.0 30.0 
74.0 31.0 
71.0 32.0 
83.0 29.0 
77.0 30.0 
71.0 32.0 
74.0 31.0 
83.0 29.0 
77.0 30.0 
71.0 32.0 
74.0 31.0 
83.0 29.0 
77.0 30.0 
71.0 32.0 
74.0 31.0 
83.0 29.0 
77.0 30.0 
71.0 32.0 
74.0 31.0 
77.0 30.0 
71.0 32.0 
74.0 31.0 
77.0 30.0 
74.0 31.0 
71.0 32.0 
77.0 30.0 
71.0 32.0 
74.0 31.0 
77.0 30.0 
71.0 32.0 
74.0 31.0 
77.0 30.0 
74.0 31.0 
71.0 32.0 
77.0 30.0 
74.0 31.0 
71.0 32.0 
77.0 30.0 
74.0 31.0 
71.0 32.0 
77.0 30.0 
74.0 31.0 
71.0 32.0 
77.0 30.0 
71.0 32.0 
74.0 31.0 
77.0 30.0 
74.0 31.0 
71.0 32.0 
77.0 30.0 
74.0 31.0 
74.0 31.0 
71.0 32.0 
71.0 32.0 
77.0 30.0 
77.0 30.0 
74.0 31.0 
77.0 30.0 
71.0 32.0 
74.0 31.0 
71.0 32.0 
83.0 29.0 
77.0 30.0 
71.0 32.0 
77.0 30.0 
77.0 30.0 
74.0 31.0 
71.0 32.0 
77.0 30.0 
77.0 30.0 
74.0 31.0 
74.0 31.0 
71.0 32.0 
71.0 32.0 
77.0 30.0 
77.0 30.0 
71.0 32.0 
77.0 30.0 
74.0 31.0 
77.0 30.0 
83.0 29.0 
77.0 30.0 
77.0 30.0 
