68.0 42.0 
73.0 36.0 
67.0 44.0 
58.0 56.0 
48.0 87.0 
66.0 46.0 
50.0 80.0 
66.0 46.0 
51.0 75.0 
53.0 67.0 
70.0 41.0 
73.0 36.0 
65.0 65.0 
62.0 66.0 
50.0 97.0 
50.0 97.0 
50.0 97.0 
66.0 49.0 
51.0 88.0 
52.0 83.0 
53.0 71.0 
53.0 71.0 
53.0 71.0 
53.0 71.0 
53.0 71.0 
54.0 70.0 
72.0 42.0 
72.0 42.0 
82.0 36.0 
78.0 39.0 
73.0 40.0 
63.0 66.0 
66.0 51.0 
70.0 49.0 
51.0 89.0 
51.0 89.0 
51.0 89.0 
52.0 86.0 
52.0 86.0 
53.0 74.0 
54.0 72.0 
56.0 70.0 
101.0 36.0 
101.0 36.0 
84.0 38.0 
101.0 36.0 
73.0 42.0 
74.0 41.0 
73.0 42.0 
74.0 41.0 
74.0 41.0 
63.0 67.0 
63.0 67.0 
63.0 67.0 
63.0 67.0 
68.0 52.0 
68.0 52.0 
68.0 52.0 
68.0 52.0 
68.0 52.0 
67.0 60.0 
67.0 60.0 
66.0 65.0 
68.0 52.0 
68.0 52.0 
70.0 50.0 
70.0 50.0 
51.0 97.0 
52.0 87.0 
55.0 72.0 
54.0 73.0 
56.0 71.0 
56.0 71.0 
56.0 71.0 
56.0 71.0 
56.0 71.0 
56.0 71.0 
85.0 38.0 
85.0 38.0 
85.0 38.0 
84.0 40.0 
85.0 38.0 
74.0 42.0 
74.0 42.0 
74.0 42.0 
52.0 88.0 
52.0 88.0 
110.0 38.0 
86.0 39.0 
54.0 85.0 
55.0 73.0 
68.0 53.0 
67.0 64.0 
71.0 50.0 
64.0 68.0 
57.0 71.0 
86.0 39.0 
78.0 42.0 
66.0 66.0 
74.0 47.0 
