181.0 96.0 
189.0 88.0 
177.0 113.0 
154.0 151.0 
164.0 117.0 
181.0 96.0 
189.0 88.0 
164.0 117.0 
184.0 97.0 
184.0 97.0 
228.0 91.0 
166.0 146.0 
181.0 126.0 
184.0 125.0 
199.0 107.0 
186.0 110.0 
237.0 92.0 
327.0 91.0 
237.0 92.0 
176.0 183.0 
168.0 222.0 
185.0 175.0 
203.0 120.0 
203.0 120.0 
187.0 136.0 
206.0 115.0 
186.0 166.0 
194.0 134.0 
247.0 113.0 
265.0 100.0 
259.0 104.0 
185.0 178.0 
203.0 129.0 
203.0 129.0 
192.0 139.0 
208.0 128.0 
215.0 119.0 
198.0 138.0 
295.0 110.0 
338.0 105.0 
185.0 224.0 
188.0 218.0 
191.0 182.0 
197.0 152.0 
193.0 161.0 
211.0 132.0 
245.0 131.0 
289.0 120.0 
246.0 127.0 
276.0 122.0 
275.0 124.0 
207.0 142.0 
205.0 148.0 
203.0 151.0 
316.0 111.0 
190.0 218.0 
191.0 191.0 
191.0 191.0 
198.0 153.0 
198.0 153.0 
237.0 135.0 
212.0 137.0 
239.0 134.0 
307.0 121.0 
246.0 128.0 
282.0 126.0 
208.0 143.0 
318.0 119.0 
195.0 191.0 
201.0 175.0 
201.0 175.0 
199.0 181.0 
205.0 159.0 
214.0 138.0 
259.0 135.0 
259.0 135.0 
246.0 136.0 
259.0 135.0 
259.0 135.0 
262.0 128.0 
288.0 127.0 
289.0 126.0 
335.0 123.0 
335.0 123.0 
321.0 125.0 
197.0 196.0 
368.0 125.0 
292.0 127.0 
203.0 183.0 
207.0 162.0 
264.0 130.0 
248.0 137.0 
275.0 128.0 
214.0 152.0 
235.0 138.0 
227.0 142.0 
208.0 160.0 
219.0 148.0 
215.0 149.0 
220.0 145.0 
