2038.0 827.0 
2223.0 707.0 
2544.0 669.0 
2284.0 694.0 
2634.0 667.0 
2362.0 676.0 
2112.0 725.0 
2209.0 718.0 
2123.0 720.0 
2041.0 820.0 
2059.0 792.0 
2288.0 704.0 
2295.0 703.0 
2311.0 694.0 
2666.0 672.0 
2666.0 672.0 
2666.0 672.0 
2660.0 673.0 
2692.0 670.0 
2640.0 674.0 
2395.0 680.0 
2374.0 689.0 
2374.0 689.0 
2435.0 678.0 
2386.0 685.0 
2374.0 689.0 
2117.0 726.0 
2117.0 726.0 
2129.0 723.0 
2129.0 723.0 
2204.0 722.0 
2263.0 721.0 
2054.0 820.0 
2041.0 824.0 
2070.0 809.0 
2060.0 812.0 
2072.0 795.0 
2071.0 808.0 
2294.0 709.0 
2298.0 707.0 
2361.0 696.0 
2370.0 695.0 
2332.0 705.0 
2668.0 673.0 
2666.0 674.0 
2431.0 683.0 
2482.0 680.0 
2484.0 678.0 
2416.0 686.0 
2416.0 686.0 
2389.0 693.0 
2389.0 693.0 
2123.0 739.0 
2119.0 754.0 
2129.0 737.0 
2140.0 725.0 
2137.0 736.0 
2201.0 723.0 
2138.0 729.0 
2221.0 722.0 
2050.0 831.0 
2042.0 840.0 
2070.0 819.0 
2064.0 820.0 
2062.0 827.0 
2070.0 819.0 
2079.0 802.0 
2075.0 804.0 
2079.0 802.0 
2079.0 802.0 
2089.0 796.0 
2073.0 810.0 
2712.0 676.0 
2050.0 837.0 
2120.0 757.0 
2063.0 828.0 
2119.0 788.0 
2143.0 730.0 
2491.0 679.0 
2613.0 678.0 
2222.0 723.0 
2082.0 807.0 
2212.0 726.0 
2297.0 717.0 
2613.0 678.0 
2333.0 707.0 
2376.0 697.0 
2361.0 699.0 
2130.0 741.0 
2102.0 799.0 
2307.0 709.0 
2417.0 690.0 
2436.0 685.0 
2130.0 741.0 
2486.0 681.0 
2417.0 690.0 
2119.0 788.0 
2457.0 683.0 
2298.0 716.0 
2453.0 684.0 
