90.0 136.0 
127.0 70.0 
94.0 73.0 
172.0 50.0 
139.0 57.0 
90.0 136.0 
117.0 114.0 
118.0 85.0 
154.0 71.0 
205.0 58.0 
96.0 140.0 
119.0 104.0 
123.0 103.0 
131.0 95.0 
150.0 93.0 
166.0 72.0 
164.0 83.0 
230.0 61.0 
122.0 122.0 
120.0 125.0 
125.0 106.0 
148.0 100.0 
135.0 105.0 
145.0 101.0 
181.0 74.0 
212.0 72.0 
198.0 73.0 
167.0 90.0 
249.0 61.0 
245.0 66.0 
121.0 126.0 
129.0 117.0 
133.0 112.0 
151.0 100.0 
140.0 105.0 
135.0 107.0 
196.0 80.0 
183.0 82.0 
202.0 73.0 
171.0 93.0 
272.0 72.0 
125.0 126.0 
122.0 132.0 
123.0 128.0 
132.0 122.0 
134.0 112.0 
162.0 104.0 
168.0 102.0 
141.0 106.0 
140.0 108.0 
189.0 85.0 
238.0 79.0 
212.0 83.0 
180.0 94.0 
176.0 95.0 
298.0 78.0 
122.0 136.0 
127.0 128.0 
138.0 119.0 
135.0 122.0 
169.0 103.0 
150.0 106.0 
144.0 112.0 
143.0 115.0 
143.0 115.0 
141.0 116.0 
192.0 88.0 
196.0 85.0 
241.0 79.0 
182.0 94.0 
181.0 102.0 
122.0 139.0 
127.0 134.0 
130.0 129.0 
127.0 134.0 
174.0 105.0 
174.0 105.0 
161.0 106.0 
153.0 109.0 
155.0 108.0 
149.0 121.0 
145.0 124.0 
151.0 116.0 
141.0 128.0 
204.0 85.0 
298.0 79.0 
260.0 81.0 
184.0 96.0 
194.0 95.0 
125.0 142.0 
131.0 129.0 
129.0 140.0 
173.0 106.0 
154.0 110.0 
146.0 127.0 
153.0 122.0 
206.0 85.0 
277.0 82.0 
192.0 99.0 
130.0 145.0 
