1590.0 239.0 
721.0 288.0 
1022.0 278.0 
1157.0 271.0 
1519.0 244.0 
1430.0 266.0 
699.0 291.0 
1371.0 270.0 
1910.0 238.0 
534.0 341.0 
1373.0 268.0 
651.0 313.0 
721.0 288.0 
632.0 329.0 
664.0 303.0 
808.0 283.0 
1922.0 222.0 
1371.0 270.0 
1637.0 239.0 
1086.0 280.0 
1185.0 278.0 
1282.0 275.0 
1214.0 276.0 
1305.0 272.0 
1543.0 262.0 
560.0 375.0 
564.0 370.0 
564.0 370.0 
613.0 351.0 
560.0 375.0 
564.0 370.0 
585.0 355.0 
566.0 360.0 
613.0 351.0 
560.0 375.0 
540.0 376.0 
566.0 360.0 
651.0 326.0 
740.0 294.0 
740.0 294.0 
776.0 288.0 
643.0 347.0 
643.0 347.0 
692.0 303.0 
666.0 321.0 
670.0 316.0 
1084.0 285.0 
2322.0 223.0 
2032.0 230.0 
1377.0 270.0 
1377.0 270.0 
1980.0 244.0 
1984.0 241.0 
1984.0 241.0 
1795.0 250.0 
1097.0 281.0 
1278.0 277.0 
1234.0 280.0 
1255.0 278.0 
1330.0 273.0 
1576.0 264.0 
1568.0 269.0 
603.0 355.0 
614.0 351.0 
552.0 384.0 
563.0 377.0 
570.0 363.0 
746.0 296.0 
782.0 289.0 
1062.0 288.0 
666.0 324.0 
728.0 320.0 
690.0 322.0 
2408.0 231.0 
2408.0 231.0 
2054.0 235.0 
2367.0 233.0 
1393.0 271.0 
557.0 389.0 
2389.0 241.0 
1798.0 253.0 
1649.0 269.0 
788.0 290.0 
666.0 325.0 
1040.0 289.0 
765.0 313.0 
2130.0 249.0 
655.0 351.0 
1395.0 271.0 
1193.0 288.0 
2142.0 244.0 
1264.0 278.0 
566.0 381.0 
1332.0 273.0 
739.0 320.0 
575.0 372.0 
739.0 320.0 
577.0 369.0 
588.0 366.0 
647.0 354.0 
