1590.0 239.0 
721.0 288.0 
1157.0 271.0 
1519.0 244.0 
1430.0 266.0 
699.0 291.0 
534.0 341.0 
1373.0 268.0 
721.0 288.0 
664.0 303.0 
1922.0 222.0 
2156.0 214.0 
1165.0 270.0 
1920.0 225.0 
731.0 287.0 
1865.0 228.0 
611.0 306.0 
699.0 291.0 
492.0 350.0 
1590.0 239.0 
721.0 288.0 
1013.0 273.0 
1250.0 269.0 
1438.0 260.0 
772.0 277.0 
687.0 292.0 
588.0 342.0 
1970.0 222.0 
1910.0 238.0 
625.0 315.0 
649.0 311.0 
541.0 350.0 
537.0 359.0 
1637.0 239.0 
1628.0 250.0 
1185.0 273.0 
1371.0 270.0 
1371.0 270.0 
1305.0 272.0 
1371.0 270.0 
1543.0 262.0 
1022.0 278.0 
808.0 283.0 
1022.0 278.0 
773.0 285.0 
740.0 294.0 
740.0 294.0 
692.0 303.0 
2322.0 223.0 
2032.0 230.0 
626.0 342.0 
630.0 324.0 
651.0 313.0 
651.0 313.0 
613.0 351.0 
585.0 355.0 
613.0 351.0 
541.0 357.0 
540.0 359.0 
1638.0 239.0 
1211.0 273.0 
1377.0 270.0 
1377.0 270.0 
1377.0 270.0 
1576.0 264.0 
1568.0 269.0 
1086.0 280.0 
1185.0 278.0 
1057.0 284.0 
776.0 288.0 
746.0 296.0 
2290.0 231.0 
540.0 376.0 
1578.0 265.0 
782.0 289.0 
1719.0 248.0 
1062.0 288.0 
746.0 300.0 
1393.0 271.0 
614.0 351.0 
632.0 329.0 
1728.0 245.0 
2054.0 235.0 
1980.0 244.0 
739.0 314.0 
1214.0 276.0 
1097.0 281.0 
1330.0 273.0 
566.0 360.0 
603.0 355.0 
1282.0 275.0 
666.0 321.0 
651.0 326.0 
670.0 316.0 
564.0 370.0 
2054.0 235.0 
1984.0 241.0 
560.0 375.0 
1084.0 285.0 
1984.0 241.0 
