546.0 217.0 
706.0 208.0 
1484.0 164.0 
1857.0 148.0 
1467.0 166.0 
1531.0 162.0 
847.0 194.0 
383.0 257.0 
694.0 209.0 
1026.0 188.0 
674.0 210.0 
1040.0 186.0 
1857.0 148.0 
1531.0 162.0 
835.0 195.0 
1341.0 168.0 
1684.0 156.0 
439.0 232.0 
746.0 200.0 
1855.0 149.0 
1477.0 165.0 
552.0 215.0 
579.0 212.0 
725.0 205.0 
1845.0 150.0 
1369.0 167.0 
1311.0 174.0 
1056.0 179.0 
674.0 210.0 
480.0 222.0 
927.0 189.0 
847.0 194.0 
1486.0 163.0 
1320.0 170.0 
420.0 238.0 
1485.0 164.0 
1485.0 164.0 
1485.0 164.0 
383.0 259.0 
1861.0 148.0 
1755.0 159.0 
1755.0 159.0 
1755.0 159.0 
1815.0 156.0 
448.0 232.0 
749.0 202.0 
1484.0 166.0 
554.0 219.0 
590.0 214.0 
669.0 212.0 
581.0 217.0 
590.0 214.0 
581.0 217.0 
669.0 212.0 
740.0 207.0 
1481.0 167.0 
1379.0 168.0 
1379.0 168.0 
1375.0 169.0 
1313.0 174.0 
1102.0 179.0 
1080.0 185.0 
1097.0 182.0 
1098.0 181.0 
1064.0 187.0 
1098.0 181.0 
1064.0 187.0 
1087.0 184.0 
480.0 230.0 
482.0 222.0 
995.0 190.0 
992.0 193.0 
953.0 194.0 
894.0 195.0 
851.0 196.0 
894.0 195.0 
894.0 195.0 
1503.0 163.0 
1503.0 163.0 
1337.0 171.0 
420.0 239.0 
385.0 276.0 
1905.0 148.0 
388.0 259.0 
879.0 197.0 
1503.0 164.0 
1014.0 190.0 
1709.0 163.0 
759.0 202.0 
1756.0 160.0 
422.0 245.0 
1081.0 185.0 
503.0 223.0 
1243.0 179.0 
586.0 218.0 
1868.0 152.0 
478.0 232.0 
740.0 210.0 
1384.0 169.0 
1313.0 176.0 
