52.0 24.0 
52.0 24.0 
52.0 24.0 
52.0 24.0 
52.0 24.0 
52.0 24.0 
52.0 24.0 
52.0 24.0 
52.0 24.0 
52.0 24.0 
51.0 27.0 
52.0 24.0 
53.0 23.0 
52.0 24.0 
51.0 27.0 
52.0 24.0 
52.0 24.0 
52.0 24.0 
52.0 24.0 
52.0 24.0 
52.0 24.0 
52.0 24.0 
53.0 23.0 
52.0 24.0 
52.0 24.0 
52.0 24.0 
52.0 24.0 
52.0 24.0 
52.0 24.0 
52.0 24.0 
52.0 24.0 
52.0 24.0 
52.0 24.0 
52.0 24.0 
52.0 24.0 
52.0 24.0 
52.0 24.0 
52.0 24.0 
52.0 24.0 
52.0 24.0 
52.0 24.0 
53.0 24.0 
52.0 28.0 
52.0 28.0 
53.0 24.0 
53.0 24.0 
53.0 24.0 
53.0 24.0 
53.0 24.0 
53.0 24.0 
53.0 24.0 
53.0 24.0 
53.0 24.0 
52.0 28.0 
53.0 24.0 
53.0 24.0 
53.0 24.0 
53.0 24.0 
53.0 24.0 
53.0 24.0 
53.0 24.0 
53.0 24.0 
53.0 24.0 
53.0 24.0 
53.0 24.0 
53.0 24.0 
53.0 24.0 
53.0 24.0 
53.0 24.0 
53.0 24.0 
53.0 24.0 
53.0 24.0 
53.0 24.0 
53.0 24.0 
53.0 24.0 
53.0 24.0 
53.0 24.0 
53.0 24.0 
53.0 24.0 
53.0 24.0 
53.0 24.0 
52.0 28.0 
53.0 24.0 
53.0 24.0 
53.0 24.0 
53.0 24.0 
53.0 24.0 
53.0 24.0 
53.0 24.0 
52.0 28.0 
53.0 24.0 
53.0 24.0 
53.0 24.0 
53.0 24.0 
52.0 28.0 
53.0 24.0 
53.0 24.0 
53.0 24.0 
53.0 24.0 
53.0 24.0 
