154.0 169.0 
213.0 76.0 
181.0 90.0 
175.0 91.0 
188.0 85.0 
155.0 135.0 
166.0 116.0 
217.0 83.0 
177.0 92.0 
197.0 85.0 
155.0 153.0 
155.0 153.0 
155.0 153.0 
170.0 126.0 
186.0 96.0 
179.0 102.0 
233.0 86.0 
202.0 89.0 
156.0 197.0 
159.0 162.0 
174.0 155.0 
174.0 155.0 
176.0 131.0 
197.0 97.0 
186.0 98.0 
179.0 113.0 
239.0 86.0 
209.0 93.0 
209.0 93.0 
214.0 89.0 
163.0 200.0 
164.0 162.0 
162.0 205.0 
163.0 200.0 
174.0 157.0 
176.0 139.0 
189.0 99.0 
187.0 101.0 
181.0 125.0 
185.0 114.0 
180.0 126.0 
250.0 88.0 
209.0 98.0 
209.0 98.0 
231.0 89.0 
216.0 92.0 
164.0 164.0 
163.0 205.0 
177.0 140.0 
207.0 99.0 
202.0 100.0 
187.0 112.0 
192.0 105.0 
196.0 102.0 
182.0 136.0 
185.0 130.0 
254.0 91.0 
249.0 93.0 
226.0 98.0 
232.0 94.0 
167.0 172.0 
167.0 172.0 
172.0 164.0 
167.0 172.0 
167.0 172.0 
165.0 233.0 
179.0 159.0 
180.0 150.0 
180.0 150.0 
190.0 124.0 
192.0 111.0 
206.0 106.0 
221.0 104.0 
183.0 140.0 
254.0 93.0 
254.0 93.0 
254.0 93.0 
227.0 100.0 
251.0 94.0 
236.0 99.0 
248.0 95.0 
174.0 166.0 
169.0 182.0 
168.0 191.0 
169.0 182.0 
179.0 164.0 
179.0 164.0 
179.0 164.0 
181.0 152.0 
261.0 96.0 
168.0 221.0 
168.0 221.0 
244.0 100.0 
216.0 106.0 
175.0 201.0 
177.0 167.0 
176.0 171.0 
185.0 141.0 
194.0 124.0 
169.0 204.0 
