71.0 47.0 
70.0 93.0 
74.0 30.0 
71.0 47.0 
80.0 26.0 
74.0 31.0 
73.0 49.0 
73.0 49.0 
72.0 59.0 
84.0 30.0 
99.0 27.0 
86.0 28.0 
74.0 37.0 
79.0 31.0 
78.0 32.0 
73.0 51.0 
72.0 63.0 
72.0 63.0 
72.0 63.0 
110.0 27.0 
95.0 28.0 
95.0 28.0 
89.0 30.0 
89.0 30.0 
75.0 44.0 
85.0 31.0 
78.0 36.0 
83.0 34.0 
74.0 51.0 
72.0 65.0 
117.0 27.0 
117.0 27.0 
109.0 28.0 
109.0 28.0 
97.0 29.0 
90.0 30.0 
75.0 45.0 
87.0 33.0 
89.0 31.0 
89.0 31.0 
89.0 31.0 
89.0 31.0 
79.0 36.0 
74.0 58.0 
72.0 67.0 
72.0 67.0 
72.0 67.0 
72.0 67.0 
72.0 67.0 
72.0 67.0 
72.0 67.0 
72.0 67.0 
110.0 28.0 
102.0 29.0 
91.0 30.0 
76.0 45.0 
75.0 48.0 
76.0 45.0 
87.0 34.0 
89.0 33.0 
90.0 32.0 
89.0 33.0 
89.0 33.0 
79.0 38.0 
74.0 68.0 
116.0 28.0 
109.0 29.0 
94.0 30.0 
94.0 30.0 
94.0 30.0 
93.0 31.0 
94.0 30.0 
75.0 56.0 
77.0 47.0 
77.0 47.0 
78.0 45.0 
77.0 47.0 
87.0 36.0 
90.0 33.0 
90.0 33.0 
83.0 38.0 
83.0 38.0 
83.0 38.0 
79.0 39.0 
79.0 39.0 
118.0 28.0 
118.0 28.0 
93.0 32.0 
93.0 32.0 
94.0 31.0 
97.0 30.0 
97.0 30.0 
76.0 63.0 
76.0 63.0 
104.0 30.0 
77.0 54.0 
79.0 42.0 
78.0 49.0 
95.0 32.0 
98.0 31.0 
