16.0 32.0 
18.0 21.0 
21.0 28.0 
27.0 21.0 
22.0 23.0 
21.0 29.0 
22.0 24.0 
24.0 23.0 
24.0 23.0 
23.0 31.0 
23.0 31.0 
23.0 31.0 
23.0 31.0 
23.0 31.0 
23.0 31.0 
23.0 31.0 
26.0 24.0 
24.0 27.0 
27.0 26.0 
24.0 30.0 
28.0 27.0 
28.0 27.0 
28.0 27.0 
28.0 27.0 
28.0 27.0 
28.0 27.0 
28.0 27.0 
28.0 27.0 
27.0 30.0 
25.0 31.0 
28.0 29.0 
31.0 27.0 
25.0 33.0 
27.0 32.0 
29.0 29.0 
28.0 30.0 
32.0 28.0 
42.0 27.0 
26.0 34.0 
26.0 34.0 
26.0 34.0 
26.0 34.0 
26.0 34.0 
26.0 34.0 
27.0 33.0 
27.0 33.0 
31.0 29.0 
30.0 30.0 
47.0 27.0 
29.0 33.0 
29.0 33.0 
28.0 37.0 
27.0 43.0 
34.0 30.0 
32.0 31.0 
34.0 30.0 
32.0 31.0 
30.0 32.0 
30.0 32.0 
30.0 32.0 
30.0 32.0 
30.0 32.0 
49.0 28.0 
48.0 29.0 
29.0 35.0 
29.0 35.0 
29.0 35.0 
29.0 35.0 
29.0 35.0 
47.0 30.0 
47.0 30.0 
47.0 30.0 
36.0 31.0 
36.0 31.0 
31.0 32.0 
30.0 34.0 
29.0 37.0 
29.0 37.0 
29.0 37.0 
29.0 37.0 
29.0 37.0 
29.0 37.0 
29.0 37.0 
29.0 37.0 
39.0 31.0 
32.0 33.0 
34.0 32.0 
31.0 34.0 
43.0 31.0 
43.0 31.0 
33.0 33.0 
35.0 32.0 
32.0 34.0 
31.0 35.0 
44.0 31.0 
31.0 37.0 
37.0 32.0 
32.0 35.0 
35.0 33.0 
33.0 34.0 
