397.0 234.0 
397.0 234.0 
481.0 198.0 
480.0 202.0 
1295.0 147.0 
630.0 178.0 
483.0 193.0 
1301.0 146.0 
1551.0 137.0 
1301.0 146.0 
450.0 209.0 
1554.0 136.0 
517.0 185.0 
630.0 178.0 
422.0 218.0 
419.0 224.0 
350.0 254.0 
399.0 227.0 
1642.0 133.0 
630.0 178.0 
1416.0 140.0 
385.0 236.0 
1330.0 141.0 
901.0 160.0 
675.0 176.0 
450.0 209.0 
756.0 171.0 
424.0 215.0 
1304.0 145.0 
382.0 242.0 
369.0 252.0 
1330.0 141.0 
1095.0 149.0 
1738.0 125.0 
1734.0 129.0 
1033.0 158.0 
761.0 162.0 
456.0 205.0 
521.0 184.0 
698.0 175.0 
1072.0 154.0 
571.0 182.0 
484.0 193.0 
484.0 193.0 
1303.0 148.0 
1303.0 148.0 
1605.0 137.0 
1559.0 139.0 
1559.0 139.0 
1605.0 137.0 
1567.0 138.0 
518.0 186.0 
423.0 221.0 
364.0 261.0 
363.0 272.0 
402.0 229.0 
402.0 229.0 
400.0 231.0 
1710.0 134.0 
1643.0 135.0 
385.0 237.0 
388.0 236.0 
1014.0 160.0 
909.0 161.0 
678.0 179.0 
678.0 179.0 
678.0 179.0 
451.0 212.0 
438.0 216.0 
1328.0 145.0 
372.0 255.0 
1375.0 144.0 
1378.0 141.0 
1271.0 149.0 
1218.0 152.0 
1251.0 150.0 
1187.0 153.0 
1741.0 125.0 
817.0 169.0 
908.0 165.0 
898.0 166.0 
817.0 169.0 
478.0 207.0 
478.0 207.0 
478.0 207.0 
471.0 210.0 
521.0 185.0 
761.0 175.0 
700.0 177.0 
1092.0 156.0 
1090.0 158.0 
1160.0 155.0 
614.0 182.0 
601.0 183.0 
363.0 275.0 
1764.0 125.0 
393.0 250.0 
1552.0 146.0 
826.0 174.0 
422.0 230.0 
