1744.0 103.0 
1744.0 103.0 
347.0 195.0 
371.0 181.0 
1120.0 122.0 
1231.0 121.0 
1017.0 129.0 
1613.0 104.0 
601.0 157.0 
490.0 159.0 
651.0 151.0 
757.0 145.0 
622.0 154.0 
1258.0 119.0 
883.0 137.0 
1501.0 112.0 
414.0 171.0 
439.0 170.0 
410.0 175.0 
1558.0 107.0 
454.0 167.0 
410.0 175.0 
757.0 145.0 
1609.0 106.0 
834.0 140.0 
809.0 141.0 
959.0 131.0 
473.0 162.0 
809.0 141.0 
910.0 135.0 
1510.0 111.0 
1258.0 119.0 
910.0 135.0 
859.0 139.0 
959.0 131.0 
601.0 157.0 
490.0 159.0 
473.0 162.0 
859.0 139.0 
1510.0 111.0 
1501.0 112.0 
1613.0 104.0 
1609.0 106.0 
1558.0 107.0 
601.0 157.0 
490.0 159.0 
910.0 135.0 
410.0 175.0 
1510.0 111.0 
959.0 131.0 
1510.0 111.0 
490.0 159.0 
410.0 175.0 
490.0 159.0 
959.0 131.0 
1609.0 106.0 
490.0 159.0 
490.0 159.0 
490.0 159.0 
1744.0 103.0 
490.0 159.0 
490.0 159.0 
1744.0 103.0 
1744.0 103.0 
1258.0 119.0 
1744.0 103.0 
757.0 145.0 
470.0 163.0 
731.0 146.0 
781.0 143.0 
371.0 181.0 
410.0 175.0 
341.0 205.0 
1396.0 113.0 
1529.0 110.0 
1776.0 102.0 
757.0 145.0 
622.0 154.0 
1231.0 121.0 
673.0 147.0 
959.0 131.0 
1609.0 106.0 
673.0 147.0 
1744.0 103.0 
1069.0 125.0 
1263.0 117.0 
932.0 132.0 
336.0 206.0 
327.0 216.0 
1609.0 106.0 
1613.0 104.0 
1501.0 112.0 
439.0 170.0 
1771.0 103.0 
327.0 218.0 
836.0 145.0 
467.0 176.0 
416.0 194.0 
1532.0 110.0 
1724.0 109.0 
