76.0 124.0 
163.0 48.0 
78.0 59.0 
169.0 56.0 
80.0 78.0 
97.0 64.0 
160.0 62.0 
83.0 72.0 
80.0 91.0 
131.0 64.0 
109.0 71.0 
172.0 62.0 
106.0 74.0 
83.0 90.0 
83.0 90.0 
80.0 97.0 
137.0 65.0 
120.0 71.0 
117.0 72.0 
228.0 62.0 
83.0 91.0 
81.0 102.0 
146.0 65.0 
146.0 65.0 
125.0 76.0 
117.0 87.0 
83.0 98.0 
114.0 92.0 
85.0 93.0 
149.0 68.0 
126.0 82.0 
136.0 77.0 
119.0 88.0 
118.0 91.0 
85.0 106.0 
85.0 106.0 
85.0 106.0 
101.0 101.0 
85.0 106.0 
85.0 106.0 
85.0 106.0 
85.0 106.0 
105.0 97.0 
228.0 68.0 
150.0 73.0 
220.0 69.0 
137.0 77.0 
135.0 91.0 
122.0 94.0 
102.0 105.0 
102.0 105.0 
85.0 107.0 
85.0 107.0 
111.0 101.0 
120.0 97.0 
237.0 70.0 
226.0 71.0 
239.0 69.0 
178.0 77.0 
141.0 81.0 
138.0 92.0 
123.0 96.0 
133.0 95.0 
103.0 106.0 
102.0 109.0 
89.0 111.0 
118.0 104.0 
120.0 100.0 
233.0 73.0 
232.0 75.0 
263.0 69.0 
241.0 70.0 
148.0 85.0 
141.0 91.0 
156.0 81.0 
138.0 93.0 
126.0 97.0 
123.0 99.0 
103.0 109.0 
102.0 113.0 
92.0 115.0 
96.0 114.0 
120.0 108.0 
122.0 100.0 
121.0 102.0 
263.0 70.0 
92.0 135.0 
252.0 80.0 
161.0 81.0 
94.0 115.0 
160.0 87.0 
147.0 92.0 
114.0 109.0 
138.0 94.0 
108.0 112.0 
128.0 100.0 
121.0 105.0 
97.0 114.0 
135.0 99.0 
123.0 104.0 
