2547.0 696.0 
2547.0 696.0 
2425.0 719.0 
2459.0 705.0 
2889.0 654.0 
2482.0 697.0 
2425.0 719.0 
2547.0 696.0 
2665.0 663.0 
2665.0 663.0 
2973.0 640.0 
2280.0 800.0 
2547.0 696.0 
2412.0 728.0 
2448.0 709.0 
2438.0 718.0 
2267.0 802.0 
2312.0 754.0 
2976.0 639.0 
2889.0 654.0 
2477.0 705.0 
2427.0 720.0 
2880.0 675.0 
2837.0 676.0 
2797.0 677.0 
2733.0 702.0 
2779.0 698.0 
2626.0 704.0 
2787.0 696.0 
2779.0 698.0 
2421.0 752.0 
2421.0 752.0 
2302.0 806.0 
2302.0 806.0 
2294.0 807.0 
2302.0 806.0 
2395.0 754.0 
2395.0 754.0 
2395.0 754.0 
2318.0 764.0 
2395.0 754.0 
2395.0 754.0 
2378.0 760.0 
2890.0 655.0 
2890.0 655.0 
2890.0 655.0 
2890.0 655.0 
2478.0 717.0 
2495.0 711.0 
2505.0 705.0 
2429.0 724.0 
2871.0 688.0 
2798.0 702.0 
2815.0 700.0 
2838.0 699.0 
2798.0 702.0 
2298.0 808.0 
2304.0 807.0 
2320.0 764.0 
2399.0 755.0 
2399.0 755.0 
2890.0 662.0 
2890.0 662.0 
2914.0 658.0 
2890.0 662.0 
2489.0 723.0 
2497.0 715.0 
2506.0 710.0 
2658.0 705.0 
2548.0 707.0 
2459.0 727.0 
2469.0 726.0 
2473.0 725.0 
2429.0 728.0 
2888.0 691.0 
2833.0 701.0 
2800.0 703.0 
2302.0 808.0 
2302.0 808.0 
2314.0 807.0 
2314.0 807.0 
2322.0 779.0 
2405.0 755.0 
2405.0 755.0 
2401.0 756.0 
2912.0 671.0 
2912.0 671.0 
2947.0 666.0 
2963.0 662.0 
2947.0 666.0 
2896.0 687.0 
2963.0 662.0 
2309.0 815.0 
3137.0 664.0 
3137.0 664.0 
2401.0 760.0 
2509.0 710.0 
2986.0 665.0 
2837.0 702.0 
2929.0 676.0 
