1591.0 496.0 
1617.0 473.0 
1658.0 459.0 
1575.0 501.0 
1658.0 459.0 
1591.0 496.0 
1540.0 520.0 
1542.0 517.0 
1617.0 473.0 
1537.0 528.0 
1575.0 501.0 
1617.0 473.0 
1658.0 459.0 
1561.0 510.0 
1591.0 496.0 
1561.0 510.0 
1658.0 459.0 
1575.0 501.0 
1658.0 459.0 
1558.0 512.0 
1617.0 473.0 
1542.0 517.0 
1617.0 473.0 
1542.0 517.0 
1617.0 473.0 
1658.0 459.0 
1540.0 520.0 
1588.0 497.0 
1658.0 459.0 
1575.0 501.0 
1542.0 517.0 
1537.0 532.0 
1537.0 532.0 
1539.0 529.0 
1537.0 532.0 
1537.0 532.0 
1537.0 532.0 
1619.0 479.0 
1618.0 495.0 
1618.0 495.0 
1619.0 479.0 
1618.0 495.0 
1618.0 495.0 
1618.0 495.0 
1679.0 462.0 
1679.0 462.0 
1679.0 462.0 
1679.0 462.0 
1660.0 465.0 
1590.0 502.0 
1577.0 507.0 
1577.0 507.0 
1590.0 502.0 
1577.0 507.0 
1577.0 507.0 
1562.0 517.0 
1562.0 517.0 
1560.0 518.0 
1542.0 522.0 
1562.0 517.0 
1562.0 517.0 
1539.0 541.0 
1660.0 467.0 
1660.0 467.0 
1631.0 485.0 
1603.0 503.0 
1577.0 509.0 
1560.0 520.0 
1542.0 528.0 
1560.0 520.0 
1546.0 522.0 
1593.0 504.0 
1593.0 504.0 
1542.0 528.0 
1544.0 525.0 
1544.0 525.0 
1546.0 522.0 
1660.0 467.0 
1660.0 467.0 
1660.0 467.0 
1560.0 520.0 
1560.0 520.0 
1560.0 520.0 
1560.0 520.0 
1560.0 520.0 
1560.0 520.0 
1560.0 520.0 
1560.0 520.0 
1560.0 520.0 
1560.0 520.0 
1560.0 520.0 
1560.0 520.0 
1560.0 520.0 
1560.0 520.0 
1560.0 520.0 
1560.0 520.0 
1560.0 520.0 
1560.0 520.0 
1560.0 520.0 
1560.0 520.0 
