92.0 44.0 
105.0 39.0 
121.0 38.0 
90.0 57.0 
92.0 44.0 
97.0 40.0 
121.0 38.0 
92.0 44.0 
92.0 44.0 
108.0 39.0 
108.0 39.0 
108.0 39.0 
108.0 39.0 
90.0 58.0 
101.0 40.0 
97.0 41.0 
101.0 40.0 
97.0 41.0 
101.0 40.0 
97.0 41.0 
122.0 38.0 
122.0 38.0 
122.0 38.0 
93.0 44.0 
92.0 50.0 
112.0 39.0 
112.0 39.0 
90.0 62.0 
90.0 62.0 
90.0 62.0 
91.0 58.0 
103.0 40.0 
103.0 40.0 
97.0 42.0 
98.0 41.0 
127.0 38.0 
94.0 45.0 
96.0 44.0 
115.0 39.0 
115.0 39.0 
115.0 39.0 
115.0 39.0 
91.0 61.0 
91.0 61.0 
91.0 61.0 
91.0 61.0 
92.0 58.0 
92.0 58.0 
107.0 40.0 
107.0 40.0 
97.0 43.0 
99.0 41.0 
98.0 42.0 
99.0 41.0 
98.0 42.0 
99.0 41.0 
129.0 38.0 
129.0 38.0 
94.0 46.0 
94.0 46.0 
94.0 46.0 
120.0 39.0 
91.0 62.0 
91.0 62.0 
91.0 62.0 
91.0 62.0 
91.0 62.0 
91.0 62.0 
91.0 62.0 
91.0 62.0 
93.0 61.0 
93.0 61.0 
108.0 40.0 
108.0 40.0 
108.0 40.0 
97.0 44.0 
97.0 44.0 
97.0 44.0 
97.0 44.0 
97.0 44.0 
98.0 43.0 
101.0 41.0 
101.0 41.0 
101.0 41.0 
101.0 41.0 
101.0 41.0 
101.0 41.0 
101.0 41.0 
101.0 41.0 
138.0 38.0 
138.0 38.0 
138.0 38.0 
138.0 38.0 
94.0 51.0 
94.0 51.0 
95.0 49.0 
96.0 47.0 
94.0 51.0 
122.0 39.0 
91.0 63.0 
