101.0 64.0 
102.0 51.0 
102.0 51.0 
101.0 64.0 
101.0 64.0 
101.0 64.0 
106.0 50.0 
112.0 42.0 
139.0 40.0 
106.0 50.0 
110.0 43.0 
128.0 41.0 
100.0 65.0 
110.0 43.0 
107.0 45.0 
101.0 64.0 
106.0 50.0 
105.0 51.0 
104.0 53.0 
117.0 42.0 
117.0 42.0 
117.0 42.0 
140.0 40.0 
129.0 41.0 
112.0 43.0 
110.0 45.0 
107.0 48.0 
108.0 47.0 
102.0 64.0 
106.0 51.0 
105.0 53.0 
105.0 53.0 
104.0 63.0 
118.0 42.0 
141.0 40.0 
141.0 40.0 
141.0 40.0 
130.0 41.0 
114.0 43.0 
108.0 48.0 
102.0 65.0 
107.0 51.0 
107.0 51.0 
105.0 58.0 
105.0 58.0 
106.0 55.0 
105.0 58.0 
105.0 58.0 
106.0 55.0 
122.0 42.0 
122.0 42.0 
142.0 40.0 
142.0 40.0 
142.0 40.0 
136.0 41.0 
114.0 46.0 
116.0 45.0 
118.0 43.0 
114.0 46.0 
108.0 50.0 
111.0 48.0 
108.0 50.0 
103.0 65.0 
103.0 65.0 
138.0 41.0 
138.0 41.0 
104.0 66.0 
104.0 66.0 
123.0 42.0 
106.0 56.0 
108.0 51.0 
122.0 43.0 
107.0 55.0 
113.0 48.0 
105.0 61.0 
105.0 61.0 
118.0 45.0 
115.0 46.0 
118.0 45.0 
115.0 46.0 
111.0 49.0 
110.0 50.0 
111.0 49.0 
110.0 50.0 
105.0 61.0 
105.0 61.0 
105.0 61.0 
138.0 41.0 
115.0 46.0 
111.0 49.0 
111.0 49.0 
111.0 49.0 
110.0 50.0 
110.0 50.0 
110.0 50.0 
110.0 50.0 
110.0 50.0 
104.0 66.0 
104.0 66.0 
104.0 66.0 
