102.0 22.0 
79.0 26.0 
79.0 26.0 
102.0 22.0 
84.0 23.0 
81.0 25.0 
84.0 23.0 
81.0 25.0 
79.0 26.0 
102.0 22.0 
84.0 23.0 
81.0 25.0 
79.0 26.0 
102.0 22.0 
84.0 23.0 
81.0 25.0 
79.0 26.0 
102.0 22.0 
84.0 23.0 
81.0 25.0 
84.0 23.0 
81.0 25.0 
84.0 23.0 
84.0 23.0 
84.0 23.0 
102.0 22.0 
84.0 23.0 
102.0 22.0 
84.0 23.0 
84.0 23.0 
102.0 22.0 
102.0 22.0 
84.0 23.0 
102.0 22.0 
102.0 22.0 
102.0 22.0 
102.0 22.0 
84.0 23.0 
81.0 25.0 
84.0 23.0 
84.0 23.0 
102.0 22.0 
102.0 22.0 
102.0 22.0 
102.0 22.0 
102.0 22.0 
81.0 25.0 
102.0 22.0 
84.0 23.0 
84.0 23.0 
81.0 25.0 
84.0 23.0 
102.0 22.0 
84.0 23.0 
102.0 22.0 
102.0 22.0 
84.0 23.0 
102.0 22.0 
81.0 25.0 
102.0 22.0 
102.0 22.0 
84.0 23.0 
102.0 22.0 
81.0 25.0 
84.0 23.0 
84.0 23.0 
102.0 22.0 
102.0 22.0 
102.0 22.0 
102.0 22.0 
102.0 22.0 
84.0 23.0 
81.0 25.0 
102.0 22.0 
102.0 22.0 
84.0 23.0 
102.0 22.0 
84.0 23.0 
102.0 22.0 
102.0 22.0 
84.0 23.0 
81.0 25.0 
84.0 23.0 
102.0 22.0 
102.0 22.0 
84.0 23.0 
102.0 22.0 
102.0 22.0 
102.0 22.0 
102.0 22.0 
102.0 22.0 
81.0 25.0 
84.0 23.0 
102.0 22.0 
102.0 22.0 
102.0 22.0 
102.0 22.0 
84.0 23.0 
81.0 25.0 
84.0 23.0 
