196.0 124.0 
158.0 171.0 
176.0 153.0 
213.0 117.0 
261.0 112.0 
191.0 134.0 
199.0 130.0 
207.0 125.0 
182.0 182.0 
185.0 154.0 
179.0 220.0 
226.0 120.0 
244.0 119.0 
287.0 112.0 
196.0 135.0 
200.0 131.0 
210.0 126.0 
215.0 125.0 
182.0 190.0 
184.0 183.0 
190.0 181.0 
180.0 254.0 
227.0 120.0 
248.0 119.0 
353.0 117.0 
196.0 155.0 
202.0 131.0 
216.0 125.0 
188.0 235.0 
189.0 215.0 
193.0 181.0 
234.0 120.0 
275.0 119.0 
363.0 117.0 
206.0 137.0 
209.0 132.0 
221.0 127.0 
220.0 129.0 
191.0 220.0 
197.0 191.0 
197.0 191.0 
198.0 184.0 
197.0 191.0 
196.0 209.0 
204.0 183.0 
258.0 120.0 
240.0 122.0 
371.0 118.0 
371.0 118.0 
207.0 143.0 
207.0 143.0 
213.0 135.0 
230.0 130.0 
195.0 264.0 
199.0 201.0 
200.0 191.0 
197.0 252.0 
196.0 262.0 
246.0 123.0 
246.0 123.0 
242.0 124.0 
381.0 120.0 
463.0 118.0 
439.0 119.0 
381.0 120.0 
207.0 155.0 
217.0 139.0 
216.0 151.0 
216.0 151.0 
216.0 151.0 
216.0 151.0 
213.0 154.0 
222.0 137.0 
234.0 134.0 
203.0 204.0 
202.0 255.0 
201.0 278.0 
245.0 133.0 
246.0 130.0 
246.0 130.0 
255.0 124.0 
392.0 120.0 
211.0 158.0 
208.0 164.0 
207.0 201.0 
220.0 140.0 
214.0 155.0 
222.0 138.0 
237.0 134.0 
205.0 210.0 
205.0 210.0 
384.0 125.0 
384.0 125.0 
267.0 131.0 
269.0 126.0 
205.0 278.0 
272.0 127.0 
208.0 194.0 
206.0 266.0 
268.0 133.0 
