1739.0 560.0 
1781.0 547.0 
1740.0 554.0 
1740.0 554.0 
1822.0 529.0 
1788.0 538.0 
1820.0 535.0 
1739.0 560.0 
1894.0 513.0 
1780.0 548.0 
1882.0 514.0 
1697.0 586.0 
1788.0 538.0 
1852.0 521.0 
1882.0 514.0 
1840.0 524.0 
1691.0 590.0 
1755.0 551.0 
1706.0 578.0 
1894.0 513.0 
1822.0 529.0 
1782.0 539.0 
1862.0 516.0 
1708.0 574.0 
1741.0 554.0 
1740.0 566.0 
1780.0 549.0 
1893.0 514.0 
1893.0 514.0 
1893.0 514.0 
1893.0 514.0 
1893.0 514.0 
1841.0 528.0 
1700.0 590.0 
1693.0 592.0 
1757.0 551.0 
1706.0 589.0 
1822.0 530.0 
1822.0 530.0 
1782.0 540.0 
1794.0 539.0 
1865.0 519.0 
1865.0 519.0 
1865.0 519.0 
1866.0 518.0 
1885.0 517.0 
1865.0 519.0 
1710.0 578.0 
1727.0 575.0 
1708.0 582.0 
1727.0 575.0 
1742.0 555.0 
1742.0 555.0 
1742.0 555.0 
1741.0 572.0 
1741.0 572.0 
1861.0 528.0 
1861.0 528.0 
1861.0 528.0 
1861.0 528.0 
1861.0 528.0 
1705.0 590.0 
1705.0 590.0 
1775.0 551.0 
1767.0 552.0 
1775.0 551.0 
1823.0 534.0 
1842.0 533.0 
1823.0 534.0 
1848.0 530.0 
1786.0 544.0 
1786.0 544.0 
1786.0 544.0 
1788.0 542.0 
1782.0 545.0 
1818.0 539.0 
1867.0 522.0 
1876.0 520.0 
1867.0 522.0 
1876.0 520.0 
1720.0 578.0 
1711.0 581.0 
1710.0 582.0 
1709.0 585.0 
1731.0 577.0 
1731.0 577.0 
1881.0 520.0 
1881.0 520.0 
1711.0 592.0 
1824.0 534.0 
1740.0 577.0 
1861.0 531.0 
1742.0 558.0 
1714.0 581.0 
1821.0 540.0 
1750.0 555.0 
1772.0 552.0 
1792.0 542.0 
1737.0 580.0 
1777.0 551.0 
