144.0 42.0 
144.0 42.0 
124.0 44.0 
144.0 42.0 
144.0 42.0 
144.0 42.0 
124.0 44.0 
144.0 42.0 
124.0 44.0 
126.0 43.0 
144.0 42.0 
124.0 44.0 
119.0 46.0 
119.0 46.0 
126.0 43.0 
119.0 46.0 
144.0 42.0 
124.0 44.0 
144.0 42.0 
144.0 42.0 
124.0 44.0 
124.0 44.0 
144.0 42.0 
144.0 42.0 
119.0 46.0 
124.0 44.0 
144.0 42.0 
124.0 44.0 
124.0 44.0 
144.0 42.0 
124.0 44.0 
124.0 44.0 
119.0 46.0 
126.0 43.0 
144.0 42.0 
144.0 42.0 
119.0 46.0 
119.0 46.0 
124.0 44.0 
124.0 44.0 
126.0 43.0 
119.0 46.0 
119.0 46.0 
124.0 44.0 
126.0 43.0 
119.0 46.0 
126.0 43.0 
126.0 43.0 
126.0 43.0 
124.0 44.0 
144.0 42.0 
124.0 44.0 
124.0 44.0 
124.0 44.0 
144.0 42.0 
119.0 46.0 
119.0 46.0 
124.0 44.0 
124.0 44.0 
119.0 46.0 
144.0 42.0 
144.0 42.0 
144.0 42.0 
119.0 46.0 
124.0 44.0 
119.0 46.0 
126.0 43.0 
144.0 42.0 
126.0 43.0 
144.0 42.0 
144.0 42.0 
124.0 44.0 
119.0 46.0 
144.0 42.0 
119.0 46.0 
119.0 46.0 
124.0 44.0 
124.0 44.0 
116.0 47.0 
126.0 43.0 
119.0 46.0 
114.0 52.0 
144.0 42.0 
124.0 44.0 
124.0 44.0 
124.0 44.0 
126.0 43.0 
144.0 42.0 
144.0 42.0 
124.0 44.0 
119.0 46.0 
119.0 46.0 
124.0 44.0 
119.0 46.0 
144.0 42.0 
114.0 54.0 
145.0 42.0 
145.0 42.0 
127.0 43.0 
116.0 49.0 
