1704.0 536.0 
2198.0 441.0 
1704.0 536.0 
2198.0 441.0 
2130.0 447.0 
1909.0 451.0 
1833.0 474.0 
1732.0 509.0 
1709.0 529.0 
1711.0 521.0 
1854.0 464.0 
1751.0 502.0 
1870.0 459.0 
1721.0 516.0 
1794.0 493.0 
2181.0 443.0 
2148.0 444.0 
1909.0 451.0 
1887.0 457.0 
1892.0 453.0 
1821.0 480.0 
1723.0 515.0 
1814.0 485.0 
1798.0 490.0 
1854.0 464.0 
1869.0 462.0 
1798.0 490.0 
2147.0 445.0 
1814.0 485.0 
1777.0 500.0 
1751.0 502.0 
1821.0 480.0 
1815.0 482.0 
2197.0 442.0 
2131.0 446.0 
2181.0 443.0 
1766.0 501.0 
1781.0 497.0 
1766.0 501.0 
1892.0 453.0 
1887.0 457.0 
1784.0 495.0 
1723.0 515.0 
1784.0 495.0 
1815.0 482.0 
1869.0 462.0 
1781.0 497.0 
1777.0 500.0 
1782.0 496.0 
2131.0 446.0 
2148.0 444.0 
1782.0 496.0 
2197.0 442.0 
1704.0 536.0 
1909.0 451.0 
2131.0 446.0 
1798.0 490.0 
1814.0 485.0 
1821.0 480.0 
2181.0 443.0 
1784.0 495.0 
1766.0 501.0 
1892.0 453.0 
1854.0 464.0 
1887.0 457.0 
1869.0 462.0 
1815.0 482.0 
1781.0 497.0 
2148.0 444.0 
1704.0 536.0 
1909.0 451.0 
2148.0 444.0 
1781.0 497.0 
1887.0 457.0 
1784.0 495.0 
1815.0 482.0 
1781.0 497.0 
1781.0 497.0 
1781.0 497.0 
1766.0 501.0 
1784.0 495.0 
2148.0 444.0 
1781.0 497.0 
2131.0 446.0 
1781.0 497.0 
1704.0 536.0 
1781.0 497.0 
2131.0 446.0 
2131.0 446.0 
1704.0 536.0 
1887.0 457.0 
1723.0 515.0 
1815.0 482.0 
2181.0 443.0 
1782.0 496.0 
2131.0 446.0 
1821.0 480.0 
1777.0 500.0 
2131.0 446.0 
1892.0 453.0 
