1653.0 124.0 
312.0 187.0 
312.0 187.0 
1653.0 124.0 
547.0 170.0 
713.0 160.0 
1222.0 138.0 
1302.0 137.0 
1518.0 129.0 
469.0 176.0 
443.0 178.0 
1060.0 144.0 
952.0 148.0 
874.0 151.0 
502.0 174.0 
345.0 184.0 
1144.0 142.0 
952.0 148.0 
874.0 151.0 
659.0 162.0 
841.0 153.0 
1602.0 127.0 
502.0 174.0 
1386.0 135.0 
1009.0 147.0 
1575.0 128.0 
1329.0 136.0 
765.0 156.0 
841.0 153.0 
1602.0 127.0 
792.0 155.0 
759.0 157.0 
792.0 155.0 
1494.0 131.0 
1036.0 146.0 
1198.0 140.0 
1144.0 142.0 
1434.0 134.0 
393.0 183.0 
1386.0 135.0 
759.0 157.0 
1060.0 144.0 
659.0 162.0 
602.0 167.0 
582.0 168.0 
582.0 168.0 
345.0 184.0 
635.0 164.0 
426.0 180.0 
629.0 165.0 
1329.0 136.0 
629.0 165.0 
1171.0 141.0 
1467.0 132.0 
1440.0 133.0 
1009.0 147.0 
602.0 167.0 
1171.0 141.0 
1467.0 132.0 
1575.0 128.0 
1198.0 140.0 
1036.0 146.0 
635.0 164.0 
1494.0 131.0 
420.0 181.0 
398.0 182.0 
426.0 180.0 
1440.0 133.0 
420.0 181.0 
1434.0 134.0 
398.0 182.0 
393.0 183.0 
312.0 187.0 
1653.0 124.0 
952.0 148.0 
874.0 151.0 
502.0 174.0 
792.0 155.0 
841.0 153.0 
1602.0 127.0 
1144.0 142.0 
1386.0 135.0 
1060.0 144.0 
345.0 184.0 
582.0 168.0 
629.0 165.0 
1198.0 140.0 
1467.0 132.0 
602.0 167.0 
1575.0 128.0 
1171.0 141.0 
1009.0 147.0 
659.0 162.0 
1036.0 146.0 
1494.0 131.0 
635.0 164.0 
1434.0 134.0 
502.0 174.0 
874.0 151.0 
792.0 155.0 
