380.0 268.0 
1217.0 172.0 
481.0 213.0 
1257.0 164.0 
1201.0 173.0 
381.0 267.0 
1217.0 172.0 
385.0 266.0 
385.0 266.0 
1257.0 164.0 
481.0 213.0 
391.0 261.0 
863.0 177.0 
1002.0 176.0 
380.0 268.0 
436.0 227.0 
1479.0 152.0 
1784.0 137.0 
492.0 205.0 
806.0 187.0 
816.0 186.0 
581.0 197.0 
702.0 196.0 
1002.0 176.0 
1302.0 163.0 
743.0 192.0 
481.0 213.0 
1201.0 173.0 
470.0 215.0 
1104.0 174.0 
537.0 202.0 
1322.0 157.0 
379.0 271.0 
1841.0 134.0 
440.0 226.0 
1245.0 166.0 
1431.0 156.0 
1663.0 144.0 
849.0 181.0 
466.0 222.0 
863.0 177.0 
845.0 182.0 
403.0 235.0 
383.0 267.0 
383.0 267.0 
1233.0 172.0 
1276.0 165.0 
401.0 263.0 
1638.0 152.0 
1789.0 141.0 
525.0 209.0 
511.0 210.0 
511.0 210.0 
807.0 189.0 
842.0 186.0 
818.0 188.0 
832.0 187.0 
585.0 201.0 
631.0 200.0 
742.0 196.0 
742.0 196.0 
1067.0 176.0 
755.0 194.0 
771.0 192.0 
481.0 214.0 
481.0 214.0 
1161.0 175.0 
1162.0 174.0 
569.0 202.0 
560.0 203.0 
1324.0 162.0 
1324.0 162.0 
1324.0 162.0 
1324.0 162.0 
1324.0 162.0 
382.0 272.0 
382.0 272.0 
1843.0 136.0 
1843.0 136.0 
465.0 226.0 
446.0 229.0 
1252.0 168.0 
1250.0 169.0 
1454.0 160.0 
1462.0 158.0 
1783.0 145.0 
1663.0 146.0 
1663.0 146.0 
932.0 177.0 
905.0 178.0 
850.0 185.0 
862.0 183.0 
850.0 185.0 
862.0 183.0 
867.0 182.0 
431.0 239.0 
411.0 241.0 
383.0 269.0 
1854.0 138.0 
867.0 183.0 
