1786.0 83.0 
299.0 198.0 
1786.0 83.0 
1005.0 111.0 
1193.0 104.0 
1071.0 106.0 
342.0 161.0 
615.0 133.0 
1467.0 94.0 
1548.0 92.0 
340.0 172.0 
1626.0 89.0 
1270.0 100.0 
736.0 124.0 
328.0 184.0 
1386.0 98.0 
470.0 143.0 
937.0 113.0 
331.0 175.0 
1683.0 85.0 
445.0 146.0 
558.0 141.0 
437.0 153.0 
420.0 156.0 
1681.0 87.0 
900.0 116.0 
1071.0 106.0 
875.0 118.0 
685.0 129.0 
563.0 139.0 
1437.0 96.0 
315.0 185.0 
311.0 192.0 
1574.0 90.0 
563.0 139.0 
641.0 132.0 
793.0 123.0 
713.0 127.0 
1386.0 98.0 
931.0 115.0 
384.0 159.0 
1248.0 102.0 
312.0 189.0 
1425.0 97.0 
470.0 143.0 
311.0 192.0 
819.0 121.0 
713.0 127.0 
854.0 119.0 
819.0 121.0 
1270.0 100.0 
854.0 119.0 
445.0 146.0 
437.0 153.0 
389.0 157.0 
312.0 189.0 
1220.0 103.0 
1220.0 103.0 
1574.0 90.0 
795.0 122.0 
664.0 131.0 
1248.0 102.0 
336.0 173.0 
558.0 141.0 
668.0 130.0 
342.0 161.0 
1683.0 85.0 
384.0 159.0 
1425.0 97.0 
931.0 115.0 
389.0 157.0 
668.0 130.0 
385.0 158.0 
664.0 131.0 
332.0 174.0 
331.0 175.0 
328.0 184.0 
795.0 122.0 
793.0 123.0 
340.0 172.0 
1682.0 86.0 
385.0 158.0 
332.0 174.0 
1682.0 86.0 
1786.0 83.0 
311.0 192.0 
1270.0 100.0 
445.0 146.0 
437.0 153.0 
854.0 119.0 
819.0 121.0 
1682.0 86.0 
793.0 123.0 
384.0 159.0 
1425.0 97.0 
664.0 131.0 
331.0 175.0 
328.0 184.0 
795.0 122.0 
340.0 172.0 
