1751.0 531.0 
1731.0 537.0 
1751.0 531.0 
1747.0 533.0 
1751.0 531.0 
1814.0 503.0 
1757.0 530.0 
1882.0 487.0 
1943.0 486.0 
1714.0 543.0 
1707.0 546.0 
1747.0 533.0 
1780.0 515.0 
1812.0 506.0 
1814.0 503.0 
1714.0 543.0 
1792.0 514.0 
1762.0 525.0 
1859.0 488.0 
1757.0 530.0 
1748.0 532.0 
1707.0 546.0 
1795.0 510.0 
1882.0 487.0 
1692.0 551.0 
1776.0 519.0 
1959.0 481.0 
1776.0 519.0 
1751.0 531.0 
1816.0 499.0 
1758.0 528.0 
1762.0 525.0 
1751.0 531.0 
1776.0 519.0 
1717.0 540.0 
1714.0 543.0 
1747.0 533.0 
1731.0 538.0 
1737.0 537.0 
1731.0 538.0 
1737.0 537.0 
1783.0 518.0 
1786.0 517.0 
1790.0 515.0 
1786.0 517.0 
1790.0 515.0 
1783.0 518.0 
1814.0 504.0 
1867.0 492.0 
1860.0 494.0 
1713.0 548.0 
1799.0 513.0 
1953.0 487.0 
1902.0 489.0 
1692.0 552.0 
1696.0 551.0 
1692.0 552.0 
1820.0 501.0 
1758.0 530.0 
1758.0 530.0 
1764.0 527.0 
1764.0 527.0 
1774.0 526.0 
1764.0 527.0 
1757.0 531.0 
1757.0 531.0 
1757.0 531.0 
1782.0 519.0 
1782.0 519.0 
1782.0 519.0 
1782.0 519.0 
1782.0 519.0 
1777.0 521.0 
1782.0 519.0 
1723.0 540.0 
1723.0 540.0 
1717.0 541.0 
1717.0 541.0 
1723.0 540.0 
1723.0 540.0 
1747.0 536.0 
1755.0 533.0 
1751.0 534.0 
2004.0 489.0 
1692.0 554.0 
1692.0 554.0 
1920.0 492.0 
1860.0 495.0 
1796.0 515.0 
1866.0 494.0 
1814.0 505.0 
1717.0 542.0 
1715.0 549.0 
1740.0 537.0 
1731.0 539.0 
1821.0 503.0 
1821.0 503.0 
1790.0 516.0 
1760.0 530.0 
1698.0 551.0 
