2138.0 717.0 
2154.0 706.0 
2105.0 718.0 
2161.0 694.0 
2154.0 706.0 
2138.0 717.0 
2040.0 739.0 
2363.0 649.0 
2142.0 708.0 
2223.0 660.0 
2142.0 708.0 
2052.0 729.0 
2363.0 649.0 
2170.0 676.0 
2363.0 649.0 
2040.0 739.0 
2024.0 756.0 
2135.0 718.0 
2135.0 718.0 
2135.0 718.0 
2108.0 721.0 
2266.0 675.0 
2266.0 675.0 
2270.0 660.0 
2145.0 712.0 
2150.0 711.0 
2052.0 731.0 
2052.0 731.0 
2052.0 731.0 
2263.0 676.0 
2198.0 689.0 
2248.0 677.0 
2176.0 706.0 
2170.0 709.0 
2491.0 657.0 
2045.0 739.0 
2027.0 756.0 
2027.0 756.0 
2136.0 719.0 
2116.0 721.0 
2112.0 722.0 
2446.0 664.0 
2490.0 662.0 
2418.0 665.0 
2446.0 664.0 
2273.0 666.0 
2159.0 718.0 
2160.0 713.0 
2159.0 718.0 
2086.0 734.0 
2086.0 734.0 
2065.0 735.0 
2105.0 733.0 
2056.0 737.0 
2053.0 738.0 
2226.0 694.0 
2222.0 701.0 
2267.0 685.0 
2269.0 679.0 
2267.0 685.0 
2252.0 688.0 
2267.0 685.0 
2209.0 706.0 
2171.0 710.0 
2171.0 710.0 
2171.0 710.0 
2200.0 709.0 
2499.0 659.0 
2495.0 661.0 
2027.0 757.0 
2027.0 757.0 
2496.0 661.0 
2496.0 661.0 
2028.0 758.0 
2391.0 667.0 
2238.0 695.0 
2112.0 725.0 
2494.0 665.0 
2220.0 711.0 
2269.0 686.0 
2074.0 735.0 
2141.0 720.0 
2322.0 669.0 
2283.0 672.0 
2063.0 752.0 
2169.0 713.0 
2052.0 757.0 
2167.0 716.0 
2272.0 679.0 
2065.0 746.0 
2321.0 671.0 
2069.0 737.0 
2220.0 711.0 
2068.0 742.0 
2275.0 676.0 
2275.0 676.0 
2068.0 742.0 
2169.0 713.0 
2321.0 671.0 
2321.0 671.0 
