2514.0 695.0 
2414.0 701.0 
2191.0 774.0 
2169.0 775.0 
2371.0 703.0 
2243.0 710.0 
2134.0 777.0 
2441.0 697.0 
2534.0 684.0 
2226.0 736.0 
2128.0 802.0 
2531.0 696.0 
2183.0 775.0 
2392.0 706.0 
2377.0 722.0 
2335.0 730.0 
2150.0 777.0 
2150.0 777.0 
2140.0 801.0 
2441.0 705.0 
2516.0 698.0 
2469.0 700.0 
2538.0 691.0 
2538.0 691.0 
2270.0 744.0 
2260.0 753.0 
2227.0 764.0 
2314.0 736.0 
2190.0 776.0 
2393.0 710.0 
2360.0 730.0 
2352.0 733.0 
2178.0 782.0 
2155.0 783.0 
2184.0 778.0 
2150.0 787.0 
2144.0 807.0 
2144.0 807.0 
2144.0 807.0 
2453.0 706.0 
2628.0 694.0 
2542.0 695.0 
2294.0 747.0 
2275.0 751.0 
2275.0 751.0 
2266.0 756.0 
2238.0 768.0 
2256.0 765.0 
2396.0 714.0 
2353.0 742.0 
2356.0 737.0 
2237.0 778.0 
2237.0 778.0 
2185.0 784.0 
2228.0 779.0 
2194.0 781.0 
2217.0 780.0 
2157.0 802.0 
2170.0 789.0 
2518.0 707.0 
2518.0 707.0 
2467.0 708.0 
2551.0 695.0 
2301.0 750.0 
2331.0 748.0 
2295.0 756.0 
2245.0 769.0 
2243.0 776.0 
2261.0 766.0 
2399.0 721.0 
2422.0 714.0 
2398.0 737.0 
2394.0 743.0 
2384.0 744.0 
2381.0 745.0 
2191.0 784.0 
2231.0 779.0 
2230.0 781.0 
2180.0 807.0 
2187.0 794.0 
2187.0 794.0 
2187.0 794.0 
2187.0 794.0 
2495.0 711.0 
2529.0 709.0 
2562.0 698.0 
2614.0 696.0 
2562.0 698.0 
2319.0 752.0 
2342.0 750.0 
2296.0 761.0 
2318.0 759.0 
2260.0 778.0 
2260.0 778.0 
2294.0 766.0 
2288.0 769.0 
2288.0 769.0 
2288.0 769.0 
2261.0 770.0 
2193.0 803.0 
