62.0 59.0 
113.0 44.0 
62.0 59.0 
67.0 52.0 
71.0 50.0 
114.0 43.0 
82.0 47.0 
63.0 53.0 
57.0 62.0 
129.0 30.0 
115.0 38.0 
126.0 31.0 
118.0 36.0 
113.0 45.0 
92.0 50.0 
82.0 52.0 
105.0 47.0 
93.0 48.0 
92.0 50.0 
65.0 60.0 
70.0 56.0 
78.0 54.0 
67.0 59.0 
73.0 55.0 
58.0 63.0 
63.0 62.0 
175.0 30.0 
175.0 30.0 
175.0 30.0 
116.0 39.0 
115.0 44.0 
129.0 33.0 
137.0 32.0 
129.0 33.0 
160.0 31.0 
123.0 37.0 
125.0 36.0 
113.0 46.0 
84.0 52.0 
109.0 49.0 
104.0 51.0 
66.0 60.0 
66.0 60.0 
66.0 60.0 
72.0 58.0 
81.0 54.0 
71.0 59.0 
59.0 63.0 
192.0 30.0 
122.0 39.0 
119.0 43.0 
138.0 33.0 
176.0 31.0 
124.0 37.0 
128.0 36.0 
114.0 48.0 
89.0 52.0 
87.0 53.0 
110.0 50.0 
111.0 49.0 
68.0 60.0 
68.0 60.0 
73.0 58.0 
86.0 54.0 
81.0 56.0 
59.0 65.0 
59.0 65.0 
62.0 63.0 
62.0 63.0 
60.0 64.0 
60.0 64.0 
62.0 63.0 
122.0 44.0 
122.0 44.0 
121.0 47.0 
140.0 33.0 
178.0 31.0 
124.0 42.0 
125.0 37.0 
132.0 36.0 
59.0 66.0 
59.0 66.0 
153.0 33.0 
84.0 56.0 
102.0 52.0 
96.0 53.0 
74.0 58.0 
114.0 49.0 
125.0 41.0 
126.0 37.0 
69.0 61.0 
123.0 44.0 
133.0 36.0 
122.0 47.0 
148.0 34.0 
115.0 48.0 
62.0 64.0 
140.0 35.0 
67.0 63.0 
140.0 35.0 
