613.0 170.0 
287.0 219.0 
613.0 170.0 
613.0 170.0 
335.0 201.0 
350.0 193.0 
336.0 200.0 
982.0 150.0 
322.0 205.0 
613.0 170.0 
558.0 173.0 
613.0 170.0 
334.0 204.0 
275.0 222.0 
350.0 193.0 
1435.0 132.0 
613.0 170.0 
613.0 170.0 
424.0 181.0 
310.0 208.0 
335.0 201.0 
613.0 170.0 
1223.0 138.0 
558.0 173.0 
275.0 222.0 
1222.0 140.0 
752.0 163.0 
613.0 170.0 
335.0 201.0 
350.0 193.0 
275.0 222.0 
353.0 192.0 
532.0 174.0 
1543.0 129.0 
827.0 158.0 
1222.0 140.0 
298.0 215.0 
334.0 204.0 
722.0 166.0 
294.0 218.0 
752.0 163.0 
531.0 177.0 
983.0 148.0 
613.0 170.0 
717.0 167.0 
752.0 163.0 
613.0 170.0 
613.0 170.0 
373.0 182.0 
1277.0 137.0 
1543.0 129.0 
558.0 173.0 
353.0 192.0 
1223.0 138.0 
898.0 151.0 
1530.0 130.0 
1530.0 130.0 
752.0 163.0 
1092.0 145.0 
1652.0 123.0 
1142.0 141.0 
1683.0 121.0 
1682.0 122.0 
369.0 185.0 
1223.0 138.0 
424.0 181.0 
347.0 198.0 
558.0 173.0 
334.0 204.0 
286.0 220.0 
353.0 192.0 
310.0 208.0 
767.0 159.0 
558.0 173.0 
353.0 192.0 
613.0 170.0 
310.0 208.0 
860.0 157.0 
299.0 213.0 
373.0 182.0 
426.0 180.0 
337.0 199.0 
287.0 219.0 
348.0 197.0 
1362.0 135.0 
752.0 163.0 
347.0 198.0 
294.0 218.0 
299.0 213.0 
1530.0 130.0 
275.0 223.0 
275.0 223.0 
1683.0 122.0 
899.0 151.0 
1246.0 140.0 
613.0 171.0 
562.0 177.0 
725.0 167.0 
441.0 180.0 
1092.0 147.0 
