1747.0 528.0 
1919.0 469.0 
1917.0 470.0 
1870.0 487.0 
1899.0 476.0 
1920.0 465.0 
1925.0 464.0 
1808.0 504.0 
1899.0 476.0 
1870.0 487.0 
1732.0 545.0 
1747.0 528.0 
1899.0 476.0 
1828.0 502.0 
1825.0 503.0 
1899.0 476.0 
1880.0 486.0 
1899.0 476.0 
1756.0 523.0 
1799.0 513.0 
1776.0 520.0 
1785.0 517.0 
1797.0 515.0 
1899.0 476.0 
1844.0 497.0 
1886.0 481.0 
1828.0 502.0 
1904.0 471.0 
1899.0 476.0 
1735.0 531.0 
1865.0 489.0 
1808.0 504.0 
1843.0 500.0 
1776.0 520.0 
1740.0 529.0 
1735.0 531.0 
1922.0 466.0 
1922.0 466.0 
1922.0 466.0 
1921.0 469.0 
1926.0 464.0 
1827.0 503.0 
1827.0 503.0 
1827.0 503.0 
1882.0 487.0 
1882.0 487.0 
1758.0 524.0 
1758.0 524.0 
1765.0 523.0 
1756.0 526.0 
1805.0 517.0 
1847.0 498.0 
1847.0 498.0 
1887.0 482.0 
1887.0 482.0 
1895.0 481.0 
1887.0 482.0 
1906.0 472.0 
1906.0 472.0 
1906.0 472.0 
1904.0 476.0 
1899.0 478.0 
1871.0 489.0 
1871.0 489.0 
1871.0 489.0 
1871.0 489.0 
1866.0 491.0 
1818.0 507.0 
1811.0 510.0 
1811.0 510.0 
1809.0 515.0 
1811.0 510.0 
1818.0 507.0 
1810.0 511.0 
1784.0 521.0 
1784.0 521.0 
1783.0 522.0 
1784.0 521.0 
1743.0 530.0 
1737.0 532.0 
1924.0 469.0 
1737.0 534.0 
1850.0 498.0 
1875.0 489.0 
1785.0 521.0 
1820.0 507.0 
1888.0 483.0 
1890.0 482.0 
1805.0 519.0 
1849.0 502.0 
1744.0 531.0 
1811.0 516.0 
1760.0 529.0 
1832.0 504.0 
1907.0 472.0 
1767.0 526.0 
1868.0 492.0 
1905.0 478.0 
1868.0 492.0 
1906.0 476.0 
