1798.0 486.0 
1870.0 451.0 
1831.0 468.0 
1752.0 495.0 
1753.0 494.0 
1831.0 468.0 
1857.0 464.0 
1798.0 486.0 
1752.0 495.0 
1857.0 464.0 
1854.0 465.0 
1798.0 486.0 
1791.0 491.0 
1810.0 482.0 
1813.0 475.0 
1870.0 451.0 
1837.0 466.0 
1715.0 520.0 
1816.0 473.0 
1752.0 495.0 
1746.0 500.0 
1722.0 503.0 
1752.0 495.0 
1798.0 486.0 
1858.0 456.0 
1794.0 489.0 
1857.0 464.0 
1812.0 478.0 
1810.0 482.0 
1791.0 491.0 
1897.0 445.0 
1718.0 509.0 
1911.0 437.0 
1745.0 501.0 
1883.0 449.0 
1835.0 469.0 
1835.0 469.0 
1832.0 471.0 
1875.0 452.0 
1838.0 466.0 
1716.0 520.0 
1716.0 520.0 
1716.0 520.0 
1827.0 476.0 
1827.0 476.0 
1827.0 476.0 
1828.0 474.0 
1827.0 476.0 
1725.0 507.0 
1725.0 507.0 
1725.0 507.0 
1725.0 507.0 
1755.0 495.0 
1752.0 497.0 
1752.0 497.0 
1752.0 497.0 
1799.0 487.0 
1799.0 487.0 
1800.0 486.0 
1799.0 487.0 
1860.0 457.0 
1794.0 490.0 
1794.0 490.0 
1794.0 490.0 
1794.0 490.0 
1794.0 490.0 
1798.0 489.0 
1794.0 490.0 
1823.0 478.0 
1819.0 480.0 
1819.0 480.0 
1898.0 448.0 
1902.0 445.0 
1719.0 518.0 
1719.0 518.0 
1721.0 510.0 
1911.0 438.0 
1748.0 504.0 
1883.0 450.0 
1718.0 521.0 
1914.0 438.0 
1914.0 438.0 
1761.0 495.0 
1820.0 482.0 
1794.0 492.0 
1877.0 454.0 
1864.0 457.0 
1755.0 500.0 
1859.0 468.0 
1729.0 507.0 
1749.0 505.0 
1860.0 462.0 
1829.0 477.0 
1885.0 450.0 
1722.0 510.0 
1840.0 471.0 
1842.0 469.0 
1804.0 486.0 
1830.0 475.0 
1720.0 518.0 
