1726.0 487.0 
1726.0 487.0 
1726.0 487.0 
1726.0 487.0 
1726.0 487.0 
1726.0 487.0 
1726.0 487.0 
1726.0 487.0 
1870.0 433.0 
1726.0 487.0 
1726.0 487.0 
1726.0 487.0 
1726.0 487.0 
1726.0 487.0 
1726.0 487.0 
1726.0 487.0 
1870.0 433.0 
1886.0 430.0 
1726.0 487.0 
1726.0 487.0 
1726.0 487.0 
1812.0 458.0 
1812.0 458.0 
1726.0 487.0 
1815.0 457.0 
1834.0 441.0 
1726.0 487.0 
1726.0 487.0 
1870.0 433.0 
1726.0 487.0 
1812.0 458.0 
1726.0 487.0 
1726.0 487.0 
1826.0 452.0 
1726.0 487.0 
1726.0 487.0 
1815.0 457.0 
1726.0 487.0 
1747.0 473.0 
1828.0 449.0 
1774.0 469.0 
1870.0 433.0 
1726.0 487.0 
1812.0 458.0 
1726.0 487.0 
1726.0 487.0 
1726.0 487.0 
1857.0 440.0 
1726.0 487.0 
1815.0 457.0 
1726.0 487.0 
1862.0 434.0 
1726.0 487.0 
1815.0 457.0 
1695.0 497.0 
1815.0 457.0 
1726.0 487.0 
1798.0 459.0 
1726.0 487.0 
1782.0 467.0 
1769.0 471.0 
1888.0 430.0 
1888.0 430.0 
1695.0 509.0 
1695.0 509.0 
1750.0 480.0 
1727.0 488.0 
1828.0 450.0 
1784.0 467.0 
1814.0 458.0 
1700.0 500.0 
1863.0 441.0 
1701.0 498.0 
1798.0 460.0 
1701.0 498.0 
1865.0 435.0 
1845.0 445.0 
1767.0 474.0 
1730.0 487.0 
1886.0 431.0 
1811.0 459.0 
1730.0 487.0 
1845.0 445.0 
1767.0 474.0 
1776.0 469.0 
1775.0 473.0 
1835.0 447.0 
1798.0 460.0 
1874.0 433.0 
1870.0 434.0 
1835.0 447.0 
1863.0 441.0 
1874.0 433.0 
1776.0 469.0 
1775.0 473.0 
1888.0 430.0 
1888.0 430.0 
1835.0 447.0 
1835.0 447.0 
1767.0 474.0 
