1307.0 116.0 
692.0 146.0 
692.0 146.0 
1307.0 116.0 
1307.0 116.0 
1638.0 107.0 
880.0 134.0 
299.0 184.0 
405.0 163.0 
771.0 138.0 
330.0 181.0 
880.0 134.0 
318.0 183.0 
880.0 134.0 
405.0 163.0 
299.0 184.0 
405.0 163.0 
330.0 181.0 
1283.0 117.0 
1610.0 108.0 
662.0 147.0 
535.0 153.0 
714.0 144.0 
1178.0 121.0 
367.0 168.0 
1638.0 107.0 
1641.0 104.0 
895.0 131.0 
1610.0 108.0 
619.0 151.0 
430.0 161.0 
1090.0 124.0 
956.0 129.0 
294.0 185.0 
379.0 164.0 
342.0 176.0 
1474.0 111.0 
285.0 199.0 
1090.0 124.0 
1641.0 104.0 
1283.0 117.0 
1019.0 127.0 
342.0 176.0 
725.0 143.0 
379.0 164.0 
484.0 157.0 
976.0 128.0 
459.0 160.0 
1547.0 110.0 
619.0 151.0 
1200.0 120.0 
1390.0 114.0 
473.0 159.0 
285.0 199.0 
367.0 168.0 
645.0 148.0 
637.0 150.0 
379.0 164.0 
804.0 137.0 
325.0 182.0 
1470.0 112.0 
569.0 152.0 
1417.0 113.0 
870.0 135.0 
771.0 138.0 
1646.0 105.0 
1646.0 105.0 
285.0 200.0 
1419.0 114.0 
291.0 199.0 
564.0 153.0 
299.0 187.0 
346.0 177.0 
304.0 184.0 
538.0 155.0 
775.0 138.0 
343.0 179.0 
1012.0 128.0 
644.0 150.0 
484.0 158.0 
1173.0 124.0 
367.0 169.0 
726.0 143.0 
1259.0 121.0 
771.0 139.0 
1313.0 116.0 
878.0 136.0 
1639.0 109.0 
1090.0 125.0 
1178.0 122.0 
1498.0 111.0 
1555.0 110.0 
909.0 133.0 
459.0 161.0 
957.0 129.0 
1067.0 127.0 
380.0 165.0 
367.0 169.0 
1555.0 110.0 
1475.0 112.0 
