929.0 142.0 
1546.0 118.0 
580.0 162.0 
1070.0 135.0 
1221.0 130.0 
580.0 162.0 
482.0 168.0 
580.0 162.0 
1577.0 116.0 
1039.0 136.0 
1546.0 118.0 
1221.0 130.0 
325.0 214.0 
447.0 179.0 
1221.0 130.0 
797.0 151.0 
1221.0 130.0 
821.0 146.0 
801.0 148.0 
1552.0 117.0 
1070.0 135.0 
1442.0 122.0 
580.0 162.0 
1790.0 108.0 
929.0 142.0 
637.0 159.0 
904.0 144.0 
1039.0 136.0 
466.0 176.0 
475.0 169.0 
821.0 146.0 
1039.0 136.0 
1763.0 110.0 
482.0 168.0 
466.0 176.0 
1033.0 137.0 
472.0 173.0 
1039.0 136.0 
353.0 200.0 
1091.0 133.0 
907.0 143.0 
797.0 151.0 
413.0 185.0 
1033.0 137.0 
1363.0 125.0 
723.0 152.0 
930.0 140.0 
692.0 154.0 
1447.0 121.0 
1577.0 116.0 
351.0 201.0 
564.0 166.0 
1162.0 132.0 
1091.0 133.0 
424.0 184.0 
325.0 214.0 
907.0 143.0 
462.0 177.0 
475.0 169.0 
349.0 209.0 
1709.0 112.0 
1546.0 118.0 
1039.0 136.0 
797.0 151.0 
564.0 166.0 
1442.0 122.0 
696.0 153.0 
351.0 201.0 
985.0 139.0 
348.0 211.0 
686.0 157.0 
368.0 188.0 
1251.0 128.0 
472.0 173.0 
821.0 146.0 
462.0 177.0 
325.0 214.0 
1790.0 108.0 
537.0 167.0 
1304.0 126.0 
1492.0 120.0 
1628.0 115.0 
1221.0 130.0 
325.0 215.0 
1790.0 109.0 
1790.0 109.0 
465.0 178.0 
1166.0 132.0 
369.0 194.0 
565.0 167.0 
355.0 207.0 
1041.0 137.0 
1444.0 123.0 
693.0 156.0 
1690.0 115.0 
637.0 165.0 
1710.0 113.0 
638.0 159.0 
1577.0 117.0 
1305.0 126.0 
