299.0 233.0 
1939.0 105.0 
299.0 233.0 
379.0 188.0 
537.0 167.0 
854.0 149.0 
306.0 223.0 
1816.0 112.0 
1315.0 129.0 
389.0 184.0 
1769.0 113.0 
652.0 162.0 
1456.0 123.0 
1235.0 133.0 
1455.0 124.0 
327.0 218.0 
329.0 214.0 
310.0 220.0 
1682.0 117.0 
1647.0 118.0 
1682.0 117.0 
1315.0 129.0 
310.0 220.0 
327.0 218.0 
1647.0 118.0 
329.0 214.0 
299.0 233.0 
1647.0 118.0 
1682.0 117.0 
310.0 220.0 
327.0 218.0 
1266.0 130.0 
537.0 167.0 
389.0 184.0 
854.0 149.0 
931.0 144.0 
1366.0 128.0 
393.0 180.0 
1078.0 138.0 
537.0 167.0 
1456.0 123.0 
1015.0 139.0 
389.0 184.0 
646.0 163.0 
379.0 188.0 
454.0 172.0 
854.0 149.0 
327.0 218.0 
1693.0 114.0 
385.0 187.0 
1366.0 128.0 
299.0 233.0 
1155.0 136.0 
389.0 184.0 
1315.0 129.0 
537.0 167.0 
1896.0 106.0 
299.0 233.0 
1406.0 126.0 
1437.0 125.0 
1478.0 120.0 
327.0 218.0 
1569.0 119.0 
1185.0 135.0 
537.0 167.0 
907.0 148.0 
1204.0 134.0 
1155.0 136.0 
956.0 143.0 
691.0 154.0 
1684.0 116.0 
1007.0 142.0 
646.0 163.0 
1078.0 138.0 
1478.0 120.0 
1406.0 126.0 
333.0 193.0 
598.0 165.0 
670.0 158.0 
1315.0 129.0 
828.0 152.0 
1138.0 137.0 
1398.0 127.0 
1896.0 106.0 
309.0 221.0 
1246.0 131.0 
1884.0 108.0 
299.0 234.0 
1911.0 106.0 
1378.0 131.0 
1572.0 120.0 
998.0 143.0 
329.0 219.0 
836.0 155.0 
541.0 168.0 
385.0 188.0 
394.0 180.0 
648.0 163.0 
1693.0 115.0 
320.0 228.0 
