599.0 157.0 
323.0 187.0 
796.0 137.0 
599.0 157.0 
796.0 137.0 
599.0 157.0 
323.0 187.0 
796.0 137.0 
796.0 137.0 
1043.0 126.0 
397.0 162.0 
1525.0 108.0 
397.0 162.0 
796.0 137.0 
1659.0 104.0 
599.0 157.0 
796.0 137.0 
796.0 137.0 
299.0 188.0 
618.0 153.0 
400.0 161.0 
299.0 188.0 
397.0 162.0 
1189.0 120.0 
324.0 183.0 
1391.0 113.0 
510.0 159.0 
400.0 161.0 
323.0 187.0 
501.0 160.0 
1659.0 104.0 
796.0 137.0 
329.0 173.0 
599.0 157.0 
1710.0 100.0 
960.0 129.0 
299.0 188.0 
1043.0 126.0 
1004.0 127.0 
645.0 148.0 
1625.0 105.0 
840.0 134.0 
1525.0 108.0 
323.0 187.0 
960.0 129.0 
1279.0 118.0 
1305.0 116.0 
400.0 161.0 
1414.0 112.0 
637.0 149.0 
335.0 169.0 
1004.0 127.0 
329.0 173.0 
796.0 137.0 
744.0 140.0 
1414.0 112.0 
335.0 169.0 
920.0 131.0 
1004.0 127.0 
618.0 153.0 
397.0 162.0 
1090.0 123.0 
960.0 129.0 
299.0 188.0 
599.0 157.0 
1189.0 120.0 
400.0 161.0 
397.0 162.0 
637.0 149.0 
796.0 137.0 
1414.0 112.0 
501.0 160.0 
1279.0 118.0 
618.0 153.0 
323.0 187.0 
791.0 138.0 
599.0 157.0 
400.0 161.0 
732.0 142.0 
331.0 170.0 
863.0 132.0 
1189.0 120.0 
1309.0 115.0 
599.0 157.0 
272.0 204.0 
299.0 188.0 
1518.0 110.0 
1043.0 126.0 
1197.0 119.0 
670.0 146.0 
1714.0 100.0 
1714.0 100.0 
273.0 214.0 
299.0 189.0 
401.0 163.0 
1197.0 120.0 
571.0 160.0 
335.0 170.0 
1044.0 126.0 
1424.0 114.0 
