2011.0 489.0 
2095.0 484.0 
1764.0 541.0 
2035.0 488.0 
1982.0 493.0 
1827.0 529.0 
2091.0 486.0 
1821.0 533.0 
2062.0 487.0 
2011.0 489.0 
1857.0 521.0 
2091.0 486.0 
1971.0 496.0 
1825.0 532.0 
1827.0 529.0 
1827.0 529.0 
1927.0 505.0 
1729.0 577.0 
1843.0 523.0 
1973.0 495.0 
2094.0 485.0 
1738.0 568.0 
1971.0 496.0 
2011.0 489.0 
1928.0 504.0 
1821.0 533.0 
1971.0 496.0 
1994.0 492.0 
1969.0 503.0 
1877.0 507.0 
2011.0 489.0 
2011.0 489.0 
1872.0 509.0 
1770.0 542.0 
2055.0 488.0 
1859.0 521.0 
1859.0 521.0 
1859.0 521.0 
2093.0 487.0 
1827.0 531.0 
1837.0 529.0 
1837.0 529.0 
1735.0 579.0 
1851.0 523.0 
1847.0 525.0 
2094.0 486.0 
1741.0 570.0 
1741.0 570.0 
1931.0 506.0 
1822.0 533.0 
1822.0 533.0 
1822.0 533.0 
1973.0 497.0 
1973.0 497.0 
1973.0 497.0 
1992.0 496.0 
1994.0 493.0 
1890.0 507.0 
2024.0 489.0 
2023.0 492.0 
1886.0 509.0 
1876.0 518.0 
1884.0 511.0 
1772.0 544.0 
1772.0 544.0 
1781.0 542.0 
2089.0 488.0 
2089.0 488.0 
1861.0 521.0 
1860.0 522.0 
1829.0 531.0 
1857.0 524.0 
1849.0 530.0 
1849.0 530.0 
2097.0 486.0 
2094.0 487.0 
2094.0 487.0 
1742.0 570.0 
1742.0 570.0 
1955.0 506.0 
1825.0 534.0 
1825.0 534.0 
1980.0 497.0 
1979.0 501.0 
1998.0 494.0 
2016.0 493.0 
1998.0 494.0 
1994.0 495.0 
1994.0 495.0 
1902.0 508.0 
1902.0 508.0 
2029.0 490.0 
2065.0 489.0 
2028.0 492.0 
2028.0 492.0 
1893.0 509.0 
1890.0 511.0 
1890.0 511.0 
1890.0 511.0 
2098.0 486.0 
