216.0 62.0 
142.0 64.0 
128.0 87.0 
121.0 99.0 
131.0 78.0 
125.0 96.0 
216.0 62.0 
138.0 73.0 
137.0 74.0 
145.0 70.0 
157.0 66.0 
131.0 85.0 
136.0 79.0 
135.0 81.0 
127.0 105.0 
140.0 78.0 
149.0 72.0 
149.0 72.0 
150.0 70.0 
149.0 72.0 
148.0 77.0 
150.0 70.0 
149.0 72.0 
158.0 67.0 
139.0 80.0 
135.0 102.0 
134.0 108.0 
134.0 108.0 
134.0 108.0 
152.0 70.0 
164.0 68.0 
173.0 67.0 
142.0 86.0 
144.0 85.0 
140.0 103.0 
138.0 105.0 
137.0 108.0 
135.0 135.0 
154.0 74.0 
157.0 70.0 
154.0 74.0 
165.0 69.0 
254.0 68.0 
142.0 102.0 
142.0 102.0 
150.0 85.0 
144.0 97.0 
145.0 87.0 
141.0 105.0 
137.0 110.0 
163.0 71.0 
164.0 70.0 
158.0 82.0 
182.0 69.0 
182.0 69.0 
151.0 86.0 
145.0 88.0 
142.0 105.0 
137.0 133.0 
167.0 75.0 
167.0 75.0 
173.0 71.0 
170.0 74.0 
161.0 83.0 
241.0 69.0 
152.0 87.0 
152.0 87.0 
147.0 89.0 
144.0 129.0 
144.0 129.0 
146.0 122.0 
178.0 71.0 
174.0 73.0 
171.0 76.0 
170.0 81.0 
163.0 83.0 
161.0 85.0 
153.0 88.0 
148.0 90.0 
148.0 90.0 
148.0 90.0 
147.0 96.0 
148.0 90.0 
149.0 89.0 
144.0 131.0 
145.0 130.0 
188.0 71.0 
178.0 72.0 
175.0 76.0 
171.0 77.0 
170.0 82.0 
168.0 83.0 
164.0 84.0 
156.0 88.0 
156.0 88.0 
156.0 88.0 
148.0 103.0 
149.0 90.0 
205.0 71.0 
149.0 91.0 
