58.0 27.0 
51.0 32.0 
36.0 37.0 
33.0 72.0 
51.0 32.0 
66.0 30.0 
46.0 39.0 
36.0 46.0 
50.0 38.0 
44.0 41.0 
38.0 44.0 
53.0 35.0 
61.0 33.0 
53.0 35.0 
53.0 35.0 
53.0 35.0 
53.0 35.0 
53.0 35.0 
53.0 35.0 
53.0 35.0 
52.0 36.0 
86.0 31.0 
68.0 32.0 
86.0 31.0 
36.0 60.0 
36.0 60.0 
51.0 42.0 
48.0 45.0 
50.0 44.0 
47.0 46.0 
38.0 57.0 
40.0 48.0 
67.0 33.0 
59.0 35.0 
59.0 35.0 
54.0 37.0 
54.0 37.0 
54.0 37.0 
57.0 36.0 
54.0 37.0 
53.0 39.0 
36.0 61.0 
52.0 42.0 
52.0 42.0 
49.0 45.0 
49.0 45.0 
41.0 48.0 
71.0 34.0 
58.0 36.0 
55.0 38.0 
57.0 37.0 
38.0 62.0 
37.0 69.0 
36.0 73.0 
54.0 44.0 
52.0 45.0 
43.0 49.0 
47.0 48.0 
41.0 51.0 
82.0 34.0 
60.0 36.0 
56.0 40.0 
58.0 37.0 
58.0 37.0 
57.0 38.0 
58.0 37.0 
36.0 109.0 
54.0 45.0 
52.0 47.0 
46.0 49.0 
45.0 50.0 
51.0 48.0 
41.0 59.0 
43.0 51.0 
41.0 59.0 
43.0 51.0 
100.0 34.0 
61.0 36.0 
57.0 39.0 
58.0 38.0 
36.0 111.0 
56.0 47.0 
47.0 50.0 
41.0 60.0 
43.0 53.0 
46.0 52.0 
69.0 36.0 
66.0 37.0 
57.0 46.0 
57.0 46.0 
58.0 40.0 
58.0 40.0 
61.0 38.0 
60.0 39.0 
40.0 112.0 
40.0 112.0 
67.0 37.0 
67.0 37.0 
41.0 67.0 
44.0 53.0 
