1723.0 80.0 
277.0 204.0 
1723.0 80.0 
289.0 184.0 
1642.0 84.0 
1331.0 93.0 
857.0 115.0 
730.0 121.0 
1547.0 85.0 
1086.0 102.0 
336.0 166.0 
1682.0 81.0 
634.0 131.0 
1440.0 92.0 
351.0 158.0 
324.0 175.0 
328.0 167.0 
797.0 118.0 
1008.0 105.0 
797.0 118.0 
1169.0 101.0 
1264.0 98.0 
917.0 110.0 
680.0 126.0 
1075.0 104.0 
1318.0 96.0 
1493.0 90.0 
442.0 147.0 
325.0 174.0 
1261.0 99.0 
600.0 135.0 
536.0 137.0 
974.0 109.0 
890.0 113.0 
666.0 129.0 
1534.0 87.0 
1441.0 91.0 
1210.0 100.0 
351.0 158.0 
373.0 154.0 
1210.0 100.0 
1169.0 101.0 
1493.0 90.0 
531.0 138.0 
890.0 113.0 
1534.0 87.0 
324.0 175.0 
985.0 108.0 
373.0 154.0 
509.0 139.0 
721.0 124.0 
479.0 142.0 
711.0 125.0 
603.0 134.0 
412.0 149.0 
412.0 149.0 
917.0 110.0 
509.0 139.0 
482.0 141.0 
603.0 134.0 
666.0 129.0 
1318.0 96.0 
1008.0 105.0 
985.0 108.0 
394.0 150.0 
462.0 143.0 
536.0 137.0 
482.0 141.0 
600.0 135.0 
449.0 145.0 
385.0 152.0 
385.0 152.0 
462.0 143.0 
974.0 109.0 
1075.0 104.0 
451.0 144.0 
711.0 125.0 
721.0 124.0 
394.0 150.0 
386.0 151.0 
449.0 145.0 
325.0 174.0 
451.0 144.0 
1441.0 91.0 
386.0 151.0 
1440.0 92.0 
1723.0 80.0 
1075.0 104.0 
351.0 158.0 
1210.0 100.0 
412.0 149.0 
449.0 145.0 
1534.0 87.0 
373.0 154.0 
509.0 139.0 
666.0 129.0 
1169.0 101.0 
1008.0 105.0 
985.0 108.0 
462.0 143.0 
