76.0 44.0 
87.0 40.0 
54.0 55.0 
103.0 39.0 
80.0 41.0 
58.0 48.0 
95.0 40.0 
95.0 40.0 
56.0 67.0 
87.0 42.0 
88.0 41.0 
71.0 54.0 
59.0 59.0 
99.0 40.0 
87.0 44.0 
89.0 41.0 
74.0 54.0 
60.0 61.0 
106.0 40.0 
87.0 53.0 
88.0 47.0 
88.0 47.0 
103.0 42.0 
95.0 45.0 
94.0 46.0 
78.0 55.0 
85.0 54.0 
66.0 64.0 
72.0 61.0 
89.0 52.0 
92.0 51.0 
114.0 42.0 
106.0 45.0 
106.0 45.0 
106.0 45.0 
96.0 47.0 
96.0 47.0 
103.0 46.0 
79.0 60.0 
84.0 59.0 
67.0 64.0 
75.0 63.0 
90.0 53.0 
89.0 58.0 
123.0 42.0 
116.0 43.0 
97.0 47.0 
106.0 46.0 
80.0 61.0 
80.0 61.0 
84.0 60.0 
74.0 85.0 
79.0 65.0 
77.0 68.0 
93.0 53.0 
91.0 59.0 
119.0 43.0 
119.0 43.0 
100.0 47.0 
81.0 61.0 
87.0 60.0 
74.0 87.0 
77.0 76.0 
77.0 76.0 
94.0 53.0 
106.0 47.0 
100.0 51.0 
106.0 47.0 
83.0 62.0 
82.0 66.0 
83.0 62.0 
82.0 66.0 
91.0 61.0 
75.0 94.0 
77.0 85.0 
80.0 78.0 
78.0 79.0 
94.0 54.0 
94.0 54.0 
95.0 53.0 
104.0 51.0 
107.0 48.0 
86.0 64.0 
83.0 69.0 
83.0 69.0 
83.0 69.0 
81.0 97.0 
100.0 54.0 
98.0 59.0 
107.0 49.0 
109.0 48.0 
87.0 67.0 
87.0 67.0 
94.0 65.0 
87.0 67.0 
83.0 76.0 
109.0 49.0 
109.0 49.0 
83.0 79.0 
88.0 67.0 
