37.0 9.0 
40.0 11.0 
37.0 16.0 
47.0 12.0 
50.0 11.0 
50.0 11.0 
44.0 13.0 
37.0 24.0 
40.0 23.0 
52.0 12.0 
45.0 13.0 
44.0 14.0 
44.0 14.0 
44.0 14.0 
44.0 14.0 
45.0 13.0 
44.0 14.0 
53.0 12.0 
53.0 12.0 
53.0 12.0 
48.0 13.0 
48.0 13.0 
45.0 14.0 
44.0 15.0 
50.0 13.0 
48.0 14.0 
44.0 17.0 
44.0 17.0 
44.0 17.0 
44.0 17.0 
47.0 15.0 
45.0 16.0 
45.0 16.0 
51.0 13.0 
50.0 14.0 
45.0 17.0 
48.0 16.0 
48.0 16.0 
48.0 16.0 
51.0 14.0 
50.0 15.0 
51.0 14.0 
45.0 18.0 
47.0 17.0 
49.0 16.0 
49.0 16.0 
49.0 16.0 
49.0 16.0 
49.0 16.0 
51.0 15.0 
52.0 14.0 
45.0 19.0 
46.0 18.0 
48.0 17.0 
50.0 16.0 
50.0 16.0 
54.0 14.0 
45.0 22.0 
46.0 19.0 
46.0 19.0 
48.0 18.0 
49.0 17.0 
49.0 17.0 
49.0 17.0 
49.0 17.0 
51.0 16.0 
55.0 14.0 
55.0 14.0 
55.0 14.0 
46.0 21.0 
46.0 21.0 
46.0 21.0 
48.0 19.0 
48.0 19.0 
48.0 19.0 
50.0 17.0 
50.0 17.0 
54.0 16.0 
55.0 15.0 
58.0 14.0 
47.0 27.0 
48.0 20.0 
51.0 17.0 
57.0 15.0 
56.0 16.0 
56.0 16.0 
49.0 27.0 
50.0 20.0 
50.0 20.0 
48.0 30.0 
51.0 18.0 
51.0 18.0 
51.0 18.0 
52.0 17.0 
60.0 15.0 
60.0 15.0 
50.0 38.0 
51.0 19.0 
56.0 17.0 
52.0 18.0 
