77.0 53.0 
76.0 69.0 
92.0 43.0 
91.0 54.0 
91.0 54.0 
91.0 54.0 
79.0 61.0 
88.0 56.0 
91.0 54.0 
99.0 47.0 
92.0 53.0 
99.0 47.0 
106.0 45.0 
82.0 65.0 
79.0 84.0 
91.0 59.0 
95.0 54.0 
95.0 54.0 
95.0 54.0 
94.0 58.0 
101.0 47.0 
100.0 50.0 
101.0 47.0 
100.0 50.0 
85.0 66.0 
82.0 71.0 
87.0 65.0 
91.0 60.0 
97.0 56.0 
94.0 59.0 
94.0 59.0 
106.0 48.0 
101.0 50.0 
85.0 67.0 
82.0 78.0 
82.0 78.0 
89.0 65.0 
88.0 66.0 
89.0 65.0 
98.0 58.0 
99.0 57.0 
98.0 58.0 
95.0 60.0 
96.0 59.0 
133.0 48.0 
133.0 48.0 
133.0 48.0 
101.0 51.0 
101.0 51.0 
102.0 50.0 
85.0 68.0 
86.0 67.0 
83.0 79.0 
82.0 85.0 
82.0 85.0 
89.0 66.0 
100.0 58.0 
95.0 63.0 
95.0 63.0 
96.0 61.0 
134.0 49.0 
102.0 56.0 
106.0 52.0 
106.0 52.0 
102.0 56.0 
107.0 50.0 
85.0 69.0 
85.0 69.0 
85.0 69.0 
87.0 67.0 
87.0 67.0 
86.0 68.0 
87.0 67.0 
83.0 80.0 
83.0 80.0 
83.0 80.0 
83.0 80.0 
91.0 66.0 
101.0 59.0 
101.0 59.0 
101.0 59.0 
98.0 61.0 
96.0 64.0 
105.0 56.0 
112.0 51.0 
107.0 53.0 
109.0 52.0 
107.0 53.0 
83.0 82.0 
83.0 82.0 
113.0 51.0 
85.0 70.0 
97.0 65.0 
110.0 55.0 
106.0 56.0 
90.0 67.0 
88.0 69.0 
103.0 59.0 
99.0 63.0 
102.0 60.0 
