69.0 25.0 
63.0 27.0 
69.0 25.0 
63.0 27.0 
87.0 24.0 
68.0 26.0 
69.0 25.0 
64.0 27.0 
64.0 27.0 
64.0 27.0 
64.0 27.0 
64.0 27.0 
64.0 27.0 
63.0 28.0 
64.0 27.0 
64.0 27.0 
64.0 27.0 
64.0 27.0 
64.0 27.0 
64.0 27.0 
64.0 27.0 
64.0 27.0 
64.0 27.0 
64.0 27.0 
64.0 27.0 
64.0 27.0 
63.0 28.0 
64.0 27.0 
64.0 27.0 
64.0 27.0 
64.0 27.0 
64.0 27.0 
64.0 27.0 
64.0 27.0 
64.0 27.0 
64.0 27.0 
63.0 28.0 
64.0 27.0 
64.0 27.0 
64.0 27.0 
64.0 27.0 
64.0 27.0 
64.0 27.0 
64.0 27.0 
64.0 27.0 
64.0 27.0 
64.0 27.0 
64.0 27.0 
64.0 27.0 
64.0 27.0 
64.0 27.0 
64.0 27.0 
64.0 27.0 
64.0 27.0 
64.0 27.0 
64.0 27.0 
88.0 24.0 
69.0 26.0 
70.0 25.0 
69.0 26.0 
70.0 25.0 
70.0 25.0 
70.0 25.0 
69.0 26.0 
70.0 25.0 
70.0 25.0 
69.0 26.0 
70.0 25.0 
70.0 25.0 
70.0 25.0 
69.0 26.0 
70.0 25.0 
69.0 26.0 
69.0 26.0 
70.0 25.0 
70.0 25.0 
70.0 25.0 
70.0 25.0 
70.0 25.0 
70.0 25.0 
69.0 26.0 
70.0 25.0 
70.0 25.0 
70.0 25.0 
70.0 25.0 
70.0 25.0 
64.0 28.0 
64.0 28.0 
88.0 25.0 
88.0 25.0 
70.0 26.0 
69.0 27.0 
70.0 26.0 
64.0 28.0 
64.0 28.0 
64.0 28.0 
64.0 28.0 
64.0 28.0 
64.0 28.0 
64.0 28.0 
