284.0 119.0 
275.0 131.0 
321.0 120.0 
286.0 127.0 
303.0 123.0 
282.0 139.0 
284.0 131.0 
275.0 176.0 
280.0 145.0 
279.0 156.0 
326.0 121.0 
292.0 128.0 
292.0 128.0 
295.0 127.0 
308.0 125.0 
290.0 139.0 
290.0 139.0 
275.0 181.0 
281.0 151.0 
326.0 122.0 
292.0 138.0 
292.0 138.0 
292.0 138.0 
294.0 132.0 
297.0 131.0 
297.0 131.0 
315.0 129.0 
289.0 178.0 
291.0 160.0 
328.0 124.0 
296.0 136.0 
300.0 133.0 
304.0 131.0 
331.0 125.0 
331.0 125.0 
298.0 161.0 
298.0 161.0 
303.0 138.0 
302.0 143.0 
321.0 132.0 
309.0 133.0 
309.0 133.0 
309.0 133.0 
304.0 137.0 
332.0 126.0 
299.0 164.0 
302.0 159.0 
324.0 132.0 
313.0 133.0 
304.0 139.0 
333.0 130.0 
302.0 168.0 
329.0 134.0 
315.0 136.0 
306.0 139.0 
335.0 130.0 
335.0 130.0 
335.0 130.0 
303.0 176.0 
303.0 176.0 
330.0 135.0 
332.0 134.0 
332.0 134.0 
332.0 134.0 
318.0 136.0 
310.0 139.0 
308.0 142.0 
306.0 174.0 
339.0 132.0 
335.0 134.0 
335.0 134.0 
335.0 134.0 
335.0 134.0 
323.0 137.0 
313.0 140.0 
311.0 141.0 
308.0 145.0 
308.0 145.0 
406.0 132.0 
350.0 133.0 
337.0 134.0 
337.0 134.0 
337.0 134.0 
337.0 134.0 
337.0 134.0 
334.0 137.0 
312.0 142.0 
312.0 142.0 
309.0 147.0 
308.0 157.0 
415.0 133.0 
309.0 158.0 
309.0 158.0 
340.0 134.0 
310.0 148.0 
314.0 143.0 
331.0 142.0 
337.0 135.0 
334.0 140.0 
334.0 140.0 
