80.0 42.0 
80.0 42.0 
77.0 47.0 
80.0 42.0 
80.0 42.0 
80.0 42.0 
80.0 42.0 
80.0 42.0 
80.0 42.0 
80.0 42.0 
96.0 38.0 
80.0 42.0 
79.0 114.0 
97.0 39.0 
97.0 39.0 
81.0 48.0 
88.0 42.0 
88.0 42.0 
87.0 46.0 
79.0 124.0 
101.0 40.0 
82.0 53.0 
84.0 50.0 
88.0 44.0 
106.0 42.0 
82.0 116.0 
82.0 116.0 
86.0 53.0 
90.0 45.0 
90.0 45.0 
106.0 43.0 
106.0 43.0 
106.0 43.0 
129.0 42.0 
85.0 126.0 
86.0 58.0 
87.0 54.0 
93.0 46.0 
93.0 46.0 
106.0 44.0 
106.0 44.0 
161.0 42.0 
86.0 59.0 
89.0 55.0 
89.0 55.0 
89.0 55.0 
89.0 55.0 
99.0 46.0 
93.0 48.0 
108.0 44.0 
108.0 44.0 
176.0 42.0 
170.0 43.0 
90.0 56.0 
89.0 113.0 
104.0 46.0 
95.0 49.0 
99.0 48.0 
111.0 44.0 
91.0 56.0 
110.0 47.0 
99.0 50.0 
101.0 48.0 
116.0 46.0 
117.0 45.0 
157.0 44.0 
92.0 67.0 
96.0 64.0 
115.0 47.0 
100.0 53.0 
100.0 53.0 
106.0 48.0 
117.0 46.0 
157.0 45.0 
168.0 44.0 
92.0 100.0 
97.0 65.0 
102.0 53.0 
109.0 48.0 
107.0 49.0 
149.0 47.0 
162.0 46.0 
185.0 44.0 
169.0 45.0 
185.0 44.0 
93.0 118.0 
96.0 112.0 
98.0 102.0 
99.0 72.0 
99.0 72.0 
106.0 62.0 
103.0 69.0 
103.0 69.0 
103.0 69.0 
113.0 48.0 
110.0 49.0 
107.0 52.0 
187.0 44.0 
96.0 135.0 
97.0 116.0 
