79.0 34.0 
73.0 38.0 
86.0 33.0 
89.0 31.0 
76.0 38.0 
87.0 37.0 
93.0 34.0 
77.0 47.0 
76.0 55.0 
80.0 42.0 
80.0 42.0 
80.0 42.0 
80.0 42.0 
80.0 42.0 
80.0 42.0 
80.0 42.0 
80.0 42.0 
80.0 42.0 
80.0 42.0 
80.0 42.0 
80.0 42.0 
80.0 42.0 
80.0 42.0 
80.0 42.0 
80.0 42.0 
80.0 42.0 
80.0 42.0 
80.0 42.0 
80.0 42.0 
80.0 42.0 
80.0 42.0 
80.0 42.0 
80.0 42.0 
80.0 42.0 
80.0 42.0 
80.0 42.0 
80.0 42.0 
85.0 38.0 
80.0 42.0 
80.0 42.0 
80.0 42.0 
80.0 42.0 
80.0 42.0 
80.0 42.0 
79.0 43.0 
80.0 42.0 
80.0 42.0 
80.0 42.0 
80.0 42.0 
80.0 42.0 
80.0 42.0 
77.0 47.0 
80.0 42.0 
80.0 42.0 
83.0 41.0 
76.0 111.0 
76.0 111.0 
89.0 39.0 
91.0 38.0 
87.0 40.0 
89.0 39.0 
91.0 38.0 
79.0 48.0 
79.0 48.0 
78.0 105.0 
80.0 43.0 
84.0 42.0 
96.0 38.0 
92.0 39.0 
92.0 39.0 
78.0 124.0 
79.0 113.0 
80.0 44.0 
81.0 43.0 
88.0 42.0 
88.0 42.0 
88.0 42.0 
88.0 42.0 
97.0 38.0 
92.0 41.0 
93.0 39.0 
92.0 41.0 
79.0 114.0 
80.0 49.0 
80.0 49.0 
81.0 48.0 
82.0 43.0 
90.0 42.0 
96.0 39.0 
79.0 121.0 
83.0 45.0 
84.0 44.0 
84.0 44.0 
83.0 45.0 
82.0 48.0 
87.0 43.0 
94.0 42.0 
97.0 39.0 
97.0 39.0 
79.0 124.0 
