438.0 257.0 
439.0 256.0 
511.0 228.0 
439.0 256.0 
1676.0 160.0 
1328.0 167.0 
954.0 189.0 
1770.0 154.0 
382.0 282.0 
377.0 288.0 
1704.0 159.0 
950.0 192.0 
511.0 228.0 
1328.0 167.0 
954.0 189.0 
681.0 207.0 
388.0 281.0 
467.0 252.0 
1328.0 167.0 
1647.0 161.0 
525.0 226.0 
1705.0 158.0 
388.0 281.0 
940.0 193.0 
526.0 223.0 
541.0 216.0 
488.0 251.0 
415.0 259.0 
467.0 252.0 
377.0 288.0 
1326.0 168.0 
611.0 209.0 
1529.0 162.0 
607.0 211.0 
492.0 240.0 
1437.0 163.0 
575.0 212.0 
1079.0 180.0 
404.0 263.0 
547.0 215.0 
1856.0 151.0 
1772.0 152.0 
816.0 194.0 
439.0 258.0 
439.0 258.0 
1771.0 154.0 
515.0 235.0 
518.0 230.0 
513.0 239.0 
956.0 189.0 
687.0 207.0 
1725.0 160.0 
1725.0 160.0 
398.0 286.0 
945.0 193.0 
531.0 227.0 
531.0 227.0 
383.0 293.0 
1329.0 168.0 
611.0 210.0 
669.0 209.0 
1637.0 162.0 
493.0 242.0 
493.0 242.0 
492.0 243.0 
1527.0 164.0 
577.0 212.0 
1280.0 180.0 
1098.0 184.0 
1113.0 182.0 
1098.0 184.0 
1268.0 181.0 
1091.0 187.0 
407.0 272.0 
409.0 265.0 
404.0 283.0 
556.0 218.0 
549.0 222.0 
549.0 222.0 
1859.0 151.0 
1859.0 151.0 
1859.0 151.0 
1859.0 151.0 
1853.0 153.0 
817.0 202.0 
817.0 202.0 
917.0 194.0 
824.0 199.0 
917.0 194.0 
817.0 202.0 
839.0 196.0 
817.0 202.0 
411.0 270.0 
1859.0 152.0 
1859.0 152.0 
1440.0 177.0 
1325.0 180.0 
1533.0 164.0 
412.0 267.0 
670.0 209.0 
