75.0 47.0 
75.0 47.0 
60.0 58.0 
79.0 44.0 
75.0 48.0 
61.0 60.0 
81.0 45.0 
88.0 44.0 
75.0 50.0 
62.0 65.0 
72.0 61.0 
81.0 47.0 
81.0 47.0 
91.0 44.0 
89.0 45.0 
64.0 67.0 
62.0 73.0 
74.0 63.0 
80.0 61.0 
88.0 48.0 
82.0 49.0 
96.0 44.0 
96.0 44.0 
90.0 46.0 
69.0 67.0 
69.0 67.0 
69.0 67.0 
64.0 69.0 
63.0 74.0 
63.0 74.0 
78.0 64.0 
76.0 66.0 
81.0 62.0 
81.0 62.0 
83.0 49.0 
96.0 45.0 
96.0 45.0 
70.0 68.0 
70.0 68.0 
65.0 72.0 
65.0 72.0 
63.0 76.0 
80.0 64.0 
79.0 66.0 
79.0 66.0 
83.0 57.0 
89.0 53.0 
84.0 55.0 
86.0 54.0 
90.0 49.0 
96.0 46.0 
70.0 70.0 
72.0 68.0 
66.0 75.0 
66.0 75.0 
63.0 86.0 
65.0 78.0 
63.0 86.0 
84.0 63.0 
86.0 55.0 
90.0 54.0 
91.0 51.0 
90.0 54.0 
93.0 49.0 
106.0 46.0 
71.0 71.0 
71.0 71.0 
72.0 70.0 
68.0 79.0 
68.0 79.0 
65.0 86.0 
64.0 87.0 
84.0 69.0 
85.0 64.0 
87.0 60.0 
87.0 60.0 
87.0 60.0 
88.0 59.0 
87.0 60.0 
89.0 57.0 
95.0 50.0 
94.0 56.0 
94.0 56.0 
113.0 47.0 
65.0 95.0 
123.0 48.0 
71.0 74.0 
66.0 88.0 
100.0 50.0 
77.0 70.0 
85.0 68.0 
95.0 52.0 
86.0 65.0 
90.0 58.0 
90.0 58.0 
87.0 61.0 
96.0 51.0 
87.0 61.0 
87.0 61.0 
87.0 61.0 
