272.0 118.0 
244.0 119.0 
291.0 114.0 
272.0 118.0 
291.0 114.0 
246.0 123.0 
279.0 121.0 
303.0 115.0 
254.0 141.0 
280.0 121.0 
318.0 120.0 
285.0 148.0 
310.0 126.0 
289.0 129.0 
318.0 123.0 
288.0 174.0 
315.0 128.0 
296.0 142.0 
303.0 140.0 
314.0 129.0 
292.0 146.0 
316.0 144.0 
316.0 144.0 
335.0 133.0 
326.0 143.0 
326.0 143.0 
334.0 140.0 
337.0 132.0 
355.0 131.0 
295.0 155.0 
301.0 147.0 
311.0 146.0 
297.0 151.0 
342.0 139.0 
343.0 133.0 
338.0 145.0 
295.0 178.0 
304.0 148.0 
304.0 148.0 
332.0 146.0 
297.0 161.0 
299.0 159.0 
303.0 154.0 
299.0 159.0 
344.0 137.0 
359.0 134.0 
359.0 134.0 
438.0 133.0 
312.0 150.0 
305.0 151.0 
332.0 149.0 
297.0 162.0 
300.0 160.0 
344.0 147.0 
347.0 138.0 
360.0 134.0 
305.0 158.0 
307.0 154.0 
313.0 151.0 
307.0 154.0 
308.0 153.0 
340.0 149.0 
302.0 166.0 
346.0 147.0 
349.0 144.0 
360.0 141.0 
366.0 140.0 
366.0 140.0 
450.0 138.0 
320.0 151.0 
316.0 152.0 
308.0 154.0 
308.0 154.0 
302.0 167.0 
347.0 147.0 
358.0 146.0 
362.0 143.0 
379.0 142.0 
379.0 142.0 
501.0 141.0 
340.0 152.0 
323.0 154.0 
311.0 165.0 
323.0 154.0 
315.0 156.0 
304.0 170.0 
310.0 167.0 
304.0 170.0 
304.0 170.0 
443.0 142.0 
304.0 180.0 
380.0 143.0 
315.0 165.0 
317.0 156.0 
361.0 147.0 
305.0 172.0 
372.0 145.0 
351.0 150.0 
308.0 170.0 
327.0 155.0 
