1734.0 588.0 
1872.0 523.0 
1885.0 513.0 
1734.0 588.0 
1814.0 559.0 
1872.0 523.0 
1827.0 554.0 
1738.0 580.0 
1885.0 513.0 
1738.0 580.0 
1885.0 513.0 
1746.0 577.0 
1827.0 554.0 
1748.0 568.0 
1734.0 588.0 
1967.0 503.0 
1735.0 584.0 
1728.0 592.0 
1981.0 501.0 
1738.0 580.0 
1987.0 496.0 
1872.0 523.0 
1841.0 551.0 
1727.0 595.0 
2005.0 486.0 
1826.0 556.0 
1892.0 511.0 
1814.0 560.0 
1887.0 513.0 
1840.0 555.0 
1764.0 577.0 
1766.0 576.0 
1764.0 577.0 
1764.0 577.0 
1764.0 577.0 
1754.0 578.0 
1775.0 568.0 
1770.0 570.0 
1754.0 578.0 
1971.0 510.0 
1735.0 588.0 
1729.0 593.0 
1729.0 593.0 
1983.0 507.0 
1986.0 505.0 
1983.0 507.0 
1992.0 496.0 
1872.0 524.0 
1846.0 551.0 
1844.0 553.0 
2012.0 495.0 
2022.0 493.0 
2012.0 495.0 
2049.0 489.0 
2023.0 490.0 
1828.0 558.0 
1828.0 558.0 
1905.0 511.0 
1896.0 512.0 
1905.0 511.0 
1731.0 596.0 
1731.0 596.0 
2025.0 491.0 
1882.0 549.0 
1884.0 526.0 
1818.0 561.0 
1898.0 514.0 
1847.0 552.0 
1844.0 555.0 
1800.0 568.0 
1936.0 513.0 
1758.0 584.0 
1890.0 517.0 
1769.0 576.0 
1816.0 566.0 
1787.0 574.0 
1759.0 578.0 
1966.0 511.0 
1936.0 513.0 
1888.0 525.0 
1735.0 589.0 
1975.0 510.0 
1994.0 503.0 
2009.0 497.0 
2006.0 501.0 
2018.0 496.0 
1984.0 507.0 
1745.0 588.0 
1787.0 574.0 
1745.0 588.0 
1966.0 511.0 
2018.0 496.0 
1988.0 505.0 
2006.0 501.0 
1988.0 505.0 
1735.0 589.0 
1986.0 506.0 
1986.0 506.0 
1884.0 526.0 
1731.0 596.0 
