3933.0 995.0 
3854.0 1004.0 
3144.0 1156.0 
3758.0 1010.0 
3302.0 1031.0 
3841.0 1008.0 
3948.0 946.0 
3628.0 1013.0 
3245.0 1092.0 
3930.0 1005.0 
3145.0 1157.0 
3440.0 1049.0 
3443.0 1043.0 
3420.0 1067.0 
3955.0 968.0 
3795.0 1013.0 
3726.0 1025.0 
3267.0 1151.0 
3284.0 1107.0 
3277.0 1120.0 
3284.0 1107.0 
3943.0 1006.0 
3943.0 1006.0 
3176.0 1161.0 
3607.0 1048.0 
3512.0 1066.0 
3524.0 1059.0 
3479.0 1086.0 
3424.0 1088.0 
3422.0 1102.0 
3502.0 1068.0 
4047.0 977.0 
3960.0 985.0 
3861.0 1021.0 
3899.0 1015.0 
3762.0 1039.0 
3804.0 1032.0 
3277.0 1156.0 
3329.0 1119.0 
3329.0 1119.0 
3297.0 1143.0 
3285.0 1153.0 
3354.0 1110.0 
3222.0 1161.0 
3436.0 1092.0 
3423.0 1108.0 
3530.0 1071.0 
4086.0 980.0 
4011.0 995.0 
3979.0 1001.0 
3889.0 1021.0 
3927.0 1015.0 
3771.0 1053.0 
3832.0 1051.0 
3869.0 1050.0 
3331.0 1122.0 
3310.0 1153.0 
3369.0 1115.0 
3369.0 1115.0 
3363.0 1117.0 
3294.0 1163.0 
3294.0 1163.0 
3453.0 1102.0 
3476.0 1095.0 
3453.0 1102.0 
3462.0 1098.0 
3533.0 1071.0 
4139.0 989.0 
3902.0 1028.0 
3902.0 1028.0 
3833.0 1063.0 
3881.0 1057.0 
3338.0 1123.0 
3331.0 1143.0 
3441.0 1116.0 
3489.0 1107.0 
3544.0 1083.0 
3569.0 1080.0 
3586.0 1073.0 
3544.0 1083.0 
4152.0 1017.0 
4201.0 1007.0 
3923.0 1047.0 
3928.0 1033.0 
3904.0 1062.0 
3362.0 1126.0 
3414.0 1123.0 
3344.0 1163.0 
3473.0 1117.0 
3461.0 1122.0 
4234.0 1013.0 
3356.0 1165.0 
3760.0 1073.0 
3594.0 1075.0 
3929.0 1039.0 
4154.0 1031.0 
3381.0 1129.0 
3533.0 1108.0 
3981.0 1037.0 
3470.0 1124.0 
