2878.0 926.0 
3056.0 904.0 
2803.0 1028.0 
3105.0 849.0 
3007.0 915.0 
2781.0 1054.0 
2894.0 929.0 
2822.0 1039.0 
3143.0 889.0 
3174.0 850.0 
3105.0 901.0 
2797.0 1072.0 
2920.0 953.0 
3037.0 947.0 
3166.0 900.0 
3341.0 868.0 
3338.0 873.0 
3176.0 877.0 
3129.0 910.0 
3165.0 907.0 
3129.0 910.0 
2830.0 1096.0 
2830.0 1096.0 
2830.0 1096.0 
2862.0 1082.0 
2803.0 1123.0 
2936.0 955.0 
3194.0 879.0 
3376.0 877.0 
3133.0 912.0 
2924.0 1087.0 
2880.0 1112.0 
2912.0 1094.0 
2817.0 1126.0 
3019.0 961.0 
2953.0 1008.0 
3027.0 955.0 
2941.0 1042.0 
2945.0 1023.0 
2940.0 1074.0 
3005.0 976.0 
3229.0 879.0 
3198.0 893.0 
3198.0 893.0 
3178.0 921.0 
3147.0 926.0 
2936.0 1091.0 
2936.0 1091.0 
2888.0 1120.0 
2915.0 1110.0 
2931.0 1104.0 
2877.0 1187.0 
3001.0 1015.0 
3126.0 957.0 
3057.0 959.0 
2972.0 1039.0 
2946.0 1061.0 
2970.0 1059.0 
3024.0 1010.0 
3055.0 980.0 
3267.0 883.0 
3349.0 882.0 
3267.0 883.0 
3219.0 903.0 
3206.0 912.0 
3161.0 948.0 
3197.0 928.0 
2896.0 1148.0 
2913.0 1122.0 
2884.0 1280.0 
3089.0 965.0 
2996.0 1042.0 
2964.0 1070.0 
3042.0 1014.0 
3085.0 990.0 
3060.0 992.0 
3402.0 884.0 
3220.0 906.0 
3210.0 912.0 
3173.0 956.0 
3199.0 930.0 
2963.0 1122.0 
2923.0 1123.0 
3879.0 890.0 
2938.0 1176.0 
3458.0 893.0 
2958.0 1141.0 
3042.0 1018.0 
2966.0 1071.0 
2964.0 1078.0 
3386.0 915.0 
3322.0 926.0 
3437.0 895.0 
3122.0 972.0 
3177.0 966.0 
3190.0 957.0 
3100.0 983.0 
3262.0 933.0 
3249.0 950.0 
3292.0 931.0 
