128.0 42.0 
128.0 42.0 
128.0 42.0 
124.0 44.0 
131.0 43.0 
131.0 43.0 
131.0 43.0 
146.0 42.0 
131.0 43.0 
131.0 43.0 
131.0 43.0 
131.0 43.0 
131.0 43.0 
131.0 43.0 
131.0 43.0 
131.0 43.0 
131.0 43.0 
131.0 43.0 
131.0 43.0 
131.0 43.0 
127.0 44.0 
127.0 44.0 
124.0 47.0 
127.0 44.0 
127.0 44.0 
124.0 47.0 
127.0 44.0 
127.0 44.0 
127.0 44.0 
124.0 47.0 
127.0 44.0 
127.0 44.0 
127.0 44.0 
127.0 44.0 
124.0 47.0 
127.0 44.0 
127.0 44.0 
127.0 44.0 
127.0 44.0 
127.0 44.0 
127.0 44.0 
127.0 44.0 
127.0 44.0 
127.0 44.0 
126.0 48.0 
127.0 45.0 
128.0 44.0 
128.0 44.0 
128.0 44.0 
127.0 47.0 
127.0 47.0 
152.0 44.0 
128.0 45.0 
127.0 47.0 
127.0 47.0 
127.0 47.0 
127.0 47.0 
127.0 47.0 
127.0 47.0 
127.0 47.0 
127.0 47.0 
127.0 47.0 
127.0 47.0 
127.0 47.0 
127.0 47.0 
127.0 47.0 
127.0 47.0 
127.0 47.0 
127.0 47.0 
127.0 47.0 
127.0 47.0 
127.0 47.0 
127.0 47.0 
127.0 47.0 
127.0 47.0 
127.0 47.0 
127.0 47.0 
127.0 47.0 
127.0 47.0 
127.0 47.0 
127.0 47.0 
127.0 47.0 
127.0 47.0 
127.0 47.0 
127.0 47.0 
127.0 47.0 
127.0 47.0 
127.0 47.0 
127.0 47.0 
127.0 47.0 
127.0 47.0 
127.0 47.0 
127.0 47.0 
127.0 47.0 
127.0 47.0 
127.0 47.0 
127.0 47.0 
127.0 47.0 
127.0 47.0 
127.0 47.0 
