186.0 75.0 
117.0 92.0 
109.0 94.0 
118.0 82.0 
224.0 64.0 
145.0 82.0 
141.0 90.0 
128.0 97.0 
118.0 115.0 
279.0 83.0 
174.0 89.0 
198.0 85.0 
165.0 93.0 
165.0 93.0 
168.0 90.0 
128.0 98.0 
126.0 148.0 
122.0 157.0 
280.0 83.0 
249.0 88.0 
249.0 88.0 
272.0 85.0 
179.0 91.0 
174.0 94.0 
129.0 98.0 
277.0 88.0 
208.0 94.0 
208.0 94.0 
181.0 97.0 
143.0 101.0 
132.0 105.0 
166.0 99.0 
131.0 127.0 
279.0 88.0 
225.0 97.0 
146.0 104.0 
138.0 114.0 
142.0 105.0 
173.0 99.0 
134.0 129.0 
282.0 88.0 
282.0 88.0 
245.0 97.0 
158.0 104.0 
144.0 118.0 
145.0 105.0 
179.0 102.0 
185.0 100.0 
181.0 101.0 
134.0 144.0 
283.0 90.0 
160.0 104.0 
144.0 121.0 
149.0 106.0 
196.0 101.0 
140.0 144.0 
328.0 92.0 
188.0 105.0 
147.0 133.0 
149.0 107.0 
218.0 102.0 
342.0 101.0 
193.0 106.0 
177.0 107.0 
151.0 137.0 
154.0 109.0 
162.0 108.0 
271.0 103.0 
230.0 105.0 
219.0 107.0 
151.0 140.0 
156.0 109.0 
215.0 108.0 
381.0 105.0 
381.0 105.0 
381.0 105.0 
255.0 106.0 
151.0 164.0 
156.0 113.0 
161.0 110.0 
258.0 108.0 
273.0 107.0 
158.0 115.0 
156.0 133.0 
167.0 113.0 
170.0 110.0 
260.0 108.0 
158.0 130.0 
160.0 122.0 
159.0 128.0 
156.0 141.0 
190.0 110.0 
179.0 112.0 
172.0 113.0 
190.0 110.0 
312.0 109.0 
158.0 137.0 
195.0 110.0 
195.0 110.0 
178.0 115.0 
