122.0 131.0 
135.0 84.0 
180.0 69.0 
122.0 131.0 
148.0 79.0 
149.0 75.0 
143.0 82.0 
137.0 92.0 
188.0 70.0 
126.0 137.0 
149.0 81.0 
151.0 75.0 
143.0 98.0 
143.0 98.0 
141.0 108.0 
140.0 123.0 
197.0 74.0 
126.0 140.0 
139.0 139.0 
149.0 92.0 
176.0 75.0 
163.0 84.0 
163.0 84.0 
174.0 79.0 
154.0 86.0 
147.0 98.0 
147.0 98.0 
144.0 111.0 
143.0 136.0 
126.0 148.0 
135.0 143.0 
136.0 141.0 
178.0 75.0 
166.0 84.0 
163.0 85.0 
174.0 82.0 
161.0 86.0 
157.0 87.0 
149.0 104.0 
156.0 100.0 
148.0 105.0 
146.0 115.0 
145.0 127.0 
147.0 114.0 
144.0 134.0 
134.0 148.0 
134.0 148.0 
133.0 165.0 
139.0 144.0 
139.0 144.0 
198.0 77.0 
194.0 79.0 
172.0 84.0 
180.0 82.0 
180.0 82.0 
171.0 86.0 
158.0 87.0 
158.0 87.0 
157.0 103.0 
155.0 108.0 
150.0 114.0 
150.0 114.0 
148.0 121.0 
145.0 139.0 
136.0 155.0 
135.0 159.0 
144.0 147.0 
143.0 149.0 
201.0 77.0 
201.0 77.0 
197.0 81.0 
197.0 81.0 
186.0 83.0 
186.0 83.0 
189.0 82.0 
186.0 83.0 
176.0 86.0 
159.0 96.0 
168.0 88.0 
168.0 88.0 
171.0 87.0 
161.0 89.0 
135.0 166.0 
202.0 77.0 
202.0 77.0 
154.0 114.0 
187.0 84.0 
172.0 87.0 
139.0 158.0 
147.0 143.0 
145.0 150.0 
159.0 100.0 
148.0 127.0 
150.0 126.0 
169.0 92.0 
193.0 82.0 
193.0 82.0 
163.0 93.0 
162.0 95.0 
161.0 98.0 
