4559.0 1140.0 
4708.0 1089.0 
5412.0 998.0 
4262.0 1182.0 
4733.0 1101.0 
5450.0 1049.0 
4494.0 1194.0 
4494.0 1194.0 
4310.0 1210.0 
4766.0 1189.0 
4787.0 1159.0 
4950.0 1102.0 
5546.0 1068.0 
5461.0 1089.0 
5846.0 1061.0 
5583.0 1064.0 
4534.0 1207.0 
4583.0 1196.0 
4485.0 1217.0 
4448.0 1239.0 
4314.0 1320.0 
4437.0 1279.0 
4926.0 1175.0 
5113.0 1116.0 
5070.0 1134.0 
4969.0 1162.0 
5113.0 1116.0 
5520.0 1103.0 
6038.0 1079.0 
5652.0 1080.0 
4576.0 1208.0 
4576.0 1208.0 
4576.0 1208.0 
4614.0 1203.0 
4586.0 1207.0 
4489.0 1228.0 
4458.0 1240.0 
4450.0 1294.0 
5105.0 1145.0 
4971.0 1165.0 
5026.0 1164.0 
4971.0 1165.0 
5375.0 1120.0 
5261.0 1134.0 
5307.0 1129.0 
6579.0 1079.0 
5895.0 1091.0 
5941.0 1089.0 
6191.0 1084.0 
5681.0 1094.0 
6004.0 1086.0 
4807.0 1205.0 
4807.0 1205.0 
4600.0 1207.0 
4600.0 1207.0 
4495.0 1238.0 
4519.0 1236.0 
4458.0 1268.0 
5136.0 1158.0 
5116.0 1161.0 
5101.0 1180.0 
4996.0 1194.0 
5320.0 1131.0 
5841.0 1120.0 
5747.0 1128.0 
5851.0 1112.0 
6622.0 1090.0 
6021.0 1100.0 
4604.0 1224.0 
4738.0 1214.0 
4507.0 1252.0 
4540.0 1246.0 
4492.0 1310.0 
4503.0 1284.0 
5305.0 1160.0 
5159.0 1168.0 
5117.0 1181.0 
5095.0 1207.0 
5359.0 1151.0 
5536.0 1141.0 
5638.0 1140.0 
5662.0 1136.0 
5848.0 1132.0 
5980.0 1113.0 
5902.0 1121.0 
5902.0 1121.0 
5902.0 1121.0 
6679.0 1099.0 
6079.0 1103.0 
4612.0 1234.0 
5070.0 1216.0 
4890.0 1221.0 
4607.0 1256.0 
4592.0 1266.0 
4525.0 1308.0 
6861.0 1102.0 
4532.0 1316.0 
4611.0 1260.0 
6219.0 1105.0 
5888.0 1147.0 
