21.0 9.0 
21.0 9.0 
21.0 9.0 
24.0 9.0 
24.0 11.0 
25.0 9.0 
25.0 9.0 
25.0 11.0 
32.0 9.0 
25.0 12.0 
29.0 11.0 
46.0 10.0 
27.0 12.0 
43.0 11.0 
48.0 10.0 
27.0 30.0 
28.0 13.0 
29.0 12.0 
50.0 11.0 
53.0 10.0 
32.0 12.0 
32.0 12.0 
31.0 14.0 
43.0 12.0 
35.0 13.0 
31.0 30.0 
32.0 14.0 
45.0 12.0 
40.0 13.0 
40.0 13.0 
37.0 14.0 
35.0 17.0 
35.0 17.0 
36.0 15.0 
34.0 20.0 
36.0 15.0 
50.0 12.0 
43.0 13.0 
40.0 14.0 
35.0 18.0 
34.0 32.0 
34.0 32.0 
38.0 15.0 
37.0 16.0 
51.0 12.0 
51.0 12.0 
44.0 13.0 
36.0 21.0 
40.0 15.0 
37.0 18.0 
38.0 17.0 
53.0 12.0 
53.0 12.0 
44.0 14.0 
46.0 13.0 
41.0 15.0 
41.0 15.0 
37.0 19.0 
54.0 12.0 
47.0 13.0 
46.0 14.0 
41.0 17.0 
45.0 16.0 
37.0 22.0 
40.0 19.0 
56.0 12.0 
56.0 12.0 
56.0 12.0 
56.0 12.0 
49.0 13.0 
48.0 14.0 
46.0 15.0 
48.0 14.0 
42.0 17.0 
38.0 23.0 
40.0 20.0 
58.0 12.0 
58.0 12.0 
50.0 13.0 
50.0 13.0 
46.0 16.0 
47.0 15.0 
44.0 19.0 
39.0 23.0 
38.0 24.0 
40.0 21.0 
43.0 20.0 
61.0 12.0 
61.0 12.0 
61.0 12.0 
55.0 13.0 
48.0 15.0 
47.0 16.0 
47.0 16.0 
41.0 21.0 
41.0 21.0 
40.0 26.0 
44.0 20.0 
44.0 20.0 
62.0 12.0 
