2587.0 757.0 
2727.0 725.0 
2540.0 762.0 
2905.0 709.0 
2865.0 721.0 
2650.0 747.0 
2320.0 856.0 
2587.0 757.0 
2417.0 786.0 
2655.0 729.0 
3126.0 667.0 
2548.0 759.0 
2417.0 786.0 
2351.0 830.0 
2740.0 728.0 
2849.0 726.0 
2545.0 775.0 
2966.0 719.0 
2990.0 709.0 
2932.0 721.0 
2900.0 723.0 
2321.0 856.0 
2724.0 732.0 
2696.0 746.0 
2660.0 757.0 
2675.0 754.0 
3198.0 671.0 
3182.0 683.0 
2576.0 773.0 
2596.0 761.0 
2526.0 800.0 
2431.0 802.0 
2408.0 840.0 
2846.0 731.0 
2850.0 727.0 
2551.0 778.0 
3000.0 709.0 
2958.0 725.0 
2327.0 860.0 
2406.0 857.0 
2725.0 743.0 
2826.0 732.0 
2749.0 737.0 
2815.0 736.0 
2699.0 746.0 
3201.0 680.0 
3227.0 678.0 
2641.0 761.0 
2600.0 776.0 
2605.0 767.0 
2527.0 801.0 
2432.0 810.0 
2421.0 848.0 
2894.0 727.0 
2551.0 797.0 
2594.0 778.0 
2562.0 784.0 
3147.0 718.0 
3147.0 718.0 
3046.0 723.0 
3199.0 709.0 
3015.0 726.0 
2353.0 905.0 
2355.0 870.0 
2747.0 744.0 
2864.0 734.0 
2783.0 739.0 
2831.0 737.0 
2831.0 737.0 
2851.0 736.0 
2707.0 748.0 
2707.0 748.0 
3219.0 688.0 
3220.0 684.0 
3202.0 695.0 
3300.0 682.0 
2693.0 763.0 
2608.0 769.0 
2658.0 768.0 
2527.0 805.0 
2441.0 811.0 
2441.0 811.0 
2422.0 849.0 
2356.0 898.0 
3272.0 687.0 
2446.0 832.0 
2414.0 871.0 
2449.0 811.0 
2795.0 739.0 
2925.0 728.0 
2902.0 731.0 
2572.0 807.0 
3174.0 724.0 
3221.0 715.0 
3055.0 725.0 
3055.0 725.0 
2585.0 795.0 
2711.0 756.0 
2370.0 878.0 
3237.0 706.0 
