36.0 21.0 
37.0 15.0 
37.0 15.0 
36.0 21.0 
37.0 15.0 
36.0 21.0 
37.0 15.0 
36.0 21.0 
36.0 21.0 
37.0 15.0 
37.0 15.0 
36.0 21.0 
37.0 15.0 
36.0 21.0 
37.0 15.0 
36.0 21.0 
36.0 21.0 
37.0 15.0 
36.0 21.0 
37.0 15.0 
36.0 21.0 
37.0 15.0 
37.0 15.0 
36.0 21.0 
36.0 21.0 
37.0 15.0 
36.0 21.0 
36.0 21.0 
36.0 21.0 
36.0 21.0 
37.0 15.0 
36.0 21.0 
37.0 15.0 
36.0 21.0 
36.0 21.0 
36.0 21.0 
36.0 21.0 
37.0 15.0 
37.0 15.0 
36.0 21.0 
37.0 15.0 
36.0 21.0 
37.0 15.0 
36.0 21.0 
36.0 21.0 
37.0 15.0 
37.0 15.0 
36.0 21.0 
36.0 21.0 
37.0 15.0 
37.0 15.0 
36.0 21.0 
37.0 15.0 
36.0 21.0 
36.0 21.0 
37.0 15.0 
37.0 15.0 
36.0 21.0 
36.0 21.0 
37.0 15.0 
36.0 21.0 
37.0 15.0 
37.0 15.0 
36.0 21.0 
37.0 15.0 
36.0 21.0 
36.0 21.0 
37.0 15.0 
37.0 15.0 
36.0 21.0 
37.0 15.0 
37.0 15.0 
36.0 21.0 
37.0 15.0 
36.0 21.0 
37.0 15.0 
37.0 15.0 
36.0 21.0 
36.0 21.0 
37.0 15.0 
37.0 15.0 
36.0 21.0 
37.0 15.0 
36.0 21.0 
36.0 21.0 
36.0 21.0 
37.0 15.0 
36.0 21.0 
36.0 21.0 
37.0 15.0 
36.0 21.0 
36.0 21.0 
36.0 21.0 
37.0 15.0 
37.0 15.0 
36.0 21.0 
36.0 21.0 
36.0 21.0 
36.0 21.0 
37.0 15.0 
