2145.0 649.0 
2166.0 605.0 
2322.0 593.0 
2272.0 601.0 
2359.0 588.0 
2126.0 669.0 
2288.0 596.0 
2145.0 649.0 
2359.0 588.0 
2078.0 713.0 
2143.0 666.0 
2350.0 592.0 
2322.0 593.0 
2368.0 584.0 
2164.0 621.0 
2084.0 706.0 
2097.0 675.0 
2148.0 627.0 
2178.0 609.0 
2266.0 605.0 
2304.0 599.0 
2298.0 604.0 
2145.0 674.0 
2145.0 674.0 
2323.0 593.0 
2323.0 593.0 
2174.0 624.0 
2170.0 626.0 
2084.0 714.0 
2088.0 713.0 
2105.0 678.0 
2105.0 678.0 
2102.0 689.0 
2098.0 711.0 
2156.0 628.0 
2150.0 665.0 
2218.0 616.0 
2184.0 617.0 
2218.0 616.0 
2218.0 616.0 
2280.0 608.0 
2280.0 608.0 
2301.0 605.0 
2301.0 605.0 
2349.0 593.0 
2338.0 599.0 
2329.0 602.0 
2181.0 624.0 
2113.0 681.0 
2113.0 681.0 
2113.0 681.0 
2113.0 681.0 
2106.0 700.0 
2101.0 716.0 
2158.0 655.0 
2158.0 655.0 
2160.0 631.0 
2150.0 672.0 
2185.0 623.0 
2186.0 618.0 
2186.0 618.0 
2276.0 617.0 
2276.0 617.0 
2276.0 617.0 
2298.0 610.0 
2297.0 614.0 
2355.0 595.0 
2621.0 593.0 
2359.0 594.0 
2350.0 598.0 
2143.0 682.0 
2143.0 682.0 
2117.0 693.0 
2122.0 684.0 
2106.0 706.0 
2104.0 716.0 
2104.0 716.0 
2159.0 661.0 
2166.0 641.0 
2170.0 638.0 
2166.0 641.0 
2163.0 643.0 
2160.0 655.0 
2160.0 655.0 
2160.0 655.0 
2157.0 675.0 
2372.0 594.0 
2105.0 716.0 
2105.0 716.0 
2357.0 598.0 
2303.0 616.0 
2212.0 618.0 
2164.0 650.0 
2304.0 612.0 
2187.0 638.0 
2160.0 675.0 
2189.0 621.0 
2114.0 706.0 
2119.0 697.0 
2171.0 640.0 
