72.0 29.0 
72.0 29.0 
72.0 29.0 
72.0 29.0 
72.0 29.0 
51.0 36.0 
72.0 29.0 
72.0 29.0 
72.0 29.0 
72.0 29.0 
72.0 29.0 
72.0 29.0 
72.0 29.0 
72.0 29.0 
72.0 29.0 
57.0 35.0 
58.0 30.0 
72.0 29.0 
72.0 29.0 
56.0 37.0 
56.0 37.0 
59.0 30.0 
58.0 36.0 
58.0 36.0 
58.0 36.0 
73.0 29.0 
73.0 29.0 
73.0 29.0 
73.0 29.0 
56.0 38.0 
64.0 30.0 
64.0 30.0 
58.0 37.0 
78.0 29.0 
57.0 39.0 
64.0 33.0 
64.0 33.0 
65.0 30.0 
84.0 29.0 
84.0 29.0 
58.0 41.0 
64.0 38.0 
64.0 38.0 
64.0 38.0 
64.0 38.0 
64.0 38.0 
64.0 38.0 
64.0 38.0 
64.0 38.0 
64.0 38.0 
64.0 38.0 
64.0 38.0 
64.0 38.0 
64.0 38.0 
64.0 38.0 
65.0 31.0 
65.0 31.0 
70.0 30.0 
61.0 44.0 
64.0 39.0 
64.0 39.0 
64.0 39.0 
64.0 39.0 
64.0 39.0 
65.0 32.0 
66.0 31.0 
72.0 30.0 
72.0 30.0 
72.0 30.0 
72.0 30.0 
64.0 40.0 
65.0 33.0 
65.0 33.0 
65.0 33.0 
70.0 31.0 
66.0 32.0 
66.0 32.0 
66.0 32.0 
66.0 32.0 
66.0 32.0 
73.0 30.0 
73.0 30.0 
73.0 30.0 
73.0 30.0 
64.0 41.0 
76.0 30.0 
76.0 30.0 
65.0 35.0 
72.0 31.0 
66.0 33.0 
71.0 32.0 
65.0 35.0 
66.0 33.0 
71.0 32.0 
65.0 35.0 
65.0 35.0 
65.0 35.0 
65.0 35.0 
65.0 35.0 
65.0 35.0 
