1209.0 276.0 
628.0 322.0 
1211.0 273.0 
752.0 304.0 
1625.0 255.0 
2015.0 252.0 
537.0 331.0 
683.0 317.0 
973.0 298.0 
1064.0 291.0 
1192.0 288.0 
644.0 330.0 
644.0 330.0 
1212.0 273.0 
763.0 306.0 
763.0 306.0 
1639.0 261.0 
2283.0 256.0 
2031.0 258.0 
549.0 371.0 
580.0 343.0 
567.0 361.0 
601.0 334.0 
722.0 329.0 
1101.0 294.0 
1173.0 291.0 
1077.0 301.0 
706.0 331.0 
1469.0 279.0 
1215.0 284.0 
1212.0 286.0 
1550.0 276.0 
1457.0 283.0 
861.0 310.0 
769.0 317.0 
771.0 316.0 
967.0 307.0 
793.0 315.0 
1967.0 269.0 
1831.0 273.0 
600.0 347.0 
586.0 354.0 
579.0 367.0 
579.0 367.0 
660.0 335.0 
611.0 336.0 
1134.0 294.0 
1120.0 300.0 
1118.0 305.0 
737.0 334.0 
1223.0 292.0 
1223.0 292.0 
1268.0 286.0 
1586.0 277.0 
939.0 311.0 
881.0 312.0 
788.0 329.0 
869.0 316.0 
869.0 316.0 
869.0 316.0 
822.0 321.0 
813.0 322.0 
793.0 324.0 
839.0 319.0 
2028.0 272.0 
2038.0 269.0 
589.0 354.0 
587.0 355.0 
583.0 376.0 
618.0 338.0 
728.0 337.0 
1173.0 302.0 
751.0 334.0 
751.0 334.0 
1347.0 286.0 
1588.0 277.0 
1014.0 312.0 
946.0 313.0 
892.0 316.0 
820.0 324.0 
808.0 328.0 
882.0 321.0 
2218.0 272.0 
2095.0 274.0 
2218.0 272.0 
592.0 357.0 
590.0 377.0 
618.0 348.0 
676.0 343.0 
670.0 346.0 
700.0 338.0 
1254.0 307.0 
1241.0 309.0 
1241.0 309.0 
1259.0 302.0 
2228.0 275.0 
593.0 367.0 
593.0 367.0 
1384.0 295.0 
1343.0 308.0 
