296.0 218.0 
997.0 163.0 
997.0 163.0 
997.0 163.0 
773.0 172.0 
886.0 166.0 
1664.0 137.0 
773.0 172.0 
886.0 166.0 
773.0 172.0 
886.0 166.0 
303.0 215.0 
343.0 205.0 
1684.0 135.0 
1664.0 137.0 
327.0 206.0 
773.0 172.0 
1302.0 147.0 
1556.0 141.0 
886.0 166.0 
886.0 166.0 
1203.0 155.0 
886.0 166.0 
997.0 163.0 
773.0 172.0 
1302.0 147.0 
788.0 171.0 
347.0 202.0 
375.0 200.0 
886.0 166.0 
511.0 188.0 
1684.0 135.0 
1344.0 145.0 
377.0 196.0 
1659.0 138.0 
659.0 175.0 
535.0 185.0 
1027.0 159.0 
303.0 215.0 
1090.0 157.0 
1286.0 151.0 
886.0 166.0 
964.0 165.0 
326.0 209.0 
1013.0 160.0 
292.0 223.0 
1286.0 151.0 
1052.0 158.0 
391.0 194.0 
1203.0 155.0 
886.0 166.0 
773.0 172.0 
345.0 204.0 
292.0 223.0 
511.0 188.0 
535.0 185.0 
1344.0 145.0 
1235.0 152.0 
818.0 169.0 
1684.0 135.0 
645.0 179.0 
1610.0 139.0 
1145.0 156.0 
971.0 164.0 
510.0 189.0 
292.0 223.0 
1203.0 155.0 
598.0 182.0 
837.0 168.0 
1468.0 143.0 
1694.0 135.0 
1694.0 135.0 
292.0 224.0 
292.0 224.0 
1496.0 143.0 
391.0 195.0 
313.0 218.0 
1359.0 145.0 
326.0 210.0 
777.0 172.0 
1093.0 157.0 
1620.0 141.0 
513.0 190.0 
1151.0 156.0 
1290.0 152.0 
1635.0 139.0 
1039.0 159.0 
362.0 202.0 
1014.0 161.0 
937.0 166.0 
1684.0 136.0 
646.0 183.0 
648.0 179.0 
331.0 208.0 
377.0 197.0 
886.0 167.0 
562.0 185.0 
702.0 178.0 
1345.0 146.0 
992.0 164.0 
