69.0 27.0 
70.0 29.0 
89.0 27.0 
77.0 33.0 
76.0 34.0 
79.0 31.0 
72.0 36.0 
70.0 38.0 
111.0 30.0 
80.0 31.0 
74.0 36.0 
83.0 33.0 
86.0 31.0 
80.0 39.0 
83.0 35.0 
83.0 35.0 
83.0 35.0 
88.0 31.0 
86.0 32.0 
88.0 31.0 
85.0 35.0 
84.0 43.0 
90.0 33.0 
98.0 31.0 
93.0 32.0 
90.0 33.0 
87.0 36.0 
87.0 36.0 
87.0 36.0 
85.0 52.0 
86.0 45.0 
85.0 52.0 
85.0 52.0 
99.0 31.0 
91.0 33.0 
87.0 42.0 
87.0 42.0 
89.0 37.0 
87.0 42.0 
102.0 31.0 
102.0 31.0 
94.0 33.0 
90.0 37.0 
89.0 47.0 
89.0 47.0 
87.0 50.0 
113.0 31.0 
111.0 32.0 
99.0 35.0 
94.0 36.0 
101.0 33.0 
93.0 37.0 
91.0 43.0 
90.0 44.0 
95.0 36.0 
107.0 33.0 
101.0 35.0 
103.0 34.0 
101.0 35.0 
94.0 41.0 
94.0 41.0 
92.0 43.0 
98.0 37.0 
95.0 38.0 
114.0 33.0 
114.0 33.0 
114.0 33.0 
109.0 34.0 
105.0 35.0 
105.0 35.0 
92.0 44.0 
92.0 44.0 
101.0 37.0 
101.0 37.0 
95.0 43.0 
97.0 38.0 
115.0 33.0 
107.0 35.0 
92.0 45.0 
103.0 37.0 
96.0 43.0 
97.0 39.0 
98.0 38.0 
98.0 38.0 
125.0 33.0 
113.0 35.0 
108.0 36.0 
107.0 37.0 
107.0 37.0 
96.0 49.0 
97.0 43.0 
98.0 40.0 
102.0 38.0 
102.0 38.0 
117.0 35.0 
109.0 36.0 
109.0 36.0 
97.0 52.0 
119.0 35.0 
98.0 42.0 
