21.0 25.0 
52.0 15.0 
46.0 18.0 
21.0 25.0 
53.0 13.0 
47.0 19.0 
22.0 26.0 
60.0 15.0 
54.0 20.0 
55.0 19.0 
47.0 22.0 
54.0 20.0 
51.0 21.0 
31.0 27.0 
34.0 26.0 
31.0 27.0 
30.0 32.0 
24.0 35.0 
62.0 16.0 
61.0 18.0 
70.0 15.0 
59.0 19.0 
51.0 22.0 
53.0 21.0 
38.0 26.0 
31.0 29.0 
32.0 28.0 
32.0 28.0 
36.0 27.0 
36.0 27.0 
30.0 33.0 
24.0 37.0 
27.0 36.0 
83.0 16.0 
63.0 20.0 
64.0 19.0 
51.0 23.0 
45.0 26.0 
31.0 30.0 
31.0 30.0 
31.0 30.0 
32.0 29.0 
38.0 27.0 
38.0 27.0 
36.0 28.0 
30.0 34.0 
84.0 18.0 
84.0 18.0 
66.0 19.0 
64.0 22.0 
52.0 24.0 
63.0 23.0 
46.0 26.0 
32.0 30.0 
34.0 29.0 
45.0 27.0 
45.0 27.0 
45.0 27.0 
45.0 27.0 
45.0 27.0 
38.0 28.0 
31.0 37.0 
87.0 18.0 
68.0 19.0 
66.0 20.0 
53.0 24.0 
32.0 36.0 
35.0 29.0 
34.0 32.0 
48.0 27.0 
48.0 27.0 
48.0 27.0 
48.0 27.0 
41.0 28.0 
31.0 39.0 
31.0 39.0 
70.0 20.0 
67.0 21.0 
70.0 20.0 
59.0 24.0 
55.0 26.0 
58.0 25.0 
35.0 30.0 
34.0 34.0 
41.0 29.0 
45.0 28.0 
32.0 39.0 
68.0 21.0 
72.0 20.0 
56.0 26.0 
65.0 25.0 
37.0 30.0 
35.0 33.0 
34.0 36.0 
45.0 29.0 
54.0 28.0 
33.0 41.0 
32.0 49.0 
71.0 21.0 
33.0 52.0 
