398.0 145.0 
661.0 130.0 
254.0 154.0 
621.0 132.0 
258.0 267.0 
269.0 205.0 
273.0 166.0 
266.0 240.0 
532.0 162.0 
528.0 163.0 
622.0 161.0 
631.0 146.0 
645.0 145.0 
275.0 168.0 
273.0 227.0 
267.0 256.0 
747.0 152.0 
747.0 152.0 
284.0 173.0 
472.0 168.0 
275.0 189.0 
910.0 163.0 
287.0 187.0 
288.0 178.0 
521.0 177.0 
275.0 270.0 
276.0 234.0 
276.0 234.0 
280.0 194.0 
294.0 189.0 
333.0 179.0 
564.0 178.0 
276.0 248.0 
282.0 195.0 
280.0 205.0 
314.0 189.0 
408.0 179.0 
334.0 182.0 
334.0 182.0 
347.0 180.0 
779.0 178.0 
298.0 204.0 
304.0 197.0 
299.0 198.0 
281.0 219.0 
287.0 205.0 
325.0 190.0 
321.0 193.0 
326.0 189.0 
663.0 179.0 
344.0 182.0 
404.0 180.0 
285.0 239.0 
283.0 278.0 
288.0 210.0 
287.0 227.0 
292.0 207.0 
323.0 205.0 
332.0 195.0 
345.0 184.0 
480.0 183.0 
535.0 180.0 
535.0 180.0 
535.0 180.0 
286.0 246.0 
291.0 213.0 
288.0 236.0 
289.0 233.0 
304.0 208.0 
292.0 211.0 
328.0 205.0 
333.0 200.0 
334.0 197.0 
434.0 185.0 
431.0 186.0 
430.0 188.0 
412.0 193.0 
419.0 191.0 
589.0 180.0 
549.0 183.0 
287.0 251.0 
288.0 240.0 
288.0 240.0 
290.0 235.0 
324.0 212.0 
292.0 233.0 
293.0 213.0 
409.0 198.0 
337.0 206.0 
337.0 206.0 
363.0 202.0 
385.0 200.0 
436.0 186.0 
766.0 180.0 
287.0 252.0 
293.0 214.0 
484.0 186.0 
484.0 186.0 
287.0 262.0 
350.0 207.0 
