148.0 70.0 
91.0 160.0 
91.0 160.0 
133.0 77.0 
105.0 118.0 
98.0 138.0 
123.0 116.0 
125.0 111.0 
194.0 75.0 
196.0 73.0 
92.0 162.0 
138.0 77.0 
136.0 81.0 
133.0 97.0 
120.0 128.0 
110.0 141.0 
126.0 120.0 
126.0 120.0 
148.0 79.0 
190.0 77.0 
144.0 80.0 
138.0 84.0 
136.0 93.0 
134.0 99.0 
133.0 114.0 
123.0 134.0 
110.0 178.0 
114.0 142.0 
131.0 121.0 
131.0 121.0 
131.0 121.0 
130.0 133.0 
158.0 79.0 
151.0 81.0 
146.0 90.0 
145.0 92.0 
136.0 98.0 
136.0 98.0 
136.0 98.0 
137.0 93.0 
133.0 119.0 
124.0 135.0 
123.0 141.0 
114.0 167.0 
114.0 167.0 
117.0 144.0 
218.0 79.0 
164.0 80.0 
164.0 80.0 
156.0 84.0 
148.0 90.0 
146.0 91.0 
148.0 90.0 
136.0 106.0 
137.0 99.0 
137.0 99.0 
137.0 99.0 
144.0 93.0 
144.0 93.0 
133.0 128.0 
125.0 137.0 
116.0 168.0 
124.0 146.0 
121.0 153.0 
171.0 80.0 
167.0 81.0 
159.0 84.0 
158.0 85.0 
157.0 90.0 
153.0 92.0 
137.0 102.0 
142.0 99.0 
140.0 101.0 
144.0 95.0 
132.0 138.0 
125.0 141.0 
130.0 139.0 
116.0 181.0 
117.0 170.0 
122.0 153.0 
122.0 153.0 
212.0 81.0 
118.0 185.0 
169.0 83.0 
210.0 82.0 
124.0 176.0 
138.0 118.0 
125.0 154.0 
137.0 136.0 
142.0 103.0 
154.0 92.0 
127.0 151.0 
140.0 113.0 
159.0 86.0 
130.0 140.0 
120.0 179.0 
148.0 95.0 
146.0 98.0 
164.0 84.0 
132.0 139.0 
