90.0 49.0 
95.0 41.0 
74.0 70.0 
82.0 52.0 
93.0 48.0 
75.0 69.0 
86.0 50.0 
90.0 49.0 
76.0 54.0 
95.0 47.0 
95.0 47.0 
102.0 43.0 
97.0 46.0 
95.0 47.0 
95.0 47.0 
98.0 44.0 
83.0 53.0 
83.0 53.0 
94.0 48.0 
75.0 74.0 
86.0 52.0 
89.0 50.0 
91.0 49.0 
76.0 70.0 
77.0 56.0 
96.0 47.0 
100.0 45.0 
84.0 53.0 
84.0 53.0 
84.0 53.0 
84.0 53.0 
95.0 48.0 
87.0 52.0 
89.0 51.0 
92.0 49.0 
92.0 49.0 
76.0 72.0 
76.0 72.0 
76.0 72.0 
76.0 72.0 
76.0 72.0 
76.0 72.0 
76.0 72.0 
79.0 62.0 
77.0 67.0 
81.0 59.0 
83.0 57.0 
98.0 47.0 
109.0 46.0 
84.0 56.0 
85.0 54.0 
85.0 54.0 
87.0 53.0 
92.0 52.0 
93.0 49.0 
76.0 75.0 
80.0 62.0 
77.0 68.0 
77.0 68.0 
105.0 47.0 
98.0 48.0 
98.0 48.0 
86.0 54.0 
85.0 55.0 
89.0 53.0 
89.0 53.0 
93.0 51.0 
94.0 49.0 
81.0 62.0 
81.0 62.0 
81.0 62.0 
80.0 68.0 
80.0 68.0 
78.0 69.0 
106.0 47.0 
99.0 48.0 
88.0 54.0 
85.0 56.0 
87.0 55.0 
87.0 55.0 
87.0 55.0 
87.0 55.0 
87.0 55.0 
90.0 53.0 
90.0 53.0 
94.0 50.0 
95.0 49.0 
84.0 63.0 
84.0 63.0 
81.0 64.0 
78.0 72.0 
79.0 70.0 
110.0 47.0 
110.0 47.0 
78.0 73.0 
78.0 73.0 
100.0 48.0 
86.0 58.0 
83.0 64.0 
96.0 49.0 
