1431.0 229.0 
1431.0 229.0 
652.0 262.0 
1834.0 212.0 
1021.0 259.0 
1725.0 226.0 
1925.0 197.0 
491.0 280.0 
1088.0 249.0 
749.0 261.0 
1794.0 217.0 
1194.0 241.0 
567.0 274.0 
1925.0 197.0 
491.0 280.0 
1238.0 233.0 
1431.0 229.0 
1794.0 217.0 
1090.0 245.0 
1868.0 210.0 
481.0 288.0 
712.0 271.0 
683.0 273.0 
1839.0 215.0 
1840.0 213.0 
1081.0 259.0 
1725.0 228.0 
1725.0 228.0 
767.0 261.0 
594.0 279.0 
1925.0 206.0 
2023.0 203.0 
564.0 281.0 
538.0 285.0 
539.0 282.0 
1284.0 238.0 
1470.0 229.0 
1800.0 223.0 
1823.0 219.0 
1820.0 222.0 
1120.0 247.0 
1102.0 251.0 
1102.0 251.0 
1099.0 255.0 
484.0 314.0 
522.0 294.0 
502.0 313.0 
503.0 309.0 
723.0 276.0 
1848.0 213.0 
1848.0 213.0 
1763.0 228.0 
967.0 267.0 
1021.0 261.0 
1021.0 261.0 
999.0 262.0 
1021.0 261.0 
782.0 275.0 
818.0 274.0 
818.0 274.0 
1021.0 261.0 
918.0 270.0 
969.0 263.0 
597.0 280.0 
1955.0 208.0 
1955.0 208.0 
1927.0 209.0 
588.0 281.0 
540.0 292.0 
540.0 292.0 
551.0 290.0 
562.0 283.0 
1445.0 240.0 
1312.0 241.0 
1472.0 231.0 
1472.0 231.0 
1824.0 220.0 
1820.0 226.0 
1171.0 251.0 
1171.0 251.0 
1171.0 251.0 
1147.0 253.0 
1115.0 257.0 
1109.0 258.0 
1115.0 257.0 
1106.0 260.0 
486.0 323.0 
491.0 320.0 
493.0 315.0 
491.0 320.0 
539.0 304.0 
508.0 310.0 
1962.0 209.0 
492.0 323.0 
960.0 276.0 
1149.0 258.0 
1553.0 237.0 
1355.0 243.0 
1286.0 251.0 
728.0 278.0 
