2138.0 602.0 
1924.0 649.0 
1924.0 649.0 
2058.0 622.0 
1976.0 624.0 
2173.0 572.0 
2082.0 614.0 
1892.0 669.0 
2173.0 572.0 
1909.0 659.0 
2058.0 622.0 
2112.0 609.0 
2083.0 612.0 
2166.0 581.0 
1941.0 625.0 
2140.0 607.0 
2140.0 607.0 
2140.0 607.0 
2034.0 624.0 
2306.0 574.0 
1912.0 674.0 
1924.0 670.0 
2068.0 623.0 
2099.0 614.0 
2130.0 613.0 
2167.0 601.0 
2201.0 584.0 
2182.0 594.0 
1956.0 628.0 
1952.0 640.0 
1963.0 625.0 
1946.0 653.0 
2158.0 611.0 
2063.0 624.0 
2318.0 583.0 
2325.0 577.0 
1916.0 680.0 
1937.0 677.0 
2104.0 614.0 
2167.0 606.0 
2273.0 588.0 
2273.0 588.0 
2200.0 600.0 
2253.0 599.0 
2266.0 597.0 
2253.0 599.0 
1962.0 638.0 
1962.0 638.0 
1976.0 627.0 
1956.0 667.0 
1958.0 662.0 
2094.0 625.0 
2471.0 586.0 
2490.0 585.0 
1916.0 683.0 
1944.0 678.0 
2105.0 617.0 
2173.0 607.0 
2171.0 614.0 
2278.0 590.0 
2244.0 600.0 
2229.0 601.0 
2244.0 600.0 
1962.0 650.0 
2031.0 628.0 
2025.0 634.0 
2031.0 628.0 
2086.0 627.0 
1998.0 637.0 
1957.0 673.0 
1956.0 676.0 
1958.0 663.0 
1920.0 699.0 
2353.0 590.0 
2184.0 610.0 
2111.0 619.0 
2270.0 604.0 
2283.0 594.0 
1962.0 674.0 
2000.0 646.0 
2037.0 642.0 
1972.0 664.0 
1943.0 686.0 
2100.0 625.0 
2066.0 633.0 
2045.0 640.0 
2064.0 636.0 
1992.0 655.0 
1954.0 678.0 
1949.0 682.0 
1943.0 686.0 
2277.0 602.0 
1979.0 658.0 
1978.0 661.0 
2000.0 646.0 
2085.0 628.0 
2085.0 628.0 
1992.0 655.0 
2088.0 627.0 
2277.0 602.0 
