2064.0 636.0 
2085.0 628.0 
2037.0 651.0 
2273.0 588.0 
2066.0 635.0 
1954.0 678.0 
2085.0 628.0 
2233.0 610.0 
1943.0 686.0 
2021.0 661.0 
2105.0 617.0 
1956.0 667.0 
2004.0 664.0 
2060.0 643.0 
2047.0 653.0 
2040.0 658.0 
2296.0 597.0 
2296.0 597.0 
2426.0 596.0 
2071.0 638.0 
1948.0 729.0 
1951.0 715.0 
2269.0 619.0 
2216.0 625.0 
2196.0 628.0 
2196.0 628.0 
2196.0 628.0 
2106.0 635.0 
2196.0 628.0 
2220.0 620.0 
1976.0 690.0 
1958.0 695.0 
2013.0 672.0 
2021.0 664.0 
2019.0 665.0 
2298.0 614.0 
2377.0 602.0 
2478.0 599.0 
2478.0 599.0 
2093.0 640.0 
2087.0 650.0 
2079.0 663.0 
2129.0 638.0 
2153.0 635.0 
2132.0 636.0 
2201.0 634.0 
2237.0 625.0 
2237.0 625.0 
2237.0 625.0 
1964.0 723.0 
1964.0 723.0 
1964.0 723.0 
1964.0 723.0 
1977.0 701.0 
2004.0 700.0 
1969.0 706.0 
2006.0 699.0 
2020.0 671.0 
2019.0 685.0 
2371.0 615.0 
2371.0 615.0 
2471.0 603.0 
2471.0 603.0 
2471.0 603.0 
2471.0 603.0 
2466.0 606.0 
2471.0 603.0 
2471.0 603.0 
2098.0 645.0 
2114.0 642.0 
2090.0 655.0 
2081.0 669.0 
2081.0 669.0 
2081.0 669.0 
2193.0 639.0 
2192.0 641.0 
2193.0 639.0 
2193.0 639.0 
2225.0 635.0 
2208.0 636.0 
2248.0 629.0 
2248.0 629.0 
2337.0 627.0 
2337.0 627.0 
1967.0 727.0 
1994.0 703.0 
1972.0 713.0 
2076.0 672.0 
2040.0 680.0 
2028.0 690.0 
2024.0 695.0 
2511.0 604.0 
1975.0 715.0 
2365.0 628.0 
2400.0 621.0 
2145.0 646.0 
2451.0 615.0 
2092.0 657.0 
2467.0 608.0 
2039.0 704.0 
