2265.0 690.0 
2506.0 660.0 
2202.0 716.0 
2339.0 689.0 
2202.0 716.0 
2376.0 661.0 
2081.0 801.0 
2103.0 744.0 
2155.0 726.0 
2506.0 660.0 
2569.0 651.0 
2231.0 696.0 
2178.0 718.0 
2397.0 670.0 
2393.0 673.0 
2390.0 691.0 
2502.0 664.0 
2121.0 744.0 
2113.0 751.0 
2164.0 727.0 
2157.0 730.0 
2732.0 661.0 
2732.0 661.0 
2732.0 661.0 
2732.0 661.0 
2281.0 713.0 
2346.0 707.0 
2349.0 705.0 
2346.0 707.0 
2349.0 705.0 
2388.0 704.0 
2349.0 705.0 
2237.0 714.0 
2346.0 707.0 
2223.0 719.0 
2191.0 724.0 
2460.0 672.0 
2460.0 672.0 
2460.0 672.0 
2460.0 672.0 
2425.0 676.0 
2406.0 677.0 
2425.0 676.0 
2510.0 664.0 
2125.0 749.0 
2113.0 790.0 
2164.0 730.0 
2833.0 663.0 
2404.0 704.0 
2404.0 704.0 
2381.0 705.0 
2364.0 707.0 
2364.0 707.0 
2358.0 710.0 
2354.0 712.0 
2361.0 709.0 
2245.0 720.0 
2245.0 720.0 
2244.0 725.0 
2201.0 729.0 
2244.0 725.0 
2407.0 691.0 
2413.0 681.0 
2446.0 680.0 
2478.0 678.0 
2557.0 666.0 
2549.0 670.0 
2543.0 672.0 
2149.0 754.0 
2149.0 754.0 
2159.0 753.0 
2159.0 753.0 
2148.0 794.0 
2176.0 732.0 
2176.0 732.0 
2392.0 708.0 
2392.0 708.0 
2373.0 716.0 
2382.0 709.0 
2222.0 730.0 
2287.0 726.0 
2647.0 669.0 
2150.0 789.0 
2457.0 681.0 
2157.0 770.0 
2575.0 672.0 
2230.0 733.0 
2405.0 709.0 
2299.0 731.0 
2389.0 721.0 
2575.0 672.0 
2176.0 740.0 
2409.0 691.0 
2164.0 754.0 
2185.0 734.0 
2327.0 728.0 
2163.0 757.0 
2391.0 716.0 
2327.0 728.0 
2442.0 683.0 
