4179.0 1178.0 
4402.0 1128.0 
4518.0 1102.0 
4721.0 1078.0 
4718.0 1082.0 
4249.0 1132.0 
4544.0 1112.0 
5079.0 1095.0 
5079.0 1095.0 
4249.0 1307.0 
4427.0 1144.0 
4485.0 1140.0 
4427.0 1144.0 
4395.0 1181.0 
4285.0 1209.0 
4843.0 1124.0 
5259.0 1121.0 
5361.0 1101.0 
4433.0 1166.0 
4519.0 1146.0 
4403.0 1205.0 
4364.0 1258.0 
4933.0 1140.0 
4933.0 1140.0 
5128.0 1127.0 
4960.0 1133.0 
4575.0 1174.0 
4542.0 1185.0 
4755.0 1155.0 
4459.0 1217.0 
4469.0 1205.0 
4453.0 1281.0 
5162.0 1131.0 
5439.0 1129.0 
5048.0 1139.0 
5048.0 1139.0 
5028.0 1141.0 
4603.0 1178.0 
4796.0 1167.0 
4825.0 1165.0 
4848.0 1155.0 
4504.0 1213.0 
4487.0 1439.0 
5470.0 1130.0 
5470.0 1130.0 
5470.0 1130.0 
5428.0 1145.0 
4757.0 1185.0 
4735.0 1189.0 
4754.0 1187.0 
4779.0 1181.0 
4779.0 1181.0 
4684.0 1203.0 
5244.0 1165.0 
5243.0 1167.0 
5159.0 1171.0 
5066.0 1175.0 
4539.0 1216.0 
4539.0 1216.0 
4528.0 1232.0 
5493.0 1131.0 
4761.0 1193.0 
4785.0 1190.0 
5355.0 1184.0 
4613.0 1216.0 
4531.0 1251.0 
4555.0 1249.0 
4600.0 1233.0 
5682.0 1159.0 
5682.0 1159.0 
5563.0 1181.0 
6067.0 1140.0 
6017.0 1150.0 
4879.0 1206.0 
4973.0 1193.0 
5114.0 1190.0 
4831.0 1208.0 
4943.0 1198.0 
5543.0 1185.0 
4682.0 1220.0 
4535.0 1403.0 
4540.0 1308.0 
4541.0 1287.0 
4599.0 1277.0 
4617.0 1253.0 
5787.0 1162.0 
4584.0 1297.0 
5388.0 1193.0 
5083.0 1201.0 
4623.0 1278.0 
4855.0 1212.0 
5276.0 1194.0 
4756.0 1231.0 
5106.0 1196.0 
4711.0 1252.0 
4600.0 1296.0 
4834.0 1222.0 
4659.0 1267.0 
4783.0 1227.0 
4662.0 1262.0 
