140.0 45.0 
140.0 45.0 
139.0 47.0 
134.0 52.0 
146.0 45.0 
141.0 49.0 
140.0 51.0 
143.0 48.0 
136.0 53.0 
135.0 56.0 
134.0 72.0 
150.0 47.0 
150.0 47.0 
142.0 49.0 
141.0 51.0 
140.0 52.0 
138.0 54.0 
137.0 55.0 
136.0 61.0 
135.0 62.0 
142.0 50.0 
142.0 50.0 
147.0 49.0 
141.0 53.0 
137.0 56.0 
137.0 56.0 
139.0 55.0 
136.0 66.0 
142.0 51.0 
142.0 51.0 
147.0 50.0 
141.0 54.0 
141.0 54.0 
141.0 54.0 
141.0 54.0 
138.0 56.0 
138.0 56.0 
138.0 56.0 
137.0 59.0 
140.0 55.0 
140.0 55.0 
136.0 67.0 
143.0 51.0 
148.0 50.0 
142.0 54.0 
142.0 54.0 
142.0 54.0 
139.0 57.0 
139.0 57.0 
139.0 57.0 
138.0 58.0 
137.0 60.0 
141.0 55.0 
141.0 55.0 
141.0 55.0 
136.0 78.0 
147.0 51.0 
147.0 51.0 
144.0 53.0 
149.0 50.0 
149.0 50.0 
143.0 54.0 
140.0 57.0 
138.0 59.0 
137.0 62.0 
142.0 55.0 
148.0 51.0 
146.0 53.0 
146.0 53.0 
146.0 53.0 
146.0 53.0 
146.0 53.0 
146.0 53.0 
153.0 50.0 
144.0 54.0 
144.0 54.0 
144.0 54.0 
141.0 58.0 
141.0 58.0 
139.0 60.0 
137.0 63.0 
143.0 55.0 
149.0 51.0 
137.0 67.0 
137.0 67.0 
138.0 64.0 
147.0 53.0 
142.0 58.0 
141.0 59.0 
140.0 60.0 
144.0 55.0 
139.0 61.0 
145.0 54.0 
143.0 56.0 
148.0 52.0 
148.0 52.0 
145.0 54.0 
139.0 61.0 
143.0 56.0 
139.0 61.0 
