318.0 296.0 
322.0 289.0 
1849.0 151.0 
939.0 186.0 
384.0 265.0 
422.0 264.0 
425.0 256.0 
1852.0 149.0 
317.0 298.0 
939.0 186.0 
504.0 228.0 
466.0 248.0 
472.0 241.0 
381.0 275.0 
969.0 176.0 
1873.0 134.0 
476.0 230.0 
368.0 280.0 
322.0 289.0 
574.0 213.0 
425.0 256.0 
964.0 178.0 
675.0 198.0 
989.0 173.0 
942.0 179.0 
504.0 228.0 
1525.0 156.0 
548.0 219.0 
1592.0 153.0 
561.0 216.0 
318.0 296.0 
685.0 193.0 
357.0 281.0 
315.0 304.0 
1873.0 134.0 
590.0 203.0 
466.0 248.0 
1232.0 167.0 
398.0 265.0 
389.0 274.0 
395.0 266.0 
1854.0 152.0 
1854.0 152.0 
941.0 187.0 
472.0 246.0 
474.0 245.0 
481.0 241.0 
496.0 234.0 
353.0 291.0 
353.0 291.0 
585.0 214.0 
450.0 263.0 
462.0 256.0 
462.0 256.0 
1053.0 177.0 
1177.0 174.0 
958.0 184.0 
979.0 181.0 
979.0 181.0 
979.0 181.0 
993.0 179.0 
544.0 228.0 
1528.0 166.0 
558.0 220.0 
558.0 220.0 
1694.0 155.0 
1613.0 159.0 
1777.0 153.0 
1694.0 155.0 
575.0 216.0 
566.0 217.0 
319.0 300.0 
350.0 296.0 
350.0 296.0 
323.0 299.0 
845.0 194.0 
843.0 195.0 
701.0 196.0 
845.0 194.0 
358.0 284.0 
372.0 281.0 
360.0 283.0 
2076.0 135.0 
1873.0 136.0 
1873.0 136.0 
613.0 209.0 
661.0 205.0 
628.0 207.0 
604.0 211.0 
661.0 205.0 
468.0 252.0 
468.0 252.0 
1512.0 169.0 
1525.0 168.0 
1326.0 171.0 
1512.0 169.0 
319.0 301.0 
1989.0 142.0 
476.0 245.0 
372.0 282.0 
