1197.0 137.0 
323.0 252.0 
1197.0 137.0 
329.0 249.0 
1476.0 123.0 
1187.0 138.0 
1215.0 135.0 
546.0 168.0 
342.0 242.0 
366.0 192.0 
830.0 155.0 
450.0 178.0 
706.0 160.0 
323.0 252.0 
487.0 173.0 
366.0 192.0 
443.0 180.0 
487.0 173.0 
539.0 170.0 
838.0 151.0 
1236.0 132.0 
1159.0 139.0 
722.0 158.0 
365.0 198.0 
361.0 215.0 
1476.0 123.0 
1476.0 123.0 
838.0 151.0 
1476.0 123.0 
366.0 192.0 
329.0 249.0 
365.0 198.0 
1803.0 114.0 
1595.0 118.0 
1807.0 112.0 
315.0 256.0 
1004.0 143.0 
830.0 155.0 
1342.0 130.0 
329.0 249.0 
365.0 198.0 
1833.0 109.0 
350.0 220.0 
910.0 146.0 
1759.0 115.0 
539.0 170.0 
584.0 166.0 
700.0 162.0 
1093.0 140.0 
362.0 201.0 
1223.0 134.0 
1708.0 116.0 
936.0 144.0 
738.0 156.0 
349.0 235.0 
1476.0 123.0 
1541.0 120.0 
1474.0 127.0 
1852.0 108.0 
699.0 163.0 
347.0 238.0 
1236.0 132.0 
830.0 155.0 
606.0 165.0 
315.0 256.0 
1187.0 138.0 
1837.0 110.0 
1837.0 110.0 
319.0 258.0 
319.0 258.0 
1128.0 140.0 
712.0 160.0 
1237.0 135.0 
1632.0 119.0 
1481.0 127.0 
548.0 169.0 
366.0 212.0 
330.0 252.0 
1080.0 143.0 
351.0 239.0 
1763.0 118.0 
359.0 225.0 
440.0 194.0 
1792.0 115.0 
430.0 198.0 
628.0 165.0 
354.0 238.0 
491.0 174.0 
847.0 152.0 
443.0 184.0 
1354.0 131.0 
377.0 203.0 
620.0 166.0 
835.0 155.0 
490.0 178.0 
1283.0 133.0 
360.0 223.0 
1489.0 123.0 
446.0 181.0 
768.0 156.0 
