79.0 41.0 
79.0 41.0 
96.0 37.0 
76.0 42.0 
79.0 41.0 
98.0 36.0 
79.0 41.0 
79.0 41.0 
79.0 41.0 
79.0 41.0 
79.0 41.0 
79.0 41.0 
79.0 41.0 
79.0 41.0 
79.0 41.0 
92.0 38.0 
98.0 36.0 
76.0 42.0 
79.0 41.0 
76.0 42.0 
79.0 41.0 
116.0 35.0 
79.0 41.0 
98.0 36.0 
79.0 41.0 
79.0 41.0 
76.0 42.0 
96.0 37.0 
92.0 38.0 
92.0 38.0 
116.0 35.0 
76.0 42.0 
79.0 41.0 
96.0 37.0 
79.0 41.0 
79.0 41.0 
79.0 41.0 
79.0 41.0 
79.0 41.0 
116.0 35.0 
98.0 36.0 
79.0 41.0 
92.0 38.0 
80.0 39.0 
92.0 38.0 
79.0 41.0 
79.0 41.0 
76.0 42.0 
96.0 37.0 
76.0 42.0 
79.0 41.0 
116.0 35.0 
98.0 36.0 
79.0 41.0 
116.0 35.0 
79.0 41.0 
98.0 36.0 
79.0 41.0 
79.0 41.0 
98.0 36.0 
116.0 35.0 
79.0 41.0 
79.0 41.0 
79.0 41.0 
76.0 42.0 
79.0 41.0 
98.0 36.0 
98.0 36.0 
116.0 35.0 
79.0 41.0 
79.0 41.0 
76.0 42.0 
116.0 35.0 
79.0 41.0 
76.0 42.0 
92.0 38.0 
96.0 37.0 
117.0 35.0 
117.0 35.0 
76.0 44.0 
76.0 44.0 
99.0 36.0 
85.0 39.0 
93.0 38.0 
93.0 38.0 
98.0 37.0 
80.0 42.0 
77.0 43.0 
83.0 40.0 
82.0 41.0 
80.0 42.0 
83.0 40.0 
99.0 36.0 
82.0 41.0 
77.0 43.0 
98.0 37.0 
83.0 40.0 
83.0 40.0 
83.0 40.0 
83.0 40.0 
