230.0 195.0 
230.0 195.0 
1509.0 95.0 
1018.0 112.0 
889.0 117.0 
1320.0 101.0 
646.0 130.0 
293.0 167.0 
1077.0 110.0 
260.0 172.0 
412.0 148.0 
295.0 158.0 
1182.0 108.0 
1425.0 100.0 
253.0 181.0 
251.0 183.0 
231.0 192.0 
727.0 128.0 
546.0 136.0 
1499.0 99.0 
274.0 168.0 
543.0 138.0 
889.0 117.0 
468.0 143.0 
1317.0 104.0 
625.0 131.0 
1425.0 100.0 
515.0 141.0 
1077.0 110.0 
357.0 150.0 
463.0 144.0 
1236.0 107.0 
1182.0 108.0 
1267.0 105.0 
306.0 154.0 
357.0 150.0 
310.0 152.0 
839.0 121.0 
730.0 126.0 
439.0 147.0 
807.0 123.0 
594.0 134.0 
759.0 124.0 
859.0 120.0 
231.0 192.0 
260.0 172.0 
754.0 125.0 
515.0 141.0 
251.0 183.0 
1267.0 105.0 
1236.0 107.0 
859.0 120.0 
299.0 157.0 
597.0 133.0 
813.0 122.0 
439.0 147.0 
1506.0 97.0 
253.0 181.0 
310.0 152.0 
597.0 133.0 
594.0 134.0 
1506.0 97.0 
727.0 128.0 
1499.0 99.0 
299.0 157.0 
813.0 122.0 
807.0 123.0 
759.0 124.0 
1317.0 104.0 
295.0 158.0 
293.0 167.0 
230.0 195.0 
1425.0 100.0 
1182.0 108.0 
1077.0 110.0 
357.0 150.0 
231.0 192.0 
515.0 141.0 
251.0 183.0 
1267.0 105.0 
597.0 133.0 
859.0 120.0 
1317.0 104.0 
439.0 147.0 
727.0 128.0 
299.0 157.0 
1499.0 99.0 
813.0 122.0 
295.0 158.0 
1425.0 100.0 
231.0 192.0 
515.0 141.0 
597.0 133.0 
859.0 120.0 
1317.0 104.0 
439.0 147.0 
251.0 183.0 
1077.0 110.0 
1499.0 99.0 
813.0 122.0 
