767.0 232.0 
1134.0 225.0 
1074.0 227.0 
665.0 248.0 
689.0 242.0 
702.0 237.0 
447.0 274.0 
628.0 252.0 
1613.0 200.0 
767.0 232.0 
750.0 236.0 
432.0 303.0 
1613.0 200.0 
530.0 263.0 
608.0 255.0 
1134.0 225.0 
702.0 237.0 
534.0 256.0 
408.0 315.0 
1628.0 193.0 
1483.0 209.0 
1759.0 190.0 
1502.0 206.0 
447.0 274.0 
1368.0 214.0 
1338.0 220.0 
1224.0 222.0 
1180.0 223.0 
1783.0 186.0 
1108.0 231.0 
693.0 250.0 
628.0 254.0 
767.0 233.0 
1617.0 204.0 
1153.0 227.0 
704.0 237.0 
589.0 257.0 
544.0 266.0 
610.0 256.0 
589.0 257.0 
408.0 317.0 
443.0 316.0 
1717.0 199.0 
1749.0 197.0 
1670.0 201.0 
1653.0 203.0 
1491.0 209.0 
1491.0 209.0 
1491.0 209.0 
1491.0 209.0 
1491.0 209.0 
1540.0 206.0 
526.0 274.0 
454.0 276.0 
512.0 275.0 
1476.0 215.0 
1361.0 221.0 
1353.0 222.0 
1185.0 223.0 
1185.0 223.0 
1794.0 188.0 
427.0 340.0 
1873.0 191.0 
1140.0 231.0 
823.0 233.0 
446.0 317.0 
430.0 323.0 
1482.0 218.0 
455.0 294.0 
1506.0 209.0 
1690.0 201.0 
460.0 281.0 
516.0 275.0 
1403.0 222.0 
694.0 253.0 
1267.0 224.0 
594.0 261.0 
760.0 242.0 
1609.0 208.0 
706.0 249.0 
598.0 257.0 
456.0 288.0 
1195.0 226.0 
1622.0 205.0 
811.0 239.0 
1171.0 229.0 
568.0 271.0 
1403.0 222.0 
1776.0 198.0 
1802.0 196.0 
1844.0 194.0 
1262.0 225.0 
562.0 273.0 
785.0 241.0 
455.0 294.0 
702.0 250.0 
568.0 271.0 
1778.0 197.0 
598.0 257.0 
1617.0 206.0 
