767.0 232.0 
767.0 232.0 
750.0 236.0 
408.0 315.0 
1016.0 218.0 
430.0 273.0 
411.0 291.0 
679.0 240.0 
750.0 236.0 
430.0 273.0 
914.0 231.0 
428.0 275.0 
406.0 342.0 
1644.0 180.0 
656.0 242.0 
450.0 256.0 
1705.0 179.0 
1737.0 174.0 
409.0 292.0 
972.0 221.0 
1374.0 194.0 
409.0 292.0 
696.0 237.0 
1022.0 201.0 
1567.0 190.0 
411.0 291.0 
495.0 245.0 
439.0 260.0 
1291.0 198.0 
767.0 233.0 
786.0 232.0 
767.0 233.0 
408.0 317.0 
408.0 317.0 
428.0 277.0 
1649.0 186.0 
1654.0 185.0 
689.0 242.0 
486.0 258.0 
1730.0 180.0 
1779.0 174.0 
1006.0 224.0 
1006.0 224.0 
987.0 225.0 
1540.0 195.0 
1409.0 196.0 
1409.0 196.0 
409.0 310.0 
702.0 237.0 
702.0 237.0 
1108.0 205.0 
1032.0 218.0 
1072.0 212.0 
1251.0 203.0 
1628.0 193.0 
1628.0 193.0 
1628.0 193.0 
1572.0 194.0 
1646.0 191.0 
424.0 298.0 
415.0 309.0 
424.0 298.0 
540.0 249.0 
629.0 247.0 
669.0 246.0 
511.0 256.0 
448.0 264.0 
441.0 269.0 
444.0 268.0 
1789.0 178.0 
419.0 313.0 
419.0 313.0 
994.0 229.0 
1286.0 204.0 
1511.0 197.0 
433.0 293.0 
823.0 233.0 
1163.0 209.0 
1652.0 193.0 
447.0 274.0 
1409.0 200.0 
692.0 242.0 
1050.0 218.0 
1740.0 188.0 
1039.0 220.0 
1159.0 215.0 
797.0 234.0 
643.0 248.0 
1778.0 180.0 
704.0 237.0 
565.0 250.0 
1413.0 199.0 
490.0 262.0 
448.0 265.0 
430.0 305.0 
1699.0 189.0 
447.0 274.0 
534.0 256.0 
432.0 301.0 
604.0 249.0 
