1218.0 153.0 
1218.0 153.0 
1186.0 154.0 
1218.0 153.0 
1186.0 154.0 
571.0 183.0 
349.0 210.0 
1186.0 154.0 
647.0 181.0 
1337.0 141.0 
711.0 179.0 
1252.0 151.0 
1579.0 138.0 
592.0 182.0 
1537.0 139.0 
888.0 160.0 
1186.0 154.0 
430.0 196.0 
647.0 181.0 
571.0 183.0 
843.0 165.0 
381.0 203.0 
1292.0 149.0 
349.0 210.0 
465.0 195.0 
1069.0 158.0 
1293.0 147.0 
888.0 160.0 
1579.0 138.0 
1186.0 154.0 
337.0 231.0 
726.0 174.0 
566.0 190.0 
1660.0 135.0 
352.0 207.0 
838.0 169.0 
592.0 182.0 
1019.0 159.0 
841.0 167.0 
1071.0 157.0 
888.0 160.0 
1186.0 154.0 
414.0 198.0 
1333.0 144.0 
843.0 165.0 
551.0 193.0 
752.0 172.0 
1252.0 151.0 
465.0 195.0 
329.0 270.0 
1257.0 150.0 
1677.0 135.0 
332.0 271.0 
337.0 232.0 
1335.0 144.0 
1574.0 143.0 
351.0 215.0 
742.0 175.0 
674.0 182.0 
573.0 183.0 
1005.0 162.0 
383.0 212.0 
1273.0 152.0 
457.0 196.0 
731.0 181.0 
544.0 195.0 
844.0 173.0 
1186.0 155.0 
1103.0 157.0 
930.0 164.0 
893.0 166.0 
1191.0 154.0 
571.0 190.0 
384.0 204.0 
1583.0 141.0 
1103.0 157.0 
1041.0 160.0 
1627.0 140.0 
572.0 189.0 
1041.0 160.0 
434.0 198.0 
390.0 203.0 
862.0 169.0 
847.0 171.0 
930.0 164.0 
1642.0 139.0 
1318.0 147.0 
417.0 201.0 
421.0 199.0 
1642.0 139.0 
544.0 195.0 
1318.0 147.0 
875.0 168.0 
1299.0 149.0 
1292.0 150.0 
875.0 168.0 
1299.0 149.0 
1292.0 150.0 
1191.0 154.0 
417.0 201.0 
