150.0 90.0 
171.0 74.0 
157.0 82.0 
221.0 72.0 
150.0 90.0 
176.0 75.0 
182.0 74.0 
165.0 89.0 
238.0 72.0 
156.0 90.0 
154.0 93.0 
153.0 103.0 
176.0 86.0 
178.0 76.0 
183.0 74.0 
256.0 73.0 
156.0 92.0 
165.0 90.0 
156.0 92.0 
177.0 86.0 
179.0 84.0 
181.0 76.0 
181.0 76.0 
180.0 81.0 
254.0 74.0 
254.0 74.0 
186.0 75.0 
159.0 103.0 
160.0 92.0 
159.0 103.0 
156.0 107.0 
178.0 87.0 
177.0 88.0 
179.0 86.0 
179.0 86.0 
182.0 77.0 
199.0 75.0 
199.0 75.0 
189.0 76.0 
167.0 93.0 
167.0 93.0 
170.0 92.0 
160.0 94.0 
159.0 108.0 
180.0 88.0 
182.0 82.0 
183.0 77.0 
182.0 82.0 
259.0 75.0 
207.0 76.0 
169.0 93.0 
179.0 92.0 
160.0 96.0 
181.0 90.0 
181.0 90.0 
183.0 81.0 
185.0 77.0 
260.0 75.0 
247.0 76.0 
175.0 95.0 
166.0 96.0 
163.0 97.0 
161.0 111.0 
162.0 102.0 
181.0 94.0 
183.0 83.0 
184.0 81.0 
187.0 77.0 
187.0 77.0 
185.0 78.0 
185.0 78.0 
187.0 77.0 
179.0 95.0 
171.0 96.0 
165.0 98.0 
164.0 109.0 
182.0 94.0 
183.0 84.0 
184.0 82.0 
184.0 82.0 
185.0 80.0 
186.0 78.0 
185.0 80.0 
185.0 80.0 
185.0 80.0 
186.0 78.0 
185.0 80.0 
198.0 77.0 
181.0 97.0 
165.0 105.0 
165.0 105.0 
167.0 98.0 
201.0 77.0 
201.0 77.0 
165.0 110.0 
173.0 98.0 
189.0 78.0 
170.0 100.0 
183.0 85.0 
169.0 109.0 
