2328.0 700.0 
2253.0 701.0 
2332.0 685.0 
2220.0 737.0 
2135.0 798.0 
2176.0 777.0 
2177.0 758.0 
2196.0 741.0 
2147.0 787.0 
2243.0 730.0 
2255.0 715.0 
2312.0 708.0 
2260.0 709.0 
2328.0 705.0 
2254.0 724.0 
2312.0 708.0 
2321.0 706.0 
2328.0 705.0 
2260.0 709.0 
2372.0 685.0 
2367.0 688.0 
2136.0 798.0 
2184.0 763.0 
2205.0 747.0 
2208.0 742.0 
2207.0 746.0 
2157.0 788.0 
2157.0 788.0 
2157.0 788.0 
2154.0 790.0 
2248.0 739.0 
2253.0 737.0 
2256.0 720.0 
2344.0 705.0 
2288.0 717.0 
2288.0 717.0 
2273.0 718.0 
2299.0 711.0 
2288.0 717.0 
2304.0 710.0 
2382.0 686.0 
2379.0 692.0 
2149.0 798.0 
2148.0 803.0 
2184.0 769.0 
2205.0 761.0 
2220.0 744.0 
2237.0 743.0 
2167.0 789.0 
2154.0 791.0 
2252.0 739.0 
2253.0 738.0 
2261.0 724.0 
2261.0 724.0 
2261.0 724.0 
2359.0 706.0 
2345.0 709.0 
2284.0 720.0 
2285.0 718.0 
2302.0 717.0 
2322.0 714.0 
2305.0 715.0 
2334.0 713.0 
2340.0 710.0 
2383.0 693.0 
2380.0 705.0 
2148.0 806.0 
2196.0 769.0 
2186.0 780.0 
2227.0 749.0 
2225.0 750.0 
2220.0 760.0 
2239.0 744.0 
2239.0 744.0 
2154.0 797.0 
2163.0 795.0 
2162.0 796.0 
2164.0 791.0 
2256.0 740.0 
2256.0 740.0 
2386.0 693.0 
2160.0 805.0 
2160.0 805.0 
2200.0 770.0 
2266.0 724.0 
2229.0 750.0 
2375.0 710.0 
2188.0 787.0 
2305.0 720.0 
2313.0 717.0 
2257.0 740.0 
2181.0 794.0 
2249.0 745.0 
2354.0 711.0 
2165.0 796.0 
2338.0 714.0 
2256.0 741.0 
2233.0 749.0 
2338.0 714.0 
2163.0 799.0 
