334.0 181.0 
1546.0 101.0 
1546.0 101.0 
334.0 181.0 
652.0 144.0 
361.0 165.0 
1178.0 115.0 
1016.0 122.0 
1632.0 98.0 
702.0 141.0 
361.0 165.0 
1546.0 101.0 
1632.0 98.0 
765.0 134.0 
901.0 128.0 
361.0 165.0 
683.0 142.0 
1444.0 104.0 
1547.0 100.0 
765.0 134.0 
652.0 144.0 
334.0 181.0 
702.0 141.0 
425.0 155.0 
408.0 161.0 
1547.0 100.0 
505.0 153.0 
720.0 137.0 
792.0 130.0 
652.0 144.0 
369.0 164.0 
1034.0 119.0 
1228.0 111.0 
720.0 137.0 
989.0 123.0 
505.0 153.0 
353.0 178.0 
354.0 177.0 
332.0 182.0 
1038.0 118.0 
702.0 141.0 
1417.0 106.0 
361.0 165.0 
1039.0 117.0 
1417.0 106.0 
1520.0 102.0 
1547.0 100.0 
556.0 145.0 
792.0 130.0 
1714.0 94.0 
1093.0 116.0 
765.0 134.0 
353.0 178.0 
957.0 126.0 
318.0 193.0 
1204.0 114.0 
505.0 153.0 
505.0 153.0 
361.0 165.0 
683.0 142.0 
1228.0 111.0 
556.0 145.0 
505.0 153.0 
1417.0 106.0 
702.0 141.0 
957.0 126.0 
989.0 123.0 
1713.0 95.0 
323.0 184.0 
765.0 134.0 
1520.0 102.0 
989.0 123.0 
323.0 184.0 
1734.0 93.0 
1329.0 107.0 
318.0 193.0 
1282.0 110.0 
1017.0 120.0 
765.0 134.0 
1714.0 94.0 
332.0 182.0 
1632.0 98.0 
720.0 137.0 
1629.0 99.0 
530.0 148.0 
877.0 129.0 
1682.0 96.0 
989.0 123.0 
523.0 151.0 
721.0 136.0 
369.0 164.0 
720.0 137.0 
702.0 141.0 
361.0 165.0 
361.0 165.0 
421.0 157.0 
961.0 125.0 
556.0 145.0 
318.0 198.0 
318.0 198.0 
