27.0 7.0 
27.0 7.0 
27.0 7.0 
24.0 8.0 
28.0 7.0 
26.0 8.0 
26.0 8.0 
26.0 9.0 
26.0 9.0 
27.0 8.0 
32.0 8.0 
32.0 8.0 
27.0 9.0 
32.0 8.0 
27.0 13.0 
29.0 10.0 
29.0 10.0 
30.0 9.0 
33.0 8.0 
33.0 8.0 
33.0 8.0 
27.0 14.0 
29.0 11.0 
31.0 9.0 
31.0 9.0 
31.0 9.0 
30.0 10.0 
30.0 10.0 
30.0 10.0 
30.0 10.0 
30.0 10.0 
30.0 10.0 
30.0 10.0 
30.0 10.0 
30.0 10.0 
30.0 10.0 
31.0 9.0 
30.0 10.0 
30.0 10.0 
30.0 10.0 
30.0 10.0 
30.0 10.0 
30.0 10.0 
30.0 10.0 
31.0 9.0 
28.0 15.0 
29.0 14.0 
29.0 14.0 
30.0 11.0 
30.0 11.0 
30.0 11.0 
35.0 9.0 
31.0 10.0 
31.0 10.0 
31.0 10.0 
31.0 10.0 
35.0 9.0 
31.0 10.0 
31.0 10.0 
31.0 10.0 
40.0 9.0 
40.0 9.0 
31.0 11.0 
31.0 11.0 
32.0 10.0 
31.0 11.0 
32.0 10.0 
31.0 11.0 
43.0 9.0 
33.0 10.0 
33.0 10.0 
33.0 10.0 
33.0 10.0 
32.0 11.0 
32.0 11.0 
34.0 10.0 
34.0 10.0 
33.0 11.0 
33.0 11.0 
33.0 11.0 
32.0 12.0 
33.0 11.0 
33.0 11.0 
35.0 10.0 
35.0 10.0 
32.0 14.0 
33.0 12.0 
33.0 12.0 
34.0 11.0 
34.0 11.0 
35.0 10.0 
35.0 10.0 
35.0 10.0 
35.0 10.0 
33.0 12.0 
33.0 12.0 
33.0 12.0 
33.0 12.0 
34.0 11.0 
33.0 12.0 
