126.0 172.0 
127.0 129.0 
130.0 67.0 
126.0 172.0 
164.0 67.0 
164.0 67.0 
133.0 69.0 
164.0 67.0 
130.0 145.0 
164.0 67.0 
127.0 174.0 
163.0 70.0 
147.0 71.0 
140.0 74.0 
140.0 74.0 
147.0 71.0 
135.0 75.0 
132.0 164.0 
130.0 173.0 
133.0 151.0 
130.0 173.0 
132.0 164.0 
130.0 173.0 
185.0 69.0 
128.0 187.0 
129.0 181.0 
153.0 72.0 
139.0 77.0 
135.0 111.0 
139.0 77.0 
135.0 111.0 
185.0 71.0 
192.0 70.0 
130.0 196.0 
130.0 196.0 
133.0 183.0 
179.0 73.0 
154.0 76.0 
156.0 75.0 
140.0 79.0 
148.0 77.0 
137.0 116.0 
136.0 180.0 
196.0 72.0 
196.0 72.0 
196.0 72.0 
133.0 184.0 
182.0 73.0 
155.0 76.0 
147.0 82.0 
143.0 97.0 
144.0 96.0 
147.0 82.0 
144.0 96.0 
148.0 78.0 
138.0 122.0 
182.0 74.0 
143.0 110.0 
143.0 110.0 
147.0 83.0 
144.0 101.0 
144.0 101.0 
155.0 79.0 
154.0 82.0 
155.0 79.0 
163.0 78.0 
139.0 131.0 
138.0 160.0 
185.0 74.0 
148.0 88.0 
144.0 103.0 
156.0 81.0 
156.0 81.0 
155.0 87.0 
166.0 78.0 
140.0 133.0 
139.0 195.0 
187.0 76.0 
196.0 74.0 
149.0 90.0 
149.0 90.0 
150.0 89.0 
144.0 111.0 
144.0 111.0 
144.0 111.0 
158.0 81.0 
157.0 85.0 
158.0 81.0 
173.0 78.0 
140.0 180.0 
141.0 168.0 
143.0 134.0 
197.0 75.0 
197.0 75.0 
142.0 199.0 
191.0 77.0 
160.0 81.0 
143.0 179.0 
144.0 141.0 
146.0 115.0 
