1593.0 91.0 
270.0 203.0 
270.0 203.0 
1593.0 91.0 
1350.0 100.0 
1458.0 96.0 
682.0 129.0 
294.0 182.0 
972.0 114.0 
1566.0 94.0 
316.0 167.0 
574.0 132.0 
1242.0 104.0 
293.0 190.0 
329.0 156.0 
1026.0 113.0 
1188.0 107.0 
289.0 193.0 
444.0 142.0 
892.0 117.0 
1242.0 104.0 
297.0 174.0 
866.0 120.0 
786.0 123.0 
301.0 168.0 
567.0 135.0 
1080.0 112.0 
1107.0 110.0 
339.0 150.0 
733.0 127.0 
297.0 174.0 
542.0 139.0 
497.0 140.0 
1161.0 109.0 
393.0 149.0 
497.0 140.0 
813.0 122.0 
892.0 117.0 
329.0 156.0 
289.0 193.0 
332.0 152.0 
437.0 145.0 
813.0 122.0 
1164.0 108.0 
760.0 125.0 
733.0 127.0 
866.0 120.0 
760.0 125.0 
1586.0 93.0 
574.0 132.0 
549.0 137.0 
1107.0 110.0 
1080.0 112.0 
419.0 147.0 
549.0 137.0 
437.0 145.0 
411.0 148.0 
419.0 147.0 
393.0 149.0 
332.0 152.0 
316.0 167.0 
411.0 148.0 
339.0 150.0 
542.0 139.0 
1586.0 93.0 
301.0 168.0 
1161.0 109.0 
1593.0 91.0 
1242.0 104.0 
297.0 174.0 
329.0 156.0 
289.0 193.0 
813.0 122.0 
733.0 127.0 
892.0 117.0 
574.0 132.0 
760.0 125.0 
437.0 145.0 
393.0 149.0 
332.0 152.0 
339.0 150.0 
549.0 137.0 
542.0 139.0 
301.0 168.0 
1161.0 109.0 
289.0 193.0 
760.0 125.0 
437.0 145.0 
393.0 149.0 
332.0 152.0 
339.0 150.0 
542.0 139.0 
301.0 168.0 
329.0 156.0 
332.0 152.0 
393.0 149.0 
437.0 145.0 
1242.0 104.0 
813.0 122.0 
733.0 127.0 
