904.0 140.0 
380.0 183.0 
1688.0 108.0 
1688.0 108.0 
348.0 193.0 
1688.0 108.0 
346.0 195.0 
420.0 169.0 
323.0 198.0 
312.0 200.0 
645.0 154.0 
716.0 146.0 
316.0 199.0 
1082.0 130.0 
348.0 193.0 
289.0 229.0 
772.0 141.0 
1002.0 134.0 
904.0 140.0 
451.0 167.0 
412.0 175.0 
323.0 198.0 
1000.0 135.0 
1082.0 130.0 
1739.0 107.0 
525.0 162.0 
716.0 146.0 
351.0 192.0 
367.0 191.0 
371.0 185.0 
418.0 170.0 
540.0 160.0 
645.0 154.0 
348.0 193.0 
1441.0 114.0 
289.0 229.0 
1082.0 130.0 
323.0 198.0 
420.0 169.0 
745.0 143.0 
716.0 146.0 
380.0 183.0 
289.0 229.0 
1133.0 128.0 
410.0 178.0 
992.0 136.0 
904.0 140.0 
1741.0 104.0 
462.0 165.0 
1394.0 119.0 
667.0 148.0 
1286.0 123.0 
1082.0 130.0 
603.0 156.0 
703.0 147.0 
299.0 213.0 
367.0 191.0 
290.0 216.0 
1144.0 124.0 
401.0 180.0 
312.0 200.0 
290.0 216.0 
540.0 160.0 
908.0 137.0 
1468.0 113.0 
574.0 158.0 
309.0 201.0 
433.0 168.0 
413.0 171.0 
1024.0 132.0 
1688.0 108.0 
1143.0 125.0 
476.0 163.0 
420.0 169.0 
772.0 141.0 
1675.0 112.0 
289.0 234.0 
289.0 234.0 
1742.0 106.0 
579.0 159.0 
1361.0 124.0 
1144.0 125.0 
1559.0 119.0 
290.0 221.0 
301.0 213.0 
670.0 149.0 
678.0 148.0 
480.0 163.0 
1420.0 121.0 
797.0 141.0 
312.0 202.0 
367.0 192.0 
913.0 140.0 
1584.0 113.0 
997.0 136.0 
797.0 141.0 
1678.0 112.0 
1138.0 129.0 
374.0 185.0 
340.0 198.0 
