1751.0 94.0 
1751.0 94.0 
296.0 186.0 
282.0 206.0 
1349.0 107.0 
731.0 132.0 
1622.0 96.0 
314.0 176.0 
914.0 122.0 
1109.0 115.0 
1437.0 105.0 
1291.0 109.0 
314.0 176.0 
296.0 186.0 
950.0 121.0 
1457.0 103.0 
1165.0 113.0 
500.0 145.0 
579.0 139.0 
1536.0 102.0 
343.0 156.0 
469.0 150.0 
554.0 143.0 
1541.0 101.0 
569.0 140.0 
334.0 157.0 
684.0 136.0 
1165.0 113.0 
1597.0 97.0 
1588.0 100.0 
728.0 133.0 
282.0 206.0 
950.0 121.0 
1595.0 99.0 
684.0 136.0 
728.0 133.0 
554.0 143.0 
494.0 148.0 
492.0 149.0 
579.0 139.0 
1588.0 100.0 
494.0 148.0 
334.0 157.0 
492.0 149.0 
1751.0 94.0 
296.0 186.0 
282.0 206.0 
684.0 136.0 
554.0 143.0 
334.0 157.0 
1751.0 94.0 
296.0 186.0 
684.0 136.0 
684.0 136.0 
684.0 136.0 
684.0 136.0 
684.0 136.0 
1190.0 112.0 
1597.0 97.0 
569.0 140.0 
554.0 143.0 
273.0 209.0 
728.0 133.0 
310.0 181.0 
469.0 150.0 
1437.0 105.0 
331.0 162.0 
579.0 139.0 
840.0 127.0 
659.0 138.0 
1588.0 100.0 
1291.0 109.0 
296.0 186.0 
1076.0 119.0 
296.0 186.0 
275.0 208.0 
343.0 156.0 
569.0 140.0 
412.0 152.0 
387.0 154.0 
1457.0 103.0 
282.0 206.0 
896.0 125.0 
314.0 176.0 
554.0 143.0 
1541.0 101.0 
1751.0 94.0 
1165.0 113.0 
684.0 136.0 
1349.0 107.0 
1165.0 113.0 
554.0 143.0 
296.0 186.0 
275.0 210.0 
275.0 210.0 
1751.0 95.0 
318.0 177.0 
314.0 206.0 
1482.0 104.0 
915.0 122.0 
