22.0 4.0 
22.0 4.0 
22.0 4.0 
22.0 4.0 
22.0 4.0 
22.0 4.0 
22.0 4.0 
22.0 4.0 
22.0 4.0 
22.0 4.0 
22.0 4.0 
22.0 4.0 
22.0 4.0 
22.0 4.0 
22.0 4.0 
22.0 4.0 
22.0 4.0 
22.0 4.0 
22.0 4.0 
22.0 4.0 
22.0 4.0 
22.0 4.0 
22.0 4.0 
22.0 4.0 
22.0 4.0 
22.0 4.0 
22.0 4.0 
22.0 4.0 
22.0 4.0 
22.0 4.0 
22.0 4.0 
22.0 4.0 
22.0 4.0 
22.0 4.0 
22.0 4.0 
22.0 4.0 
22.0 4.0 
22.0 4.0 
22.0 4.0 
22.0 4.0 
22.0 4.0 
22.0 4.0 
22.0 4.0 
22.0 4.0 
22.0 4.0 
22.0 4.0 
22.0 4.0 
22.0 4.0 
22.0 4.0 
22.0 4.0 
22.0 4.0 
22.0 4.0 
22.0 4.0 
22.0 4.0 
22.0 4.0 
22.0 4.0 
22.0 4.0 
22.0 4.0 
23.0 4.0 
23.0 4.0 
23.0 4.0 
23.0 4.0 
23.0 4.0 
23.0 4.0 
23.0 4.0 
23.0 4.0 
23.0 4.0 
23.0 4.0 
23.0 4.0 
23.0 4.0 
22.0 5.0 
23.0 4.0 
23.0 4.0 
23.0 4.0 
23.0 4.0 
23.0 4.0 
24.0 5.0 
24.0 5.0 
24.0 5.0 
24.0 5.0 
24.0 5.0 
24.0 5.0 
24.0 5.0 
24.0 5.0 
24.0 5.0 
24.0 5.0 
24.0 5.0 
24.0 5.0 
24.0 5.0 
24.0 5.0 
24.0 5.0 
24.0 5.0 
24.0 5.0 
24.0 5.0 
24.0 5.0 
24.0 5.0 
24.0 5.0 
24.0 5.0 
24.0 5.0 
24.0 5.0 
