60.0 42.0 
60.0 42.0 
60.0 42.0 
54.0 51.0 
59.0 45.0 
60.0 42.0 
60.0 42.0 
55.0 56.0 
59.0 52.0 
61.0 42.0 
58.0 107.0 
58.0 107.0 
59.0 55.0 
61.0 43.0 
61.0 43.0 
61.0 43.0 
58.0 111.0 
60.0 62.0 
59.0 108.0 
71.0 44.0 
66.0 45.0 
77.0 43.0 
61.0 58.0 
77.0 43.0 
71.0 44.0 
62.0 56.0 
71.0 44.0 
61.0 58.0 
63.0 47.0 
77.0 43.0 
60.0 63.0 
66.0 46.0 
66.0 46.0 
70.0 45.0 
62.0 57.0 
72.0 44.0 
61.0 59.0 
61.0 59.0 
61.0 59.0 
61.0 59.0 
61.0 59.0 
61.0 59.0 
65.0 50.0 
64.0 54.0 
60.0 104.0 
60.0 104.0 
67.0 47.0 
73.0 45.0 
78.0 44.0 
61.0 60.0 
65.0 53.0 
64.0 57.0 
64.0 57.0 
60.0 105.0 
68.0 51.0 
68.0 51.0 
71.0 50.0 
77.0 45.0 
77.0 45.0 
73.0 48.0 
74.0 46.0 
85.0 44.0 
62.0 61.0 
65.0 54.0 
64.0 59.0 
61.0 109.0 
69.0 53.0 
72.0 52.0 
78.0 45.0 
75.0 47.0 
86.0 44.0 
86.0 44.0 
86.0 44.0 
63.0 62.0 
62.0 77.0 
66.0 55.0 
64.0 60.0 
64.0 60.0 
64.0 60.0 
64.0 60.0 
64.0 60.0 
64.0 60.0 
61.0 110.0 
87.0 44.0 
87.0 44.0 
63.0 64.0 
62.0 108.0 
78.0 46.0 
66.0 57.0 
85.0 45.0 
70.0 53.0 
73.0 52.0 
75.0 50.0 
75.0 50.0 
69.0 54.0 
73.0 52.0 
85.0 45.0 
69.0 54.0 
73.0 52.0 
75.0 50.0 
