2063.0 614.0 
2063.0 614.0 
2102.0 598.0 
2193.0 597.0 
2077.0 605.0 
2053.0 626.0 
1929.0 650.0 
1930.0 633.0 
2253.0 596.0 
2063.0 614.0 
2288.0 590.0 
1978.0 628.0 
2177.0 601.0 
2201.0 600.0 
2175.0 607.0 
2138.0 612.0 
1937.0 679.0 
1930.0 681.0 
1970.0 634.0 
1940.0 649.0 
1937.0 679.0 
2284.0 598.0 
2071.0 617.0 
2064.0 618.0 
2105.0 615.0 
2105.0 615.0 
2299.0 594.0 
2310.0 591.0 
2310.0 591.0 
2046.0 628.0 
2046.0 628.0 
2211.0 600.0 
2211.0 600.0 
2168.0 614.0 
2180.0 612.0 
1933.0 690.0 
1934.0 684.0 
2025.0 635.0 
1975.0 637.0 
1940.0 673.0 
1944.0 654.0 
1942.0 666.0 
2290.0 599.0 
2078.0 618.0 
2072.0 621.0 
2072.0 621.0 
2078.0 618.0 
2072.0 621.0 
2136.0 617.0 
2136.0 617.0 
2136.0 617.0 
2136.0 617.0 
2136.0 617.0 
2303.0 594.0 
2050.0 629.0 
2048.0 634.0 
2244.0 600.0 
2215.0 609.0 
2225.0 603.0 
2171.0 615.0 
2180.0 613.0 
2205.0 612.0 
1938.0 688.0 
1938.0 688.0 
2006.0 643.0 
1977.0 644.0 
2025.0 638.0 
2010.0 641.0 
1959.0 658.0 
1945.0 663.0 
1959.0 658.0 
1943.0 682.0 
2302.0 599.0 
2302.0 599.0 
2302.0 599.0 
2302.0 599.0 
2302.0 599.0 
2104.0 619.0 
2081.0 621.0 
2080.0 622.0 
2148.0 617.0 
2138.0 618.0 
2313.0 595.0 
2056.0 629.0 
1944.0 687.0 
2317.0 597.0 
2225.0 605.0 
2059.0 631.0 
2261.0 603.0 
1986.0 646.0 
2170.0 618.0 
2312.0 602.0 
2196.0 613.0 
1946.0 671.0 
2084.0 624.0 
1981.0 655.0 
2103.0 621.0 
2050.0 640.0 
2030.0 645.0 
1955.0 663.0 
