74.0 76.0 
89.0 40.0 
74.0 76.0 
73.0 79.0 
78.0 50.0 
69.0 86.0 
101.0 39.0 
94.0 48.0 
100.0 40.0 
89.0 49.0 
95.0 42.0 
76.0 78.0 
75.0 79.0 
75.0 79.0 
75.0 79.0 
75.0 79.0 
78.0 74.0 
87.0 50.0 
78.0 74.0 
80.0 57.0 
101.0 42.0 
95.0 44.0 
87.0 51.0 
78.0 76.0 
86.0 65.0 
80.0 70.0 
81.0 69.0 
100.0 45.0 
100.0 45.0 
99.0 46.0 
91.0 51.0 
89.0 57.0 
79.0 77.0 
78.0 80.0 
78.0 80.0 
78.0 80.0 
88.0 73.0 
82.0 76.0 
84.0 75.0 
101.0 45.0 
95.0 53.0 
100.0 51.0 
93.0 54.0 
92.0 61.0 
90.0 68.0 
81.0 77.0 
79.0 79.0 
81.0 77.0 
78.0 81.0 
85.0 75.0 
109.0 46.0 
102.0 47.0 
121.0 45.0 
101.0 51.0 
101.0 51.0 
93.0 55.0 
100.0 54.0 
91.0 69.0 
91.0 69.0 
92.0 68.0 
80.0 79.0 
82.0 77.0 
82.0 77.0 
79.0 95.0 
79.0 95.0 
90.0 75.0 
85.0 76.0 
115.0 46.0 
102.0 49.0 
104.0 47.0 
124.0 45.0 
124.0 45.0 
101.0 53.0 
93.0 60.0 
94.0 59.0 
94.0 59.0 
93.0 60.0 
98.0 55.0 
96.0 57.0 
91.0 73.0 
80.0 80.0 
82.0 79.0 
83.0 77.0 
102.0 50.0 
105.0 49.0 
108.0 47.0 
94.0 60.0 
93.0 68.0 
99.0 58.0 
98.0 59.0 
91.0 76.0 
91.0 76.0 
80.0 89.0 
80.0 89.0 
81.0 87.0 
82.0 80.0 
84.0 77.0 
111.0 47.0 
81.0 92.0 
85.0 77.0 
