402.0 236.0 
402.0 236.0 
325.0 264.0 
791.0 191.0 
402.0 236.0 
354.0 248.0 
428.0 219.0 
1501.0 152.0 
343.0 257.0 
325.0 264.0 
428.0 219.0 
741.0 197.0 
411.0 234.0 
1501.0 152.0 
330.0 262.0 
402.0 236.0 
933.0 181.0 
559.0 208.0 
1222.0 165.0 
1439.0 159.0 
320.0 266.0 
577.0 201.0 
325.0 264.0 
791.0 191.0 
1727.0 149.0 
325.0 264.0 
354.0 248.0 
357.0 244.0 
1439.0 159.0 
435.0 217.0 
487.0 211.0 
1476.0 153.0 
423.0 231.0 
1448.0 154.0 
320.0 266.0 
357.0 244.0 
354.0 248.0 
700.0 200.0 
355.0 247.0 
330.0 262.0 
1476.0 153.0 
741.0 197.0 
1109.0 172.0 
1727.0 149.0 
1441.0 158.0 
1727.0 149.0 
953.0 179.0 
479.0 216.0 
791.0 191.0 
311.0 272.0 
1321.0 161.0 
354.0 248.0 
1476.0 153.0 
402.0 236.0 
562.0 207.0 
1154.0 169.0 
577.0 201.0 
793.0 185.0 
898.0 183.0 
428.0 219.0 
1002.0 173.0 
1756.0 150.0 
1756.0 150.0 
312.0 287.0 
312.0 287.0 
1504.0 153.0 
1692.0 152.0 
1448.0 157.0 
980.0 180.0 
581.0 201.0 
316.0 280.0 
424.0 231.0 
709.0 200.0 
489.0 211.0 
356.0 258.0 
358.0 249.0 
1225.0 166.0 
1367.0 164.0 
791.0 194.0 
1355.0 165.0 
397.0 244.0 
430.0 219.0 
742.0 198.0 
321.0 268.0 
450.0 217.0 
338.0 265.0 
896.0 185.0 
1109.0 173.0 
1079.0 179.0 
567.0 210.0 
843.0 190.0 
578.0 208.0 
896.0 185.0 
418.0 237.0 
1188.0 171.0 
404.0 239.0 
839.0 191.0 
1212.0 169.0 
1739.0 151.0 
1084.0 174.0 
