526.0 367.0 
523.0 376.0 
548.0 332.0 
789.0 316.0 
1214.0 282.0 
1883.0 268.0 
601.0 326.0 
1113.0 291.0 
531.0 356.0 
519.0 380.0 
1086.0 300.0 
1422.0 272.0 
1869.0 271.0 
2111.0 258.0 
1351.0 279.0 
517.0 382.0 
1934.0 262.0 
998.0 305.0 
2075.0 260.0 
789.0 316.0 
851.0 310.0 
673.0 321.0 
2220.0 256.0 
1095.0 297.0 
548.0 334.0 
1331.0 288.0 
534.0 357.0 
1802.0 277.0 
1479.0 279.0 
1452.0 281.0 
1452.0 281.0 
517.0 390.0 
2073.0 269.0 
1966.0 275.0 
1953.0 276.0 
2080.0 264.0 
798.0 318.0 
950.0 313.0 
950.0 313.0 
975.0 311.0 
687.0 324.0 
2228.0 257.0 
1221.0 299.0 
579.0 340.0 
555.0 353.0 
600.0 336.0 
597.0 338.0 
1358.0 298.0 
1358.0 298.0 
1398.0 291.0 
535.0 368.0 
553.0 361.0 
553.0 361.0 
535.0 368.0 
535.0 368.0 
1805.0 277.0 
1487.0 280.0 
1483.0 282.0 
517.0 391.0 
517.0 391.0 
523.0 390.0 
517.0 391.0 
2021.0 275.0 
2101.0 264.0 
811.0 322.0 
1177.0 311.0 
975.0 312.0 
790.0 325.0 
724.0 327.0 
699.0 332.0 
699.0 332.0 
2275.0 262.0 
2270.0 263.0 
1243.0 309.0 
1257.0 302.0 
527.0 393.0 
527.0 393.0 
2478.0 266.0 
1809.0 278.0 
1527.0 282.0 
2023.0 275.0 
1235.0 311.0 
1372.0 305.0 
574.0 354.0 
1513.0 289.0 
598.0 342.0 
1427.0 296.0 
536.0 383.0 
556.0 365.0 
837.0 325.0 
2104.0 270.0 
905.0 322.0 
2274.0 268.0 
1085.0 312.0 
555.0 377.0 
609.0 337.0 
2162.0 269.0 
568.0 362.0 
530.0 392.0 
735.0 332.0 
