314.0 213.0 
314.0 213.0 
322.0 201.0 
685.0 168.0 
791.0 157.0 
791.0 157.0 
318.0 212.0 
1529.0 130.0 
310.0 215.0 
1007.0 150.0 
685.0 168.0 
1529.0 130.0 
1167.0 144.0 
327.0 194.0 
310.0 215.0 
711.0 167.0 
322.0 201.0 
529.0 174.0 
288.0 237.0 
588.0 170.0 
1190.0 139.0 
327.0 194.0 
1178.0 143.0 
1700.0 122.0 
1007.0 150.0 
711.0 167.0 
342.0 190.0 
290.0 234.0 
304.0 218.0 
542.0 172.0 
323.0 200.0 
345.0 184.0 
1647.0 126.0 
318.0 212.0 
489.0 179.0 
1529.0 130.0 
1406.0 131.0 
711.0 167.0 
529.0 174.0 
342.0 190.0 
321.0 210.0 
818.0 156.0 
1007.0 150.0 
1027.0 145.0 
770.0 163.0 
822.0 154.0 
589.0 169.0 
1352.0 135.0 
303.0 222.0 
327.0 194.0 
1546.0 127.0 
838.0 152.0 
900.0 151.0 
451.0 180.0 
711.0 167.0 
764.0 164.0 
288.0 240.0 
288.0 240.0 
1700.0 123.0 
1360.0 135.0 
329.0 195.0 
323.0 209.0 
1197.0 139.0 
1064.0 145.0 
1511.0 134.0 
290.0 235.0 
1184.0 143.0 
303.0 224.0 
880.0 152.0 
1538.0 132.0 
489.0 182.0 
310.0 216.0 
354.0 184.0 
692.0 168.0 
1010.0 150.0 
1610.0 128.0 
590.0 169.0 
588.0 171.0 
833.0 154.0 
1658.0 126.0 
535.0 176.0 
785.0 164.0 
801.0 158.0 
529.0 179.0 
717.0 167.0 
345.0 188.0 
1037.0 149.0 
1618.0 127.0 
764.0 166.0 
791.0 159.0 
489.0 182.0 
289.0 239.0 
305.0 221.0 
1192.0 140.0 
346.0 186.0 
1010.0 150.0 
872.0 153.0 
305.0 221.0 
345.0 188.0 
1037.0 149.0 
