627.0 275.0 
656.0 273.0 
625.0 277.0 
489.0 296.0 
489.0 296.0 
1885.0 216.0 
1894.0 207.0 
489.0 296.0 
473.0 312.0 
509.0 293.0 
627.0 275.0 
448.0 321.0 
562.0 279.0 
1476.0 241.0 
1891.0 214.0 
1329.0 244.0 
1033.0 256.0 
627.0 275.0 
1329.0 244.0 
402.0 345.0 
778.0 263.0 
531.0 280.0 
1871.0 218.0 
1683.0 221.0 
1253.0 247.0 
854.0 261.0 
1480.0 238.0 
656.0 274.0 
739.0 273.0 
490.0 310.0 
516.0 297.0 
484.0 326.0 
469.0 336.0 
570.0 279.0 
1910.0 216.0 
2043.0 214.0 
1910.0 216.0 
1061.0 256.0 
1037.0 258.0 
1061.0 256.0 
1061.0 256.0 
631.0 278.0 
631.0 278.0 
1382.0 244.0 
1382.0 244.0 
417.0 345.0 
779.0 267.0 
779.0 267.0 
779.0 267.0 
536.0 286.0 
532.0 295.0 
1693.0 232.0 
1701.0 226.0 
1853.0 222.0 
1347.0 251.0 
1347.0 251.0 
1347.0 251.0 
1347.0 251.0 
1329.0 252.0 
870.0 264.0 
1035.0 261.0 
1003.0 262.0 
1483.0 238.0 
675.0 274.0 
490.0 312.0 
516.0 299.0 
521.0 297.0 
521.0 297.0 
478.0 340.0 
590.0 282.0 
590.0 282.0 
600.0 279.0 
2020.0 216.0 
1048.0 258.0 
1037.0 259.0 
1037.0 259.0 
1048.0 258.0 
1174.0 256.0 
1395.0 247.0 
1481.0 244.0 
1481.0 244.0 
417.0 347.0 
807.0 271.0 
807.0 271.0 
807.0 271.0 
548.0 291.0 
548.0 291.0 
544.0 293.0 
562.0 288.0 
1714.0 236.0 
1726.0 227.0 
1849.0 226.0 
1866.0 224.0 
2002.0 222.0 
1363.0 255.0 
925.0 266.0 
1487.0 240.0 
438.0 388.0 
1936.0 226.0 
1526.0 240.0 
