187.0 185.0 
194.0 122.0 
173.0 214.0 
192.0 124.0 
186.0 252.0 
197.0 187.0 
200.0 181.0 
220.0 128.0 
215.0 138.0 
212.0 148.0 
443.0 127.0 
205.0 164.0 
201.0 269.0 
436.0 131.0 
439.0 129.0 
411.0 133.0 
248.0 142.0 
345.0 138.0 
280.0 140.0 
218.0 146.0 
212.0 159.0 
208.0 182.0 
205.0 219.0 
211.0 165.0 
210.0 176.0 
445.0 130.0 
442.0 132.0 
434.0 133.0 
428.0 135.0 
258.0 145.0 
258.0 145.0 
258.0 145.0 
350.0 141.0 
223.0 148.0 
245.0 147.0 
256.0 146.0 
213.0 163.0 
207.0 222.0 
210.0 183.0 
210.0 183.0 
438.0 135.0 
280.0 145.0 
280.0 145.0 
361.0 142.0 
228.0 148.0 
222.0 173.0 
222.0 173.0 
217.0 195.0 
212.0 202.0 
440.0 135.0 
307.0 145.0 
234.0 166.0 
242.0 149.0 
244.0 148.0 
229.0 170.0 
235.0 160.0 
225.0 179.0 
216.0 203.0 
213.0 219.0 
446.0 135.0 
257.0 151.0 
271.0 150.0 
257.0 151.0 
247.0 156.0 
237.0 160.0 
231.0 181.0 
231.0 181.0 
227.0 192.0 
216.0 218.0 
462.0 138.0 
306.0 150.0 
288.0 151.0 
270.0 153.0 
288.0 151.0 
247.0 163.0 
236.0 183.0 
233.0 188.0 
230.0 201.0 
231.0 199.0 
217.0 234.0 
462.0 143.0 
272.0 154.0 
271.0 157.0 
296.0 151.0 
255.0 169.0 
258.0 163.0 
251.0 170.0 
243.0 185.0 
244.0 183.0 
234.0 189.0 
230.0 221.0 
231.0 220.0 
226.0 263.0 
636.0 150.0 
636.0 150.0 
229.0 264.0 
229.0 264.0 
358.0 155.0 
231.0 228.0 
304.0 156.0 
