138.0 57.0 
104.0 80.0 
137.0 60.0 
111.0 72.0 
113.0 63.0 
102.0 91.0 
141.0 57.0 
109.0 89.0 
112.0 85.0 
115.0 63.0 
113.0 73.0 
108.0 95.0 
142.0 57.0 
141.0 59.0 
142.0 57.0 
110.0 90.0 
117.0 63.0 
114.0 88.0 
115.0 74.0 
143.0 58.0 
146.0 57.0 
146.0 57.0 
142.0 60.0 
146.0 57.0 
112.0 93.0 
126.0 64.0 
124.0 65.0 
117.0 88.0 
119.0 78.0 
143.0 60.0 
146.0 58.0 
158.0 57.0 
114.0 93.0 
138.0 64.0 
124.0 73.0 
126.0 65.0 
125.0 66.0 
117.0 90.0 
122.0 79.0 
121.0 88.0 
144.0 60.0 
147.0 58.0 
116.0 94.0 
114.0 97.0 
124.0 75.0 
137.0 65.0 
125.0 72.0 
126.0 67.0 
132.0 66.0 
122.0 89.0 
145.0 60.0 
144.0 63.0 
161.0 58.0 
117.0 94.0 
115.0 108.0 
124.0 76.0 
125.0 73.0 
128.0 67.0 
146.0 60.0 
145.0 62.0 
146.0 60.0 
145.0 62.0 
118.0 94.0 
117.0 100.0 
115.0 111.0 
124.0 78.0 
126.0 74.0 
128.0 69.0 
133.0 67.0 
129.0 68.0 
128.0 69.0 
128.0 69.0 
148.0 60.0 
146.0 63.0 
119.0 94.0 
118.0 103.0 
118.0 103.0 
118.0 103.0 
118.0 103.0 
118.0 103.0 
124.0 80.0 
126.0 76.0 
134.0 68.0 
130.0 71.0 
133.0 69.0 
150.0 61.0 
148.0 66.0 
120.0 94.0 
120.0 94.0 
119.0 95.0 
124.0 86.0 
125.0 84.0 
126.0 82.0 
129.0 77.0 
128.0 78.0 
145.0 68.0 
131.0 71.0 
130.0 74.0 
131.0 71.0 
135.0 69.0 
