5959.0 1246.0 
7503.0 1176.0 
4739.0 1579.0 
6051.0 1220.0 
5033.0 1295.0 
5959.0 1246.0 
9092.0 1214.0 
6933.0 1224.0 
6582.0 1241.0 
5377.0 1406.0 
5421.0 1302.0 
8568.0 1237.0 
7336.0 1268.0 
8555.0 1259.0 
8555.0 1259.0 
7380.0 1263.0 
5498.0 1358.0 
5427.0 1386.0 
5498.0 1358.0 
6678.0 1309.0 
6731.0 1307.0 
5948.0 1311.0 
5520.0 1351.0 
7340.0 1306.0 
7778.0 1274.0 
6008.0 1326.0 
6518.0 1313.0 
5540.0 1356.0 
5540.0 1356.0 
5540.0 1356.0 
7450.0 1309.0 
8921.0 1286.0 
8921.0 1286.0 
7994.0 1306.0 
6424.0 1329.0 
6183.0 1355.0 
6189.0 1351.0 
6385.0 1350.0 
6189.0 1351.0 
6712.0 1325.0 
5937.0 1395.0 
5596.0 1428.0 
5942.0 1392.0 
5989.0 1391.0 
5989.0 1391.0 
6113.0 1359.0 
6103.0 1385.0 
7490.0 1309.0 
9654.0 1294.0 
10047.0 1290.0 
9175.0 1299.0 
9559.0 1296.0 
6550.0 1330.0 
6550.0 1330.0 
6538.0 1336.0 
6667.0 1329.0 
7245.0 1327.0 
5656.0 1645.0 
5688.0 1432.0 
5992.0 1429.0 
6177.0 1374.0 
6188.0 1373.0 
6118.0 1378.0 
8696.0 1319.0 
9731.0 1299.0 
6562.0 1364.0 
6713.0 1344.0 
6833.0 1343.0 
6713.0 1344.0 
8586.0 1336.0 
8586.0 1336.0 
5782.0 1458.0 
5814.0 1436.0 
5722.0 1512.0 
6349.0 1381.0 
6339.0 1394.0 
6274.0 1399.0 
8995.0 1322.0 
10889.0 1300.0 
7263.0 1349.0 
6825.0 1371.0 
6856.0 1358.0 
7363.0 1345.0 
7263.0 1349.0 
7363.0 1345.0 
8809.0 1341.0 
8809.0 1341.0 
5832.0 1466.0 
6392.0 1388.0 
6390.0 1390.0 
6276.0 1408.0 
10098.0 1322.0 
5846.0 1574.0 
5846.0 1574.0 
6038.0 1500.0 
8381.0 1349.0 
9638.0 1340.0 
6291.0 1426.0 
5865.0 1560.0 
7299.0 1353.0 
