348.0 156.0 
386.0 143.0 
355.0 151.0 
311.0 166.0 
320.0 157.0 
354.0 156.0 
438.0 146.0 
428.0 149.0 
438.0 146.0 
313.0 179.0 
315.0 178.0 
327.0 158.0 
316.0 184.0 
333.0 163.0 
333.0 163.0 
344.0 158.0 
344.0 158.0 
341.0 161.0 
318.0 185.0 
316.0 194.0 
336.0 164.0 
338.0 163.0 
392.0 158.0 
345.0 159.0 
326.0 218.0 
331.0 211.0 
331.0 211.0 
336.0 186.0 
343.0 169.0 
338.0 171.0 
404.0 158.0 
350.0 159.0 
346.0 165.0 
336.0 200.0 
341.0 171.0 
341.0 171.0 
391.0 159.0 
352.0 163.0 
390.0 162.0 
350.0 164.0 
336.0 234.0 
336.0 234.0 
345.0 171.0 
341.0 178.0 
395.0 159.0 
372.0 163.0 
361.0 169.0 
358.0 170.0 
367.0 168.0 
349.0 171.0 
341.0 225.0 
345.0 178.0 
396.0 159.0 
377.0 166.0 
384.0 163.0 
377.0 166.0 
384.0 163.0 
368.0 170.0 
357.0 175.0 
342.0 240.0 
348.0 186.0 
352.0 184.0 
353.0 181.0 
348.0 186.0 
396.0 162.0 
408.0 159.0 
380.0 166.0 
394.0 165.0 
357.0 176.0 
353.0 184.0 
356.0 183.0 
353.0 184.0 
401.0 163.0 
473.0 160.0 
419.0 162.0 
380.0 168.0 
392.0 167.0 
361.0 176.0 
353.0 218.0 
355.0 201.0 
358.0 184.0 
357.0 189.0 
354.0 205.0 
418.0 163.0 
403.0 166.0 
380.0 169.0 
361.0 182.0 
374.0 181.0 
359.0 184.0 
355.0 226.0 
433.0 163.0 
433.0 163.0 
409.0 168.0 
385.0 170.0 
381.0 175.0 
360.0 201.0 
436.0 164.0 
361.0 187.0 
393.0 170.0 
376.0 181.0 
