262.0 208.0 
1638.0 114.0 
1638.0 114.0 
262.0 208.0 
1039.0 133.0 
301.0 188.0 
1198.0 127.0 
273.0 203.0 
1526.0 115.0 
1123.0 129.0 
320.0 179.0 
1345.0 121.0 
322.0 174.0 
1090.0 131.0 
1520.0 116.0 
1426.0 117.0 
676.0 155.0 
747.0 149.0 
1256.0 123.0 
888.0 139.0 
959.0 135.0 
565.0 159.0 
803.0 145.0 
486.0 167.0 
377.0 173.0 
564.0 162.0 
405.0 171.0 
279.0 199.0 
1391.0 120.0 
321.0 178.0 
512.0 164.0 
830.0 144.0 
855.0 141.0 
1291.0 122.0 
297.0 190.0 
698.0 152.0 
784.0 147.0 
880.0 140.0 
1104.0 130.0 
934.0 137.0 
281.0 196.0 
1229.0 125.0 
441.0 168.0 
642.0 157.0 
598.0 158.0 
1229.0 125.0 
722.0 150.0 
291.0 192.0 
698.0 152.0 
282.0 194.0 
934.0 137.0 
1291.0 122.0 
784.0 147.0 
598.0 158.0 
540.0 163.0 
1418.0 118.0 
432.0 170.0 
378.0 172.0 
1391.0 120.0 
512.0 164.0 
650.0 156.0 
486.0 167.0 
855.0 141.0 
830.0 144.0 
722.0 150.0 
540.0 163.0 
288.0 193.0 
1418.0 118.0 
955.0 136.0 
320.0 179.0 
959.0 135.0 
280.0 198.0 
1426.0 117.0 
441.0 168.0 
650.0 156.0 
433.0 169.0 
642.0 157.0 
1520.0 116.0 
955.0 136.0 
322.0 174.0 
378.0 172.0 
433.0 169.0 
432.0 170.0 
280.0 198.0 
262.0 208.0 
320.0 179.0 
934.0 137.0 
378.0 172.0 
1229.0 125.0 
698.0 152.0 
1391.0 120.0 
486.0 167.0 
598.0 158.0 
1418.0 118.0 
650.0 156.0 
441.0 168.0 
642.0 157.0 
955.0 136.0 
433.0 169.0 
280.0 198.0 
