311.0 177.0 
1736.0 89.0 
345.0 155.0 
317.0 174.0 
327.0 164.0 
424.0 149.0 
328.0 163.0 
1490.0 99.0 
1382.0 100.0 
923.0 116.0 
1273.0 104.0 
687.0 130.0 
816.0 121.0 
1004.0 114.0 
479.0 148.0 
1571.0 96.0 
1629.0 93.0 
1571.0 96.0 
738.0 128.0 
923.0 116.0 
554.0 140.0 
657.0 134.0 
501.0 146.0 
526.0 143.0 
1625.0 94.0 
870.0 119.0 
1139.0 109.0 
1085.0 111.0 
1517.0 98.0 
788.0 124.0 
396.0 152.0 
1679.0 92.0 
1220.0 106.0 
1170.0 107.0 
1224.0 105.0 
874.0 118.0 
816.0 121.0 
605.0 137.0 
526.0 143.0 
1085.0 111.0 
1517.0 98.0 
581.0 139.0 
1004.0 114.0 
1139.0 109.0 
738.0 128.0 
605.0 137.0 
767.0 125.0 
633.0 135.0 
683.0 131.0 
396.0 152.0 
554.0 140.0 
633.0 135.0 
1301.0 103.0 
788.0 124.0 
1382.0 100.0 
1355.0 101.0 
1058.0 112.0 
1328.0 102.0 
1031.0 113.0 
1706.0 91.0 
1166.0 108.0 
1301.0 103.0 
1031.0 113.0 
397.0 151.0 
1490.0 99.0 
1328.0 102.0 
1679.0 92.0 
1355.0 101.0 
1058.0 112.0 
683.0 131.0 
764.0 126.0 
657.0 134.0 
1710.0 90.0 
581.0 139.0 
503.0 145.0 
479.0 148.0 
874.0 118.0 
870.0 119.0 
1625.0 94.0 
764.0 126.0 
503.0 145.0 
397.0 151.0 
328.0 163.0 
327.0 164.0 
1710.0 90.0 
1170.0 107.0 
1224.0 105.0 
1220.0 106.0 
1166.0 108.0 
1706.0 91.0 
1710.0 90.0 
1625.0 94.0 
1571.0 96.0 
923.0 116.0 
396.0 152.0 
816.0 121.0 
1517.0 98.0 
1004.0 114.0 
1679.0 92.0 
1139.0 109.0 
