1574.0 442.0 
1574.0 442.0 
1553.0 455.0 
1574.0 442.0 
1509.0 476.0 
1525.0 466.0 
1574.0 442.0 
1528.0 461.0 
1595.0 430.0 
1576.0 438.0 
1529.0 460.0 
1501.0 491.0 
1595.0 430.0 
1574.0 442.0 
1574.0 442.0 
1511.0 475.0 
1577.0 435.0 
1554.0 456.0 
1553.0 459.0 
1557.0 455.0 
1557.0 455.0 
1557.0 455.0 
1554.0 456.0 
1509.0 478.0 
1509.0 478.0 
1525.0 469.0 
1528.0 463.0 
1538.0 460.0 
1538.0 460.0 
1529.0 462.0 
1538.0 460.0 
1535.0 461.0 
1504.0 492.0 
1598.0 430.0 
1595.0 432.0 
1512.0 475.0 
1580.0 436.0 
1580.0 436.0 
1577.0 437.0 
1580.0 436.0 
1559.0 455.0 
1559.0 455.0 
1556.0 458.0 
1556.0 458.0 
1555.0 459.0 
1555.0 459.0 
1557.0 457.0 
1555.0 459.0 
1555.0 459.0 
1557.0 457.0 
1511.0 478.0 
1511.0 478.0 
1511.0 478.0 
1525.0 471.0 
1525.0 471.0 
1528.0 465.0 
1531.0 462.0 
1539.0 461.0 
1539.0 461.0 
1539.0 461.0 
1504.0 495.0 
1507.0 492.0 
1504.0 495.0 
1507.0 492.0 
1504.0 495.0 
1505.0 493.0 
1507.0 492.0 
1598.0 431.0 
1598.0 431.0 
1598.0 431.0 
1598.0 431.0 
1598.0 431.0 
1596.0 432.0 
1515.0 476.0 
1515.0 476.0 
1512.0 477.0 
1515.0 476.0 
1515.0 476.0 
1512.0 477.0 
1512.0 477.0 
1512.0 477.0 
1512.0 477.0 
1577.0 441.0 
1577.0 441.0 
1578.0 438.0 
1580.0 437.0 
1580.0 437.0 
1507.0 493.0 
1507.0 493.0 
1599.0 431.0 
1599.0 431.0 
1579.0 441.0 
1559.0 456.0 
1536.0 462.0 
1528.0 473.0 
1556.0 460.0 
1581.0 437.0 
1511.0 480.0 
1596.0 433.0 
1514.0 477.0 
