2530.0 902.0 
2358.0 998.0 
2624.0 886.0 
2651.0 765.0 
2634.0 834.0 
2530.0 902.0 
2373.0 960.0 
2358.0 998.0 
2633.0 838.0 
2358.0 998.0 
2651.0 765.0 
2583.0 889.0 
2583.0 889.0 
2732.0 748.0 
2402.0 908.0 
2645.0 813.0 
2454.0 906.0 
2635.0 835.0 
2392.0 967.0 
2386.0 1001.0 
2684.0 769.0 
2657.0 786.0 
2583.0 901.0 
2583.0 901.0 
2605.0 893.0 
2591.0 899.0 
2583.0 901.0 
2591.0 899.0 
2583.0 901.0 
2620.0 891.0 
2901.0 764.0 
2901.0 764.0 
2901.0 764.0 
3576.0 762.0 
2402.0 934.0 
2413.0 919.0 
2480.0 906.0 
2480.0 906.0 
2635.0 837.0 
2698.0 785.0 
2707.0 775.0 
2862.0 772.0 
2676.0 788.0 
2670.0 828.0 
2619.0 904.0 
2619.0 904.0 
2634.0 899.0 
2631.0 900.0 
2634.0 899.0 
2903.0 770.0 
2408.0 937.0 
2407.0 994.0 
2417.0 925.0 
2608.0 906.0 
2530.0 907.0 
2644.0 861.0 
2732.0 777.0 
2707.0 781.0 
2876.0 775.0 
2876.0 775.0 
2676.0 820.0 
2678.0 795.0 
2671.0 860.0 
2671.0 860.0 
2671.0 860.0 
2671.0 860.0 
3563.0 772.0 
2411.0 964.0 
2413.0 947.0 
2410.0 1008.0 
2510.0 927.0 
2417.0 928.0 
2554.0 907.0 
2532.0 910.0 
2648.0 862.0 
2644.0 867.0 
2644.0 867.0 
2648.0 862.0 
2646.0 863.0 
2717.0 794.0 
2758.0 788.0 
2927.0 779.0 
2881.0 780.0 
2881.0 780.0 
2927.0 779.0 
3462.0 776.0 
2681.0 802.0 
2680.0 821.0 
2413.0 953.0 
2410.0 1037.0 
2412.0 1009.0 
2419.0 928.0 
2573.0 909.0 
2534.0 915.0 
2534.0 915.0 
2535.0 911.0 
3580.0 776.0 
3580.0 776.0 
2410.0 1054.0 
2953.0 780.0 
