1705.0 496.0 
1725.0 488.0 
1705.0 496.0 
1725.0 488.0 
1724.0 490.0 
1695.0 499.0 
1736.0 482.0 
1659.0 523.0 
1675.0 517.0 
1663.0 520.0 
1744.0 475.0 
1683.0 504.0 
1701.0 498.0 
1672.0 519.0 
1745.0 473.0 
1705.0 496.0 
1678.0 507.0 
1659.0 523.0 
1672.0 519.0 
1624.0 524.0 
1706.0 491.0 
1742.0 480.0 
1736.0 482.0 
1684.0 501.0 
1725.0 488.0 
1683.0 504.0 
1697.0 500.0 
1666.0 522.0 
1744.0 478.0 
1745.0 476.0 
1775.0 474.0 
1745.0 476.0 
1745.0 476.0 
1745.0 476.0 
1775.0 474.0 
1705.0 497.0 
1678.0 508.0 
1681.0 507.0 
1660.0 523.0 
1660.0 523.0 
1675.0 520.0 
1640.0 527.0 
1639.0 531.0 
1640.0 527.0 
1636.0 535.0 
1658.0 524.0 
1640.0 527.0 
1638.0 532.0 
1640.0 527.0 
1706.0 493.0 
1706.0 493.0 
1738.0 483.0 
1742.0 482.0 
1684.0 502.0 
1726.0 489.0 
1726.0 489.0 
1732.0 488.0 
1725.0 490.0 
1701.0 500.0 
1701.0 500.0 
1668.0 522.0 
1744.0 480.0 
1745.0 479.0 
1760.0 476.0 
1745.0 479.0 
1679.0 509.0 
1681.0 508.0 
1681.0 508.0 
1681.0 508.0 
1681.0 508.0 
1681.0 508.0 
1682.0 507.0 
1681.0 508.0 
1681.0 508.0 
1681.0 508.0 
1665.0 523.0 
1665.0 523.0 
1675.0 521.0 
1675.0 521.0 
1659.0 525.0 
1659.0 525.0 
1659.0 525.0 
1661.0 524.0 
1661.0 524.0 
1659.0 525.0 
1639.0 533.0 
1640.0 532.0 
1641.0 528.0 
1641.0 528.0 
1643.0 527.0 
1709.0 498.0 
1712.0 495.0 
1709.0 498.0 
1739.0 484.0 
1685.0 503.0 
1728.0 489.0 
1726.0 490.0 
1746.0 479.0 
1640.0 533.0 
1676.0 521.0 
