65.0 45.0 
65.0 45.0 
65.0 61.0 
70.0 47.0 
70.0 52.0 
99.0 54.0 
112.0 52.0 
72.0 55.0 
106.0 54.0 
72.0 56.0 
89.0 55.0 
82.0 56.0 
72.0 62.0 
80.0 57.0 
90.0 55.0 
90.0 55.0 
89.0 56.0 
89.0 56.0 
83.0 57.0 
80.0 68.0 
86.0 57.0 
86.0 57.0 
84.0 59.0 
83.0 79.0 
90.0 57.0 
89.0 63.0 
85.0 73.0 
89.0 63.0 
86.0 72.0 
83.0 88.0 
83.0 88.0 
95.0 57.0 
90.0 65.0 
89.0 72.0 
88.0 80.0 
96.0 58.0 
93.0 68.0 
92.0 73.0 
89.0 78.0 
99.0 58.0 
97.0 60.0 
96.0 61.0 
95.0 72.0 
92.0 75.0 
90.0 78.0 
89.0 84.0 
102.0 59.0 
110.0 58.0 
98.0 63.0 
99.0 61.0 
99.0 61.0 
96.0 66.0 
95.0 77.0 
90.0 79.0 
106.0 60.0 
124.0 59.0 
98.0 65.0 
101.0 61.0 
101.0 61.0 
99.0 62.0 
96.0 72.0 
97.0 69.0 
91.0 88.0 
91.0 88.0 
92.0 81.0 
129.0 60.0 
104.0 61.0 
101.0 64.0 
97.0 71.0 
100.0 69.0 
94.0 89.0 
96.0 81.0 
128.0 61.0 
104.0 62.0 
101.0 65.0 
98.0 78.0 
99.0 73.0 
105.0 62.0 
105.0 62.0 
105.0 62.0 
104.0 70.0 
104.0 70.0 
104.0 70.0 
104.0 70.0 
104.0 70.0 
104.0 70.0 
101.0 72.0 
104.0 70.0 
98.0 83.0 
108.0 67.0 
109.0 62.0 
108.0 67.0 
106.0 68.0 
101.0 82.0 
101.0 82.0 
102.0 72.0 
99.0 86.0 
121.0 65.0 
100.0 87.0 
102.0 73.0 
