125.0 55.0 
181.0 45.0 
87.0 68.0 
153.0 46.0 
95.0 66.0 
109.0 62.0 
123.0 58.0 
105.0 64.0 
128.0 55.0 
91.0 78.0 
92.0 71.0 
91.0 78.0 
160.0 48.0 
108.0 70.0 
120.0 68.0 
145.0 55.0 
133.0 58.0 
92.0 73.0 
165.0 49.0 
128.0 69.0 
126.0 72.0 
129.0 68.0 
151.0 57.0 
146.0 66.0 
149.0 59.0 
123.0 73.0 
93.0 76.0 
166.0 55.0 
169.0 53.0 
185.0 49.0 
134.0 68.0 
134.0 68.0 
165.0 58.0 
153.0 60.0 
110.0 76.0 
95.0 80.0 
104.0 78.0 
104.0 78.0 
180.0 54.0 
214.0 53.0 
139.0 69.0 
166.0 59.0 
155.0 67.0 
164.0 61.0 
113.0 77.0 
101.0 80.0 
180.0 58.0 
185.0 56.0 
231.0 54.0 
139.0 72.0 
140.0 69.0 
176.0 59.0 
161.0 67.0 
169.0 64.0 
169.0 64.0 
169.0 64.0 
134.0 77.0 
103.0 81.0 
131.0 80.0 
181.0 58.0 
190.0 57.0 
149.0 73.0 
143.0 74.0 
178.0 62.0 
164.0 68.0 
172.0 64.0 
121.0 81.0 
117.0 82.0 
115.0 85.0 
184.0 58.0 
202.0 57.0 
148.0 78.0 
158.0 74.0 
179.0 62.0 
164.0 70.0 
175.0 64.0 
123.0 83.0 
117.0 86.0 
185.0 58.0 
238.0 57.0 
159.0 81.0 
161.0 78.0 
162.0 76.0 
170.0 75.0 
171.0 71.0 
124.0 84.0 
139.0 83.0 
119.0 87.0 
188.0 60.0 
276.0 59.0 
166.0 81.0 
166.0 81.0 
167.0 80.0 
123.0 92.0 
198.0 60.0 
150.0 83.0 
171.0 73.0 
194.0 68.0 
125.0 86.0 
141.0 84.0 
