87.0 39.0 
77.0 122.0 
78.0 49.0 
87.0 39.0 
105.0 37.0 
81.0 41.0 
79.0 118.0 
89.0 39.0 
82.0 42.0 
82.0 42.0 
82.0 42.0 
82.0 42.0 
81.0 49.0 
82.0 42.0 
87.0 41.0 
87.0 41.0 
92.0 39.0 
81.0 119.0 
82.0 46.0 
86.0 42.0 
85.0 44.0 
94.0 40.0 
93.0 41.0 
93.0 41.0 
97.0 39.0 
93.0 41.0 
81.0 125.0 
82.0 49.0 
84.0 47.0 
87.0 42.0 
87.0 42.0 
85.0 45.0 
98.0 40.0 
94.0 41.0 
94.0 41.0 
83.0 118.0 
84.0 48.0 
84.0 48.0 
88.0 43.0 
89.0 42.0 
100.0 40.0 
100.0 40.0 
97.0 41.0 
83.0 120.0 
83.0 120.0 
85.0 56.0 
87.0 49.0 
86.0 51.0 
84.0 113.0 
88.0 47.0 
88.0 47.0 
92.0 42.0 
89.0 43.0 
102.0 40.0 
102.0 40.0 
102.0 40.0 
102.0 40.0 
98.0 41.0 
98.0 41.0 
98.0 41.0 
98.0 41.0 
98.0 41.0 
83.0 121.0 
86.0 55.0 
87.0 51.0 
84.0 119.0 
93.0 42.0 
93.0 42.0 
89.0 45.0 
90.0 43.0 
103.0 40.0 
99.0 41.0 
86.0 76.0 
87.0 53.0 
84.0 122.0 
85.0 119.0 
95.0 42.0 
95.0 42.0 
89.0 46.0 
91.0 43.0 
91.0 43.0 
90.0 44.0 
104.0 40.0 
104.0 40.0 
100.0 41.0 
100.0 41.0 
87.0 55.0 
84.0 125.0 
84.0 125.0 
86.0 122.0 
85.0 124.0 
96.0 42.0 
89.0 47.0 
93.0 43.0 
93.0 43.0 
93.0 43.0 
91.0 44.0 
91.0 44.0 
90.0 46.0 
106.0 40.0 
