98.0 63.0 
86.0 77.0 
88.0 76.0 
93.0 66.0 
119.0 60.0 
122.0 52.0 
86.0 77.0 
140.0 48.0 
111.0 64.0 
102.0 70.0 
96.0 75.0 
125.0 54.0 
125.0 54.0 
92.0 87.0 
176.0 53.0 
184.0 48.0 
122.0 65.0 
111.0 66.0 
111.0 66.0 
102.0 75.0 
98.0 85.0 
125.0 56.0 
156.0 54.0 
184.0 51.0 
114.0 71.0 
114.0 71.0 
120.0 66.0 
113.0 73.0 
116.0 70.0 
114.0 71.0 
114.0 71.0 
105.0 79.0 
107.0 76.0 
139.0 57.0 
125.0 59.0 
137.0 58.0 
164.0 55.0 
174.0 54.0 
164.0 55.0 
219.0 51.0 
219.0 51.0 
217.0 52.0 
219.0 51.0 
117.0 75.0 
122.0 71.0 
121.0 72.0 
118.0 73.0 
105.0 83.0 
110.0 82.0 
133.0 59.0 
133.0 59.0 
133.0 59.0 
133.0 59.0 
133.0 59.0 
127.0 60.0 
160.0 58.0 
165.0 55.0 
223.0 53.0 
125.0 71.0 
118.0 75.0 
105.0 86.0 
105.0 86.0 
114.0 84.0 
114.0 84.0 
146.0 59.0 
132.0 61.0 
129.0 67.0 
166.0 56.0 
232.0 54.0 
232.0 54.0 
126.0 71.0 
119.0 79.0 
121.0 75.0 
105.0 87.0 
149.0 60.0 
137.0 61.0 
136.0 68.0 
192.0 57.0 
175.0 59.0 
127.0 73.0 
128.0 72.0 
130.0 71.0 
127.0 73.0 
127.0 73.0 
123.0 75.0 
121.0 79.0 
110.0 89.0 
156.0 60.0 
137.0 66.0 
141.0 61.0 
218.0 58.0 
218.0 58.0 
197.0 59.0 
197.0 59.0 
122.0 82.0 
219.0 58.0 
143.0 61.0 
178.0 60.0 
199.0 59.0 
127.0 76.0 
