2044.0 203.0 
1741.0 207.0 
2044.0 203.0 
525.0 279.0 
1741.0 207.0 
2088.0 200.0 
1976.0 206.0 
424.0 336.0 
577.0 260.0 
446.0 331.0 
1267.0 233.0 
575.0 271.0 
1044.0 240.0 
535.0 278.0 
2061.0 201.0 
1410.0 218.0 
995.0 247.0 
853.0 250.0 
1381.0 226.0 
1741.0 207.0 
453.0 296.0 
566.0 276.0 
526.0 279.0 
440.0 348.0 
630.0 269.0 
849.0 266.0 
761.0 267.0 
579.0 270.0 
1289.0 235.0 
1285.0 237.0 
577.0 272.0 
577.0 272.0 
1099.0 245.0 
1276.0 240.0 
1268.0 241.0 
1221.0 243.0 
546.0 278.0 
1575.0 223.0 
1611.0 221.0 
1555.0 225.0 
1642.0 220.0 
972.0 251.0 
935.0 255.0 
867.0 263.0 
908.0 256.0 
1510.0 230.0 
1456.0 233.0 
1745.0 213.0 
1881.0 209.0 
1745.0 213.0 
1951.0 207.0 
456.0 324.0 
483.0 308.0 
509.0 306.0 
524.0 298.0 
453.0 325.0 
511.0 305.0 
464.0 320.0 
574.0 276.0 
530.0 297.0 
542.0 279.0 
530.0 297.0 
539.0 289.0 
762.0 269.0 
762.0 269.0 
809.0 267.0 
698.0 270.0 
1443.0 236.0 
1382.0 239.0 
581.0 274.0 
581.0 274.0 
1102.0 247.0 
1100.0 248.0 
1188.0 245.0 
1304.0 240.0 
1298.0 243.0 
1606.0 225.0 
1692.0 223.0 
1692.0 223.0 
876.0 264.0 
920.0 257.0 
1050.0 256.0 
1050.0 256.0 
1549.0 231.0 
1549.0 231.0 
1549.0 231.0 
1888.0 211.0 
1802.0 215.0 
1782.0 218.0 
1994.0 208.0 
1965.0 210.0 
1990.0 209.0 
499.0 310.0 
499.0 310.0 
510.0 307.0 
458.0 327.0 
522.0 305.0 
464.0 324.0 
2082.0 209.0 
462.0 336.0 
