1623.0 91.0 
269.0 155.0 
1623.0 91.0 
549.0 134.0 
817.0 122.0 
579.0 132.0 
869.0 119.0 
950.0 118.0 
472.0 140.0 
712.0 130.0 
499.0 138.0 
660.0 131.0 
1110.0 110.0 
1137.0 108.0 
315.0 151.0 
499.0 138.0 
737.0 127.0 
367.0 148.0 
1191.0 107.0 
1056.0 112.0 
1569.0 93.0 
869.0 119.0 
367.0 148.0 
660.0 131.0 
1029.0 113.0 
980.0 115.0 
1056.0 112.0 
1569.0 93.0 
790.0 124.0 
763.0 125.0 
1110.0 110.0 
445.0 141.0 
1029.0 113.0 
737.0 127.0 
315.0 151.0 
390.0 147.0 
393.0 145.0 
308.0 154.0 
980.0 115.0 
424.0 143.0 
969.0 116.0 
1137.0 108.0 
1407.0 99.0 
1272.0 104.0 
1218.0 106.0 
1353.0 101.0 
1245.0 105.0 
1542.0 94.0 
1515.0 95.0 
1326.0 102.0 
1461.0 97.0 
1488.0 96.0 
1434.0 98.0 
1299.0 103.0 
1380.0 100.0 
1245.0 105.0 
1542.0 94.0 
1434.0 98.0 
1272.0 104.0 
1407.0 99.0 
1353.0 101.0 
1299.0 103.0 
1488.0 96.0 
1218.0 106.0 
1326.0 102.0 
790.0 124.0 
1461.0 97.0 
1191.0 107.0 
1515.0 95.0 
1380.0 100.0 
763.0 125.0 
312.0 153.0 
712.0 130.0 
445.0 141.0 
424.0 143.0 
413.0 144.0 
969.0 116.0 
950.0 118.0 
413.0 144.0 
308.0 154.0 
393.0 145.0 
312.0 153.0 
390.0 147.0 
1623.0 91.0 
499.0 138.0 
445.0 141.0 
367.0 148.0 
1569.0 93.0 
1056.0 112.0 
1029.0 113.0 
1110.0 110.0 
869.0 119.0 
737.0 127.0 
315.0 151.0 
980.0 115.0 
1137.0 108.0 
660.0 131.0 
790.0 124.0 
1434.0 98.0 
1488.0 96.0 
