727.0 130.0 
727.0 130.0 
335.0 163.0 
336.0 161.0 
656.0 134.0 
563.0 140.0 
920.0 120.0 
285.0 191.0 
1359.0 106.0 
1389.0 105.0 
329.0 168.0 
682.0 132.0 
336.0 161.0 
1389.0 105.0 
625.0 138.0 
1169.0 112.0 
1081.0 115.0 
1592.0 97.0 
285.0 191.0 
1031.0 119.0 
1359.0 106.0 
459.0 147.0 
625.0 138.0 
563.0 140.0 
376.0 155.0 
563.0 140.0 
632.0 136.0 
1099.0 114.0 
1666.0 95.0 
1031.0 119.0 
656.0 134.0 
1169.0 112.0 
501.0 145.0 
418.0 151.0 
1031.0 119.0 
1223.0 111.0 
418.0 151.0 
1224.0 110.0 
1585.0 99.0 
1585.0 99.0 
809.0 125.0 
625.0 138.0 
369.0 157.0 
285.0 191.0 
1060.0 116.0 
354.0 158.0 
911.0 121.0 
1224.0 110.0 
1106.0 113.0 
682.0 132.0 
766.0 129.0 
870.0 122.0 
920.0 120.0 
1224.0 110.0 
767.0 128.0 
1081.0 115.0 
911.0 121.0 
835.0 123.0 
630.0 137.0 
1423.0 102.0 
1404.0 104.0 
1224.0 110.0 
1463.0 100.0 
1031.0 119.0 
1359.0 106.0 
1268.0 107.0 
397.0 154.0 
682.0 132.0 
656.0 134.0 
303.0 176.0 
498.0 146.0 
766.0 129.0 
548.0 141.0 
518.0 143.0 
1666.0 96.0 
285.0 192.0 
285.0 192.0 
1047.0 119.0 
1592.0 98.0 
304.0 176.0 
339.0 164.0 
629.0 138.0 
512.0 147.0 
437.0 152.0 
304.0 176.0 
1130.0 114.0 
377.0 156.0 
938.0 120.0 
1224.0 111.0 
348.0 161.0 
1463.0 101.0 
659.0 134.0 
727.0 131.0 
1295.0 107.0 
868.0 124.0 
697.0 133.0 
1137.0 113.0 
558.0 142.0 
558.0 142.0 
1362.0 106.0 
