99.0 77.0 
155.0 50.0 
191.0 48.0 
133.0 71.0 
138.0 66.0 
95.0 86.0 
142.0 60.0 
101.0 83.0 
106.0 82.0 
130.0 80.0 
169.0 58.0 
179.0 50.0 
173.0 54.0 
134.0 77.0 
137.0 75.0 
146.0 60.0 
146.0 60.0 
176.0 55.0 
262.0 54.0 
140.0 76.0 
140.0 76.0 
153.0 60.0 
146.0 62.0 
146.0 62.0 
153.0 60.0 
186.0 55.0 
181.0 59.0 
186.0 55.0 
184.0 58.0 
145.0 85.0 
167.0 65.0 
158.0 68.0 
182.0 59.0 
212.0 57.0 
219.0 56.0 
145.0 90.0 
157.0 86.0 
146.0 89.0 
169.0 67.0 
169.0 67.0 
169.0 67.0 
165.0 73.0 
160.0 83.0 
199.0 64.0 
191.0 65.0 
183.0 66.0 
199.0 64.0 
191.0 65.0 
216.0 59.0 
212.0 62.0 
228.0 57.0 
220.0 58.0 
179.0 72.0 
169.0 75.0 
167.0 79.0 
171.0 73.0 
161.0 102.0 
200.0 64.0 
200.0 64.0 
217.0 59.0 
216.0 61.0 
222.0 58.0 
170.0 76.0 
179.0 74.0 
182.0 73.0 
215.0 70.0 
201.0 71.0 
216.0 68.0 
221.0 61.0 
218.0 66.0 
228.0 58.0 
228.0 58.0 
177.0 76.0 
171.0 79.0 
200.0 73.0 
189.0 75.0 
204.0 72.0 
205.0 71.0 
219.0 66.0 
234.0 64.0 
182.0 77.0 
181.0 78.0 
181.0 78.0 
172.0 87.0 
175.0 79.0 
191.0 76.0 
203.0 75.0 
207.0 73.0 
216.0 71.0 
221.0 66.0 
256.0 64.0 
186.0 77.0 
185.0 78.0 
182.0 81.0 
266.0 64.0 
182.0 84.0 
228.0 69.0 
188.0 77.0 
210.0 76.0 
215.0 73.0 
