2017.0 627.0 
2125.0 581.0 
2004.0 638.0 
2141.0 580.0 
2198.0 577.0 
2098.0 584.0 
2031.0 604.0 
2177.0 579.0 
2007.0 634.0 
2203.0 572.0 
2027.0 616.0 
2073.0 598.0 
2198.0 577.0 
2125.0 581.0 
2026.0 624.0 
2004.0 638.0 
2021.0 632.0 
2161.0 580.0 
2161.0 580.0 
2100.0 585.0 
2045.0 606.0 
2045.0 606.0 
2017.0 636.0 
2214.0 572.0 
2208.0 574.0 
2214.0 572.0 
2041.0 620.0 
2150.0 582.0 
2144.0 584.0 
2031.0 625.0 
2011.0 638.0 
2008.0 640.0 
2008.0 640.0 
2011.0 638.0 
2022.0 632.0 
2119.0 587.0 
2101.0 599.0 
2049.0 618.0 
2063.0 608.0 
2050.0 609.0 
2083.0 607.0 
2089.0 606.0 
2208.0 575.0 
2214.0 574.0 
2045.0 622.0 
2045.0 622.0 
2151.0 583.0 
2151.0 583.0 
2151.0 583.0 
2206.0 582.0 
2206.0 582.0 
2039.0 627.0 
2039.0 627.0 
2040.0 626.0 
2031.0 631.0 
2039.0 627.0 
2012.0 641.0 
2029.0 632.0 
2024.0 638.0 
2022.0 639.0 
2122.0 598.0 
2127.0 594.0 
2132.0 590.0 
2135.0 589.0 
2125.0 597.0 
2119.0 601.0 
2052.0 613.0 
2052.0 613.0 
2081.0 610.0 
2081.0 610.0 
2069.0 611.0 
2052.0 613.0 
2100.0 606.0 
2095.0 608.0 
2208.0 576.0 
2208.0 576.0 
2208.0 576.0 
2214.0 575.0 
2048.0 622.0 
2155.0 583.0 
2154.0 584.0 
2039.0 631.0 
2040.0 628.0 
2046.0 627.0 
2046.0 627.0 
2020.0 645.0 
2015.0 647.0 
2226.0 575.0 
2016.0 652.0 
2179.0 583.0 
2073.0 611.0 
2025.0 646.0 
2030.0 634.0 
2142.0 589.0 
2213.0 580.0 
2120.0 602.0 
2108.0 607.0 
2052.0 616.0 
2123.0 598.0 
2050.0 629.0 
