5443.0 1342.0 
5421.0 1369.0 
8448.0 1314.0 
5832.0 1353.0 
5620.0 1505.0 
5823.0 1431.0 
5946.0 1414.0 
5974.0 1356.0 
5665.0 1594.0 
5816.0 1540.0 
7626.0 1360.0 
6283.0 1371.0 
6678.0 1361.0 
6039.0 1378.0 
6678.0 1361.0 
6283.0 1374.0 
6045.0 1549.0 
6199.0 1412.0 
6045.0 1549.0 
6073.0 1486.0 
6089.0 1416.0 
6668.0 1401.0 
6807.0 1387.0 
6807.0 1387.0 
6141.0 1422.0 
6714.0 1413.0 
6703.0 1418.0 
7521.0 1395.0 
6852.0 1411.0 
6485.0 1425.0 
6237.0 1455.0 
6220.0 1574.0 
6171.0 1844.0 
8248.0 1403.0 
8171.0 1414.0 
6504.0 1430.0 
6941.0 1426.0 
6335.0 1497.0 
6488.0 1479.0 
6396.0 1485.0 
6564.0 1452.0 
6751.0 1445.0 
6552.0 1478.0 
7422.0 1429.0 
9444.0 1428.0 
6344.0 1506.0 
6457.0 1487.0 
6454.0 1498.0 
6737.0 1475.0 
6764.0 1455.0 
6764.0 1455.0 
7278.0 1451.0 
6623.0 1480.0 
6350.0 1627.0 
6352.0 1623.0 
6408.0 1615.0 
6435.0 1525.0 
6547.0 1497.0 
6876.0 1466.0 
6897.0 1456.0 
6718.0 1487.0 
6515.0 1577.0 
6456.0 1594.0 
6573.0 1498.0 
6879.0 1481.0 
8165.0 1461.0 
7091.0 1471.0 
7086.0 1479.0 
7903.0 1466.0 
6854.0 1494.0 
6854.0 1494.0 
6556.0 1714.0 
6556.0 1714.0 
6604.0 1501.0 
6584.0 1592.0 
6594.0 1507.0 
7690.0 1475.0 
7690.0 1475.0 
7690.0 1475.0 
7105.0 1478.0 
7052.0 1498.0 
6609.0 1506.0 
6941.0 1503.0 
7266.0 1480.0 
7115.0 1500.0 
6629.0 1514.0 
6791.0 1513.0 
7424.0 1484.0 
7152.0 1506.0 
6737.0 1528.0 
6636.0 1557.0 
6847.0 1516.0 
6804.0 1523.0 
7003.0 1515.0 
7910.0 1487.0 
6643.0 1962.0 
6662.0 1862.0 
6668.0 1597.0 
7536.0 1509.0 
7198.0 1512.0 
