75.0 53.0 
66.0 57.0 
64.0 71.0 
89.0 38.0 
81.0 41.0 
81.0 41.0 
79.0 53.0 
76.0 55.0 
76.0 55.0 
66.0 61.0 
68.0 58.0 
95.0 39.0 
82.0 45.0 
82.0 45.0 
88.0 41.0 
81.0 47.0 
81.0 47.0 
78.0 56.0 
78.0 56.0 
79.0 55.0 
68.0 100.0 
71.0 65.0 
70.0 76.0 
68.0 100.0 
71.0 65.0 
69.0 86.0 
73.0 58.0 
104.0 40.0 
104.0 40.0 
106.0 39.0 
86.0 45.0 
86.0 45.0 
86.0 45.0 
88.0 42.0 
96.0 41.0 
81.0 52.0 
82.0 48.0 
79.0 56.0 
71.0 69.0 
70.0 87.0 
70.0 87.0 
70.0 87.0 
76.0 58.0 
73.0 59.0 
107.0 39.0 
86.0 46.0 
86.0 46.0 
89.0 42.0 
88.0 45.0 
102.0 41.0 
81.0 53.0 
81.0 53.0 
84.0 50.0 
85.0 48.0 
79.0 57.0 
71.0 76.0 
70.0 117.0 
78.0 58.0 
74.0 60.0 
109.0 40.0 
109.0 40.0 
89.0 43.0 
96.0 42.0 
88.0 47.0 
104.0 41.0 
83.0 53.0 
84.0 51.0 
84.0 51.0 
84.0 51.0 
85.0 49.0 
86.0 48.0 
71.0 81.0 
72.0 77.0 
82.0 58.0 
74.0 63.0 
75.0 60.0 
74.0 63.0 
110.0 40.0 
91.0 44.0 
90.0 46.0 
92.0 43.0 
98.0 42.0 
98.0 42.0 
105.0 41.0 
83.0 55.0 
83.0 55.0 
84.0 52.0 
84.0 52.0 
89.0 49.0 
71.0 103.0 
116.0 40.0 
116.0 40.0 
75.0 61.0 
72.0 85.0 
72.0 85.0 
92.0 45.0 
83.0 59.0 
99.0 42.0 
107.0 41.0 
107.0 41.0 
