47.0 14.0 
61.0 13.0 
47.0 17.0 
56.0 14.0 
72.0 13.0 
47.0 20.0 
53.0 17.0 
63.0 15.0 
60.0 16.0 
66.0 14.0 
48.0 21.0 
55.0 18.0 
61.0 17.0 
64.0 16.0 
73.0 14.0 
67.0 15.0 
52.0 21.0 
49.0 31.0 
52.0 21.0 
57.0 18.0 
55.0 20.0 
55.0 20.0 
65.0 17.0 
68.0 15.0 
67.0 16.0 
51.0 33.0 
51.0 33.0 
52.0 22.0 
60.0 18.0 
60.0 18.0 
66.0 17.0 
66.0 17.0 
66.0 17.0 
69.0 15.0 
53.0 34.0 
55.0 23.0 
54.0 26.0 
55.0 23.0 
62.0 19.0 
61.0 20.0 
60.0 21.0 
61.0 20.0 
63.0 18.0 
68.0 17.0 
68.0 17.0 
68.0 17.0 
75.0 16.0 
79.0 15.0 
75.0 16.0 
58.0 23.0 
56.0 25.0 
55.0 33.0 
58.0 23.0 
61.0 22.0 
64.0 18.0 
63.0 21.0 
63.0 21.0 
63.0 21.0 
78.0 16.0 
57.0 25.0 
56.0 26.0 
55.0 37.0 
61.0 24.0 
61.0 24.0 
67.0 18.0 
64.0 19.0 
67.0 18.0 
63.0 23.0 
91.0 17.0 
91.0 17.0 
56.0 34.0 
58.0 27.0 
61.0 26.0 
62.0 24.0 
62.0 24.0 
61.0 26.0 
64.0 20.0 
67.0 19.0 
75.0 18.0 
67.0 19.0 
75.0 18.0 
56.0 35.0 
56.0 35.0 
60.0 27.0 
58.0 31.0 
63.0 25.0 
63.0 25.0 
66.0 21.0 
64.0 22.0 
64.0 22.0 
66.0 21.0 
70.0 19.0 
76.0 18.0 
76.0 18.0 
58.0 33.0 
58.0 33.0 
84.0 18.0 
71.0 19.0 
62.0 27.0 
68.0 21.0 
