59.0 50.0 
130.0 27.0 
61.0 48.0 
109.0 33.0 
50.0 59.0 
60.0 49.0 
72.0 45.0 
72.0 45.0 
75.0 44.0 
114.0 30.0 
100.0 35.0 
55.0 52.0 
79.0 43.0 
54.0 54.0 
52.0 58.0 
96.0 36.0 
136.0 26.0 
109.0 33.0 
84.0 42.0 
90.0 41.0 
94.0 39.0 
55.0 52.0 
67.0 46.0 
72.0 45.0 
130.0 27.0 
50.0 59.0 
62.0 48.0 
62.0 48.0 
61.0 50.0 
76.0 44.0 
76.0 44.0 
117.0 30.0 
117.0 30.0 
117.0 30.0 
117.0 30.0 
117.0 30.0 
81.0 43.0 
81.0 43.0 
54.0 55.0 
54.0 55.0 
53.0 58.0 
53.0 58.0 
102.0 37.0 
103.0 36.0 
102.0 37.0 
103.0 36.0 
97.0 38.0 
138.0 26.0 
138.0 26.0 
138.0 26.0 
138.0 26.0 
109.0 34.0 
109.0 34.0 
115.0 33.0 
90.0 42.0 
90.0 42.0 
94.0 40.0 
94.0 40.0 
58.0 52.0 
55.0 53.0 
58.0 52.0 
71.0 46.0 
68.0 47.0 
71.0 46.0 
71.0 46.0 
71.0 46.0 
71.0 46.0 
74.0 45.0 
74.0 45.0 
133.0 27.0 
130.0 28.0 
133.0 27.0 
50.0 62.0 
51.0 59.0 
139.0 26.0 
51.0 60.0 
51.0 60.0 
82.0 43.0 
122.0 30.0 
134.0 29.0 
61.0 51.0 
54.0 57.0 
95.0 41.0 
65.0 48.0 
99.0 38.0 
97.0 40.0 
110.0 34.0 
116.0 33.0 
52.0 59.0 
117.0 31.0 
103.0 37.0 
59.0 52.0 
72.0 46.0 
65.0 48.0 
137.0 28.0 
55.0 54.0 
104.0 36.0 
110.0 34.0 
72.0 46.0 
77.0 44.0 
