261.0 201.0 
261.0 201.0 
1780.0 96.0 
1730.0 100.0 
1538.0 105.0 
1324.0 113.0 
850.0 139.0 
419.0 170.0 
609.0 154.0 
304.0 189.0 
473.0 157.0 
284.0 192.0 
1538.0 105.0 
870.0 135.0 
322.0 179.0 
1214.0 117.0 
1349.0 112.0 
323.0 176.0 
1110.0 123.0 
895.0 132.0 
762.0 140.0 
445.0 160.0 
1433.0 111.0 
711.0 144.0 
1464.0 107.0 
1214.0 117.0 
435.0 166.0 
1054.0 124.0 
364.0 173.0 
1169.0 119.0 
1133.0 121.0 
1458.0 109.0 
1054.0 124.0 
982.0 127.0 
364.0 173.0 
920.0 130.0 
1755.0 98.0 
686.0 146.0 
975.0 128.0 
632.0 149.0 
435.0 166.0 
284.0 192.0 
322.0 179.0 
304.0 189.0 
624.0 152.0 
609.0 154.0 
737.0 142.0 
920.0 130.0 
1763.0 97.0 
470.0 158.0 
737.0 142.0 
982.0 127.0 
473.0 157.0 
1162.0 120.0 
684.0 147.0 
657.0 148.0 
762.0 140.0 
657.0 148.0 
1433.0 111.0 
624.0 152.0 
448.0 159.0 
975.0 128.0 
1464.0 107.0 
632.0 149.0 
1162.0 120.0 
448.0 159.0 
684.0 147.0 
261.0 201.0 
1214.0 117.0 
364.0 173.0 
284.0 192.0 
322.0 179.0 
304.0 189.0 
609.0 154.0 
982.0 127.0 
473.0 157.0 
1162.0 120.0 
762.0 140.0 
624.0 152.0 
632.0 149.0 
684.0 147.0 
261.0 201.0 
364.0 173.0 
473.0 157.0 
304.0 189.0 
762.0 140.0 
632.0 149.0 
624.0 152.0 
982.0 127.0 
261.0 201.0 
473.0 157.0 
304.0 189.0 
364.0 173.0 
624.0 152.0 
261.0 201.0 
364.0 173.0 
304.0 189.0 
261.0 201.0 
364.0 173.0 
261.0 201.0 
