2120.0 493.0 
1956.0 599.0 
2120.0 493.0 
2121.0 491.0 
1956.0 599.0 
2073.0 501.0 
1993.0 529.0 
2181.0 483.0 
2120.0 493.0 
1956.0 599.0 
2014.0 524.0 
2017.0 523.0 
1921.0 617.0 
1931.0 608.0 
1962.0 561.0 
2023.0 522.0 
2092.0 496.0 
2127.0 487.0 
1930.0 612.0 
2120.0 493.0 
2121.0 491.0 
2028.0 517.0 
2017.0 523.0 
1921.0 617.0 
2120.0 493.0 
1925.0 614.0 
2181.0 483.0 
2121.0 491.0 
1967.0 544.0 
1967.0 544.0 
2044.0 506.0 
2223.0 473.0 
1971.0 538.0 
2121.0 491.0 
2197.0 480.0 
2084.0 500.0 
1930.0 612.0 
2260.0 468.0 
1974.0 535.0 
1988.0 534.0 
1924.0 616.0 
2068.0 502.0 
2161.0 484.0 
2127.0 487.0 
1956.0 599.0 
1994.0 530.0 
1994.0 530.0 
2015.0 526.0 
1953.0 611.0 
1953.0 611.0 
1962.0 571.0 
2036.0 517.0 
2036.0 517.0 
2032.0 522.0 
2036.0 517.0 
2020.0 524.0 
2019.0 525.0 
2192.0 483.0 
2192.0 483.0 
1968.0 545.0 
1967.0 553.0 
2044.0 515.0 
2225.0 474.0 
2125.0 491.0 
2207.0 482.0 
2207.0 482.0 
2085.0 501.0 
1944.0 613.0 
1935.0 615.0 
2261.0 469.0 
1975.0 542.0 
1975.0 542.0 
1977.0 537.0 
1991.0 534.0 
1990.0 536.0 
1991.0 534.0 
1930.0 616.0 
1924.0 617.0 
2072.0 503.0 
2072.0 503.0 
2072.0 503.0 
2072.0 503.0 
2072.0 503.0 
2068.0 504.0 
2189.0 485.0 
2149.0 489.0 
2152.0 487.0 
1957.0 600.0 
1958.0 599.0 
2265.0 469.0 
1933.0 616.0 
1933.0 616.0 
1964.0 575.0 
1962.0 603.0 
2119.0 501.0 
2177.0 488.0 
1977.0 541.0 
1970.0 554.0 
2204.0 484.0 
2085.0 502.0 
