39.0 23.0 
35.0 27.0 
28.0 30.0 
43.0 23.0 
37.0 28.0 
38.0 27.0 
30.0 31.0 
34.0 30.0 
43.0 25.0 
41.0 28.0 
40.0 29.0 
33.0 31.0 
39.0 30.0 
39.0 30.0 
39.0 30.0 
45.0 25.0 
43.0 26.0 
36.0 32.0 
42.0 31.0 
43.0 30.0 
44.0 28.0 
40.0 32.0 
36.0 34.0 
44.0 29.0 
44.0 29.0 
46.0 28.0 
46.0 28.0 
41.0 32.0 
41.0 32.0 
37.0 35.0 
40.0 34.0 
45.0 31.0 
45.0 31.0 
47.0 29.0 
48.0 28.0 
43.0 32.0 
37.0 37.0 
37.0 37.0 
41.0 35.0 
47.0 31.0 
48.0 30.0 
44.0 32.0 
38.0 39.0 
42.0 35.0 
50.0 31.0 
50.0 31.0 
45.0 33.0 
44.0 34.0 
45.0 33.0 
44.0 34.0 
44.0 34.0 
45.0 33.0 
45.0 33.0 
45.0 33.0 
44.0 34.0 
46.0 32.0 
40.0 39.0 
40.0 39.0 
40.0 39.0 
39.0 41.0 
42.0 36.0 
43.0 35.0 
51.0 31.0 
51.0 31.0 
47.0 33.0 
47.0 33.0 
42.0 43.0 
43.0 36.0 
51.0 32.0 
54.0 31.0 
49.0 33.0 
48.0 34.0 
44.0 36.0 
43.0 37.0 
43.0 37.0 
44.0 36.0 
54.0 32.0 
54.0 32.0 
52.0 33.0 
51.0 34.0 
48.0 35.0 
43.0 38.0 
43.0 38.0 
45.0 37.0 
54.0 33.0 
54.0 33.0 
52.0 34.0 
52.0 34.0 
49.0 35.0 
48.0 36.0 
43.0 39.0 
43.0 39.0 
46.0 37.0 
55.0 33.0 
55.0 33.0 
43.0 40.0 
48.0 38.0 
50.0 35.0 
44.0 39.0 
49.0 36.0 
