18.0 10.0 
34.0 5.0 
18.0 10.0 
23.0 7.0 
12.0 12.0 
36.0 5.0 
35.0 6.0 
36.0 5.0 
19.0 10.0 
19.0 10.0 
19.0 10.0 
30.0 7.0 
24.0 9.0 
12.0 13.0 
18.0 12.0 
36.0 6.0 
20.0 10.0 
20.0 10.0 
30.0 8.0 
30.0 8.0 
32.0 7.0 
29.0 9.0 
14.0 15.0 
15.0 14.0 
42.0 6.0 
25.0 10.0 
20.0 11.0 
34.0 7.0 
32.0 8.0 
30.0 9.0 
14.0 18.0 
18.0 14.0 
15.0 15.0 
22.0 11.0 
21.0 12.0 
35.0 7.0 
32.0 10.0 
32.0 10.0 
32.0 10.0 
19.0 14.0 
19.0 14.0 
15.0 16.0 
17.0 15.0 
17.0 15.0 
25.0 11.0 
24.0 12.0 
22.0 13.0 
37.0 8.0 
37.0 8.0 
42.0 7.0 
37.0 8.0 
34.0 10.0 
20.0 14.0 
20.0 14.0 
20.0 14.0 
20.0 14.0 
15.0 21.0 
16.0 16.0 
15.0 21.0 
15.0 21.0 
19.0 15.0 
33.0 11.0 
25.0 12.0 
43.0 7.0 
38.0 8.0 
38.0 8.0 
37.0 9.0 
38.0 8.0 
22.0 14.0 
22.0 14.0 
16.0 17.0 
16.0 17.0 
16.0 17.0 
15.0 22.0 
20.0 16.0 
27.0 12.0 
27.0 12.0 
27.0 12.0 
52.0 7.0 
41.0 8.0 
38.0 10.0 
39.0 9.0 
22.0 15.0 
22.0 15.0 
23.0 14.0 
23.0 14.0 
17.0 17.0 
17.0 17.0 
17.0 17.0 
16.0 18.0 
43.0 8.0 
43.0 8.0 
16.0 19.0 
24.0 14.0 
18.0 17.0 
30.0 12.0 
27.0 13.0 
38.0 11.0 
40.0 9.0 
38.0 11.0 
