295.0 199.0 
1734.0 84.0 
1734.0 84.0 
295.0 199.0 
353.0 170.0 
1052.0 108.0 
527.0 140.0 
419.0 145.0 
348.0 178.0 
1321.0 98.0 
1189.0 105.0 
374.0 159.0 
1594.0 89.0 
949.0 116.0 
927.0 121.0 
1028.0 112.0 
314.0 196.0 
391.0 154.0 
1437.0 95.0 
324.0 186.0 
1214.0 103.0 
721.0 131.0 
1278.0 102.0 
658.0 132.0 
419.0 145.0 
391.0 154.0 
1001.0 115.0 
330.0 182.0 
1548.0 92.0 
374.0 159.0 
1321.0 98.0 
878.0 122.0 
1653.0 87.0 
1490.0 93.0 
767.0 127.0 
1680.0 86.0 
580.0 139.0 
629.0 136.0 
878.0 122.0 
826.0 124.0 
1437.0 95.0 
1189.0 105.0 
614.0 138.0 
1549.0 91.0 
826.0 124.0 
794.0 125.0 
326.0 183.0 
1278.0 102.0 
629.0 136.0 
1680.0 86.0 
736.0 129.0 
1653.0 87.0 
324.0 186.0 
580.0 139.0 
658.0 132.0 
794.0 125.0 
763.0 128.0 
1490.0 93.0 
1463.0 94.0 
1001.0 115.0 
1463.0 94.0 
299.0 198.0 
736.0 129.0 
614.0 138.0 
1549.0 91.0 
302.0 197.0 
314.0 196.0 
763.0 128.0 
302.0 197.0 
878.0 122.0 
324.0 186.0 
374.0 159.0 
826.0 124.0 
580.0 139.0 
794.0 125.0 
1463.0 94.0 
302.0 197.0 
614.0 138.0 
736.0 129.0 
763.0 128.0 
1549.0 91.0 
878.0 122.0 
374.0 159.0 
826.0 124.0 
736.0 129.0 
302.0 197.0 
1463.0 94.0 
614.0 138.0 
763.0 128.0 
826.0 124.0 
736.0 129.0 
302.0 197.0 
1463.0 94.0 
614.0 138.0 
826.0 124.0 
614.0 138.0 
1437.0 95.0 
614.0 138.0 
302.0 197.0 
324.0 186.0 
