100.0 29.0 
54.0 75.0 
78.0 45.0 
47.0 83.0 
52.0 77.0 
38.0 84.0 
55.0 60.0 
100.0 29.0 
82.0 42.0 
78.0 52.0 
53.0 81.0 
54.0 77.0 
50.0 86.0 
60.0 62.0 
64.0 61.0 
59.0 72.0 
159.0 33.0 
101.0 34.0 
99.0 44.0 
96.0 45.0 
92.0 50.0 
85.0 51.0 
79.0 52.0 
54.0 82.0 
74.0 65.0 
67.0 68.0 
62.0 74.0 
61.0 75.0 
131.0 35.0 
110.0 38.0 
131.0 35.0 
101.0 44.0 
80.0 61.0 
91.0 54.0 
81.0 55.0 
58.0 82.0 
77.0 67.0 
67.0 73.0 
61.0 79.0 
125.0 39.0 
115.0 41.0 
144.0 35.0 
105.0 45.0 
105.0 45.0 
80.0 65.0 
80.0 65.0 
94.0 54.0 
83.0 57.0 
92.0 55.0 
60.0 87.0 
75.0 74.0 
72.0 76.0 
63.0 79.0 
139.0 39.0 
117.0 42.0 
187.0 36.0 
187.0 36.0 
155.0 37.0 
109.0 47.0 
108.0 48.0 
113.0 46.0 
82.0 68.0 
87.0 65.0 
87.0 65.0 
88.0 60.0 
105.0 55.0 
94.0 58.0 
61.0 88.0 
60.0 97.0 
75.0 75.0 
74.0 76.0 
65.0 87.0 
65.0 87.0 
68.0 84.0 
125.0 43.0 
168.0 39.0 
109.0 48.0 
82.0 74.0 
83.0 68.0 
87.0 66.0 
90.0 60.0 
90.0 60.0 
88.0 63.0 
106.0 57.0 
99.0 59.0 
61.0 89.0 
81.0 76.0 
75.0 82.0 
72.0 86.0 
72.0 86.0 
70.0 87.0 
70.0 87.0 
144.0 45.0 
157.0 43.0 
128.0 47.0 
183.0 42.0 
109.0 51.0 
64.0 95.0 
167.0 43.0 
90.0 61.0 
