45.0 54.0 
120.0 26.0 
45.0 54.0 
53.0 48.0 
74.0 38.0 
74.0 38.0 
68.0 40.0 
82.0 36.0 
67.0 42.0 
96.0 32.0 
82.0 36.0 
104.0 30.0 
94.0 33.0 
88.0 34.0 
98.0 31.0 
114.0 27.0 
62.0 43.0 
61.0 44.0 
114.0 27.0 
59.0 46.0 
108.0 29.0 
86.0 35.0 
55.0 47.0 
49.0 50.0 
104.0 30.0 
110.0 28.0 
68.0 40.0 
49.0 50.0 
88.0 34.0 
98.0 31.0 
55.0 47.0 
110.0 28.0 
108.0 29.0 
94.0 33.0 
86.0 35.0 
62.0 43.0 
46.0 53.0 
48.0 51.0 
60.0 45.0 
47.0 52.0 
48.0 51.0 
47.0 52.0 
59.0 46.0 
67.0 42.0 
46.0 53.0 
60.0 45.0 
45.0 54.0 
74.0 38.0 
114.0 27.0 
104.0 30.0 
49.0 50.0 
110.0 28.0 
88.0 34.0 
98.0 31.0 
55.0 47.0 
94.0 33.0 
108.0 29.0 
62.0 43.0 
86.0 35.0 
47.0 52.0 
59.0 46.0 
60.0 45.0 
46.0 53.0 
67.0 42.0 
48.0 51.0 
45.0 54.0 
114.0 27.0 
86.0 35.0 
104.0 30.0 
49.0 50.0 
88.0 34.0 
98.0 31.0 
55.0 47.0 
108.0 29.0 
94.0 33.0 
67.0 42.0 
46.0 53.0 
48.0 51.0 
59.0 46.0 
60.0 45.0 
45.0 54.0 
114.0 27.0 
49.0 50.0 
94.0 33.0 
86.0 35.0 
46.0 53.0 
108.0 29.0 
98.0 31.0 
55.0 47.0 
60.0 45.0 
67.0 42.0 
59.0 46.0 
45.0 54.0 
114.0 27.0 
94.0 33.0 
108.0 29.0 
46.0 53.0 
98.0 31.0 
55.0 47.0 
59.0 46.0 
